n = 20 ; 
T = 24 ; 
Init = [ 0 0 0 0 0 0 0 1 1 1 1 1 1 1 1 1 1 1 1 1 ]
L = [ 6 6 5 5 5 5 5 5 5 5 5 3 3 8 8 8 8 8 8 4 ]
l = [ 6 6 5 5 5 5 5 5 5 5 5 3 3 8 8 8 8 8 8 4 ]
Pmin = [ 71 71 52 52 52 52 52 55 55 55 55 35 35 90 90 90 90 90 90 38 ]
Pmax = [ 271 271 201 201 201 201 201 199 199 199 199 122 122 346 346 346 346 346 346 142 ]
cf = [ 26.0848 26.0848 59.1658 59.1658 59.1658 59.1658 59.1658 60.063 60.063 60.063 60.063 48.7948 48.7948 32.7203 32.7203 32.7203 32.7203 32.7203 32.7203 42.2198 ]
c0 = [ 200 200 153 153 153 153 153 162 162 162 162 110 110 245 245 245 245 245 245 111 ]
cp = [ 24.4349 24.4349 21.3128 21.3128 21.3128 21.3128 21.3128 28.0208 28.0208 28.0208 28.0208 28.1879 28.1879 23.0208 23.0208 23.0208 23.0208 23.0208 23.0208 36.8061 ]
D = [ 1133 1376 1668 1809 2076 2383 2619 2795 3104 3307 3625 3963 4131 3847 3471 3026 2760 2363 2750 2987 3395 2900 2179 1739 ]
K = 6
nk = [ 1 1 2 2 2 2 2 3 3 3 3 4 4 5 5 5 5 5 5 6 ]
First = [ 1 0 1 0 0 0 0 1 0 0 0 1 0 1 0 0 0 0 0 1 ]
Last = [ 0 1 0 0 0 0 1 0 0 0 1 0 1 0 0 0 0 0 1 1 ]
nS = 1
S = [ 6.92057e-310 6.92057e-310 0 0 0 0 0 0 0 0 0 0 0 0 0 0 0 0 0 0 ]
