n = 20 ; 
T = 24 ; 
Init = [ 0 0 0 0 0 0 1 1 1 1 0 0 0 0 0 0 1 1 1 1 ]
L = [ 5 5 5 5 5 5 3 3 3 3 6 4 3 3 8 8 6 6 6 6 ]
l = [ 5 5 5 5 5 5 3 3 3 3 6 4 3 3 8 8 6 6 6 6 ]
Pmin = [ 51 51 51 51 51 51 18 18 18 18 65 33 30 30 88 88 62 62 62 62 ]
Pmax = [ 190 190 190 190 190 190 58 58 58 58 239 118 95 95 363 363 241 241 241 241 ]
cf = [ 61.7994 61.7994 61.7994 61.7994 61.7994 61.7994 11.5795 11.5795 11.5795 11.5795 36.5437 13.4244 29.0435 29.0435 25.6891 25.6891 22.8197 22.8197 22.8197 22.8197 ]
c0 = [ 133 133 133 133 133 133 56 56 56 56 177 109 89 89 228 228 167 167 167 167 ]
cp = [ 38.3114 38.3114 38.3114 38.3114 38.3114 38.3114 39.6702 39.6702 39.6702 39.6702 32.0186 32.4107 34.2585 34.2585 12.91 12.91 20.6043 20.6043 20.6043 20.6043 ]
D = [ 900 1150 1351 1452 1683 1914 2006 2266 2410 2593 2889 3025 3201 2909 2648 2249 2015 1636 2070 2289 2606 2311 1781 1451 ]
K = 7
nk = [ 1 1 1 1 1 1 2 2 2 2 3 4 5 5 6 6 7 7 7 7 ]
First = [ 1 0 0 0 0 0 1 0 0 0 1 1 1 0 1 0 1 0 0 0 ]
Last = [ 0 0 0 0 0 1 0 0 0 1 1 1 0 1 0 1 0 0 0 1 ]
nS = 1
S = [ 6.92057e-310 6.92057e-310 0 0 0 0 0 0 0 0 0 0 0 0 0 0 0 0 0 0 ]
