n = 20 ; 
T = 24 ; 
Init = [ 0 0 0 0 0 0 0 0 0 0 1 1 1 1 1 1 1 1 0 1 ]
L = [ 9 9 9 9 6 6 6 6 6 9 3 3 3 3 8 8 8 8 3 7 ]
l = [ 9 9 9 9 6 6 6 6 6 9 3 3 3 3 8 8 8 8 3 7 ]
Pmin = [ 95 95 95 95 66 66 66 66 66 94 35 35 35 35 84 84 84 84 21 67 ]
Pmax = [ 392 392 392 392 242 242 242 242 242 391 104 104 104 104 341 341 341 341 62 264 ]
cf = [ 14.1579 14.1579 14.1579 14.1579 35.4798 35.4798 35.4798 35.4798 35.4798 25.8218 11.1528 11.1528 11.1528 11.1528 10.3449 10.3449 10.3449 10.3449 52.6251 35.648 ]
c0 = [ 250 250 250 250 170 170 170 170 170 243 95 95 95 95 216 216 216 216 65 189 ]
cp = [ 18.2509 18.2509 18.2509 18.2509 35.7857 35.7857 35.7857 35.7857 35.7857 11.9204 36.5908 36.5908 36.5908 36.5908 19.025 19.025 19.025 19.025 41.2944 12.6718 ]
D = [ 1569 1893 2124 2355 2560 2883 3164 3441 3520 3963 4237 4458 4633 4337 3931 3361 3066 2657 2961 3574 3948 3156 2443 1721 ]
K = 7
nk = [ 1 1 1 1 2 2 2 2 2 3 4 4 4 4 5 5 5 5 6 7 ]
First = [ 1 0 0 0 1 0 0 0 0 1 1 0 0 0 1 0 0 0 1 1 ]
Last = [ 0 0 0 1 0 0 0 0 1 1 0 0 0 1 0 0 0 1 1 1 ]
nS = 1
S = [ 6.92057e-310 6.92057e-310 0 0 0 0 0 0 0 0 0 0 0 0 0 0 0 0 0 0 ]
