n = 20 ; 
T = 24 ; 
Init = [ 1 1 1 1 1 1 0 0 0 0 0 0 0 0 0 0 0 0 0 0 ]
L = [ 9 9 9 9 8 8 7 7 7 7 7 7 4 4 6 2 2 5 7 7 ]
l = [ 9 9 9 9 8 8 7 7 7 7 7 7 4 4 6 2 2 5 7 7 ]
Pmin = [ 91 91 91 91 88 88 79 79 79 79 79 79 31 31 69 14 14 47 67 67 ]
Pmax = [ 380 380 380 380 333 333 291 291 291 291 291 291 101 101 248 47 47 155 251 251 ]
cf = [ 57.7482 57.7482 57.7482 57.7482 37.8383 37.8383 42.0372 42.0372 42.0372 42.0372 42.0372 42.0372 46.882 46.882 49.4192 9.45826 9.45826 25.4443 69.0559 69.0559 ]
c0 = [ 230 230 230 230 238 238 202 202 202 202 202 202 105 105 195 61 61 123 176 176 ]
cp = [ 13.1052 13.1052 13.1052 13.1052 13.1714 13.1714 19.4296 19.4296 19.4296 19.4296 19.4296 19.4296 32.3959 32.3959 29.7202 40.692 40.692 21.4767 25.588 25.588 ]
D = [ 1386 1754 1887 2232 2463 2694 2975 3141 3591 3682 4062 4382 4525 4178 3771 3324 3025 2503 2965 3478 4101 3454 2727 2123 ]
K = 8
nk = [ 1 1 1 1 2 2 3 3 3 3 3 3 4 4 5 6 6 7 8 8 ]
First = [ 1 0 0 0 1 0 1 0 0 0 0 0 1 0 1 1 0 1 1 0 ]
Last = [ 0 0 0 1 0 1 0 0 0 0 0 1 0 1 1 0 1 1 0 1 ]
nS = 1
S = [ 6.92057e-310 6.92057e-310 0 0 0 0 0 0 0 0 0 0 0 0 0 0 0 0 0 0 ]
