n = 20 ; 
T = 24 ; 
Init = [ 0 0 0 0 0 0 1 1 1 0 0 0 0 0 0 0 0 0 0 0 ]
L = [ 4 4 4 5 5 5 9 9 9 6 6 6 10 10 10 10 10 9 9 9 ]
l = [ 4 4 4 5 5 5 9 9 9 6 6 6 10 10 10 10 10 9 9 9 ]
Pmin = [ 45 45 45 44 44 44 100 100 100 65 65 65 100 100 100 100 100 93 93 93 ]
Pmax = [ 175 175 175 161 161 161 400 400 400 240 240 240 420 420 420 420 420 380 380 380 ]
cf = [ 57.6948 57.6948 57.6948 25.4227 25.4227 25.4227 16.8616 16.8616 16.8616 15.0964 15.0964 15.0964 56.6547 56.6547 56.6547 56.6547 56.6547 21.3195 21.3195 21.3195 ]
c0 = [ 133 133 133 123 123 123 250 250 250 189 189 189 250 250 250 250 250 250 250 250 ]
cp = [ 34.9879 34.9879 34.9879 34.8233 34.8233 34.8233 13.7805 13.7805 13.7805 24.0457 24.0457 24.0457 8.24861 8.24861 8.24861 8.24861 8.24861 17.1964 17.1964 17.1964 ]
D = [ 1669 1988 2498 2737 3021 3317 3579 3984 4246 4502 4822 4946 5322 5029 4396 3987 3616 3291 3677 4288 4792 4018 3219 2479 ]
K = 6
nk = [ 1 1 1 2 2 2 3 3 3 4 4 4 5 5 5 5 5 6 6 6 ]
First = [ 1 0 0 1 0 0 1 0 0 1 0 0 1 0 0 0 0 1 0 0 ]
Last = [ 0 0 1 0 0 1 0 0 1 0 0 1 0 0 0 0 1 0 0 1 ]
nS = 1
S = [ 6.92057e-310 6.92057e-310 0 0 0 0 0 0 0 0 0 0 0 0 0 0 0 0 0 0 ]
