n = 20 ; 
T = 24 ; 
Init = [ 1 1 1 1 1 1 1 1 1 0 0 0 0 0 0 0 0 0 0 0 ]
L = [ 6 6 6 6 6 6 9 9 9 9 9 9 9 9 9 2 8 8 8 8 ]
l = [ 6 6 6 6 6 6 9 9 9 9 9 9 9 9 9 2 8 8 8 8 ]
Pmin = [ 71 71 71 71 71 71 95 95 95 96 96 96 96 96 96 22 74 74 74 74 ]
Pmax = [ 269 269 269 269 269 269 389 389 389 397 397 397 397 397 397 57 299 299 299 299 ]
cf = [ 46.9794 46.9794 46.9794 46.9794 46.9794 46.9794 49.9065 49.9065 49.9065 58.0528 58.0528 58.0528 58.0528 58.0528 58.0528 42.2957 8.5451 8.5451 8.5451 8.5451 ]
c0 = [ 201 201 201 201 201 201 250 250 250 248 248 248 248 248 248 83 202 202 202 202 ]
cp = [ 26.3522 26.3522 26.3522 26.3522 26.3522 26.3522 9.82917 9.82917 9.82917 11.6352 11.6352 11.6352 11.6352 11.6352 11.6352 41.2881 21.6512 21.6512 21.6512 21.6512 ]
D = [ 1846 2094 2534 2822 3267 3451 3678 4135 4352 4772 5092 5403 5598 5247 4788 4145 3607 3084 3755 4283 4955 4327 3390 2597 ]
K = 5
nk = [ 1 1 1 1 1 1 2 2 2 3 3 3 3 3 3 4 5 5 5 5 ]
First = [ 1 0 0 0 0 0 1 0 0 1 0 0 0 0 0 1 1 0 0 0 ]
Last = [ 0 0 0 0 0 1 0 0 1 0 0 0 0 0 1 1 0 0 0 1 ]
nS = 1
S = [ 6.92057e-310 6.92057e-310 0 0 0 0 0 0 0 0 0 0 0 0 0 0 0 0 0 0 ]
