n = 20 ; 
T = 24 ; 
Init = [ 1 1 1 1 1 1 0 0 1 0 0 0 0 0 0 1 1 1 1 1 ]
L = [ 9 9 9 9 9 9 8 8 4 6 6 6 6 6 6 8 8 8 8 8 ]
l = [ 9 9 9 9 9 9 8 8 4 6 6 6 6 6 6 8 8 8 8 8 ]
Pmin = [ 96 96 96 96 96 96 83 83 35 63 63 63 63 63 63 78 78 78 78 78 ]
Pmax = [ 382 382 382 382 382 382 334 334 124 236 236 236 236 236 236 317 317 317 317 317 ]
cf = [ 19.2089 19.2089 19.2089 19.2089 19.2089 19.2089 11.724 11.724 34.1331 17.5368 17.5368 17.5368 17.5368 17.5368 17.5368 50.3504 50.3504 50.3504 50.3504 50.3504 ]
c0 = [ 249 249 249 249 249 249 224 224 98 174 174 174 174 174 174 207 207 207 207 207 ]
cp = [ 11.3432 11.3432 11.3432 11.3432 11.3432 11.3432 13.9446 13.9446 28.099 20.1781 20.1781 20.1781 20.1781 20.1781 20.1781 12.5683 12.5683 12.5683 12.5683 12.5683 ]
D = [ 1748 1944 2064 2524 2763 3061 3398 3607 3748 4021 4357 4617 4906 4574 4007 3681 3404 2792 3334 3940 4595 3703 2912 2152 ]
K = 5
nk = [ 1 1 1 1 1 1 2 2 3 4 4 4 4 4 4 5 5 5 5 5 ]
First = [ 1 0 0 0 0 0 1 0 1 1 0 0 0 0 0 1 0 0 0 0 ]
Last = [ 0 0 0 0 0 1 0 1 1 0 0 0 0 0 1 0 0 0 0 1 ]
nS = 1
S = [ 6.92057e-310 6.92057e-310 0 0 0 0 0 0 0 0 0 0 0 0 0 0 0 0 0 0 ]
