n = 20 ; 
T = 24 ; 
Init = [ 0 0 1 1 0 0 0 0 1 1 1 1 1 1 1 1 0 0 0 0 ]
L = [ 10 10 3 3 10 10 10 8 7 7 8 8 8 8 8 8 9 9 9 9 ]
l = [ 10 10 3 3 10 10 10 8 7 7 8 8 8 8 8 8 9 9 9 9 ]
Pmin = [ 100 100 30 30 100 100 100 80 76 76 87 87 87 87 87 87 100 100 100 100 ]
Pmax = [ 420 420 101 101 420 420 420 326 284 284 339 339 339 339 339 339 397 397 397 397 ]
cf = [ 29.5669 29.5669 15.0838 15.0838 18.3639 18.3639 18.3639 65.416 62.4585 62.4585 61.0422 61.0422 61.0422 61.0422 61.0422 61.0422 59.194 59.194 59.194 59.194 ]
c0 = [ 250 250 88 88 250 250 250 219 212 212 241 241 241 241 241 241 250 250 250 250 ]
cp = [ 9.80401 9.80401 31.8543 31.8543 8.48095 8.48095 8.48095 22.598 17.8159 17.8159 11.5638 11.5638 11.5638 11.5638 11.5638 11.5638 11.6516 11.6516 11.6516 11.6516 ]
D = [ 1775 2214 2547 2677 3064 3330 3763 4088 4368 4732 5044 5318 5674 5254 4746 4183 3961 3379 3892 4746 5371 4564 3581 2797 ]
K = 7
nk = [ 1 1 2 2 3 3 3 4 5 5 6 6 6 6 6 6 7 7 7 7 ]
First = [ 1 0 1 0 1 0 0 1 1 0 1 0 0 0 0 0 1 0 0 0 ]
Last = [ 0 1 0 1 0 0 1 1 0 1 0 0 0 0 0 1 0 0 0 1 ]
nS = 1
S = [ 0 0 0 0 0 0 0 0 0 0 0 0 0 0 0 0 0 0 0 0 ]
