n = 20 ; 
T = 24 ; 
Init = [ 1 1 1 1 1 1 1 1 1 1 1 1 0 0 0 0 0 0 0 0 ]
L = [ 9 9 9 4 4 3 3 3 7 7 7 6 9 9 9 9 9 9 7 7 ]
l = [ 9 9 9 4 4 3 3 3 7 7 7 6 9 9 9 9 9 9 7 7 ]
Pmin = [ 100 100 100 42 42 30 30 30 76 76 76 70 92 92 92 92 92 92 76 76 ]
Pmax = [ 395 395 395 149 149 83 83 83 289 289 289 262 376 376 376 376 376 376 304 304 ]
cf = [ 38.1441 38.1441 38.1441 58.4957 58.4957 63.4368 63.4368 63.4368 20.4155 20.4155 20.4155 62.1414 54.0854 54.0854 54.0854 54.0854 54.0854 54.0854 46.2368 46.2368 ]
c0 = [ 250 250 250 122 122 104 104 104 209 209 209 184 250 250 250 250 250 250 198 198 ]
cp = [ 18.2057 18.2057 18.2057 27.903 27.903 38.0187 38.0187 38.0187 17.1296 17.1296 17.1296 25.6834 12.2792 12.2792 12.2792 12.2792 12.2792 12.2792 14.3704 14.3704 ]
D = [ 1233 1473 1965 2106 2421 2701 3088 3249 3546 4006 4089 4357 4788 4336 3962 3533 3185 2685 3386 4019 4579 3705 3112 2214 ]
K = 7
nk = [ 1 1 1 2 2 3 3 3 4 4 4 5 6 6 6 6 6 6 7 7 ]
First = [ 1 0 0 1 0 1 0 0 1 0 0 1 1 0 0 0 0 0 1 0 ]
Last = [ 0 0 1 0 1 0 0 1 0 0 1 1 0 0 0 0 0 1 0 1 ]
nS = 1
S = [ 6.92057e-310 6.92057e-310 0 0 0 0 0 0 0 0 0 0 0 0 0 0 0 0 0 0 ]
