n = 20 ; 
T = 24 ; 
Init = [ 0 1 1 1 1 1 1 1 1 1 1 1 1 0 0 0 1 1 0 0 ]
L = [ 7 6 6 6 6 9 9 9 2 2 2 2 2 9 9 9 7 7 8 8 ]
l = [ 7 6 6 6 6 9 9 9 2 2 2 2 2 9 9 9 7 7 8 8 ]
Pmin = [ 80 69 69 69 69 100 100 100 24 24 24 24 24 100 100 100 74 74 93 93 ]
Pmax = [ 298 248 248 248 248 416 416 416 77 77 77 77 77 393 393 393 296 296 364 364 ]
cf = [ 67.2158 27.7146 27.7146 27.7146 27.7146 23.5393 23.5393 23.5393 27.1473 27.1473 27.1473 27.1473 27.1473 59.0236 59.0236 59.0236 23.482 23.482 69.0252 69.0252 ]
c0 = [ 204 179 179 179 179 250 250 250 71 71 71 71 71 250 250 250 208 208 250 250 ]
cp = [ 20.7875 27.206 27.206 27.206 27.206 11.2812 11.2812 11.2812 41.3525 41.3525 41.3525 41.3525 41.3525 12.4091 12.4091 12.4091 18.5145 18.5145 22.7293 22.7293 ]
D = [ 1545 1857 2187 2305 2591 3019 3089 3456 3652 3952 4212 4503 4742 4366 3968 3574 3263 2795 3188 3556 3914 3319 2755 2232 ]
K = 7
nk = [ 1 2 2 2 2 3 3 3 4 4 4 4 4 5 5 5 6 6 7 7 ]
First = [ 1 1 0 0 0 1 0 0 1 0 0 0 0 1 0 0 1 0 1 0 ]
Last = [ 1 0 0 0 1 0 0 1 0 0 0 0 1 0 0 1 0 1 0 1 ]
nS = 1
S = [ 6.92057e-310 6.92057e-310 0 0 0 0 0 0 0 0 0 0 0 0 0 0 0 0 0 0 ]
