n = 20 ; 
T = 24 ; 
Init = [ 0 0 1 1 1 1 1 1 1 1 1 1 1 1 1 1 1 1 1 0 ]
L = [ 4 4 5 5 5 5 6 6 4 4 4 4 4 8 8 8 8 8 8 4 ]
l = [ 4 4 5 5 5 5 6 6 4 4 4 4 4 8 8 8 8 8 8 4 ]
Pmin = [ 41 41 49 49 49 49 65 65 37 37 37 37 37 87 87 87 87 87 87 39 ]
Pmax = [ 147 147 187 187 187 187 257 257 132 132 132 132 132 355 355 355 355 355 355 148 ]
cf = [ 61.6914 61.6914 16.8529 16.8529 16.8529 16.8529 67.1183 67.1183 29.7083 29.7083 29.7083 29.7083 29.7083 12.4862 12.4862 12.4862 12.4862 12.4862 12.4862 18.048 ]
c0 = [ 108 108 137 137 137 137 182 182 119 119 119 119 119 230 230 230 230 230 230 117 ]
cp = [ 31.9492 31.9492 26.474 26.474 26.474 26.474 27.9829 27.9829 32.6766 32.6766 32.6766 32.6766 32.6766 24.5868 24.5868 24.5868 24.5868 24.5868 24.5868 32.5316 ]
D = [ 1008 1278 1394 1723 1906 2157 2387 2621 2836 3139 3324 3555 3710 3402 3077 2748 2443 2228 2588 2914 3379 2775 2176 1619 ]
K = 6
nk = [ 1 1 2 2 2 2 3 3 4 4 4 4 4 5 5 5 5 5 5 6 ]
First = [ 1 0 1 0 0 0 1 0 1 0 0 0 0 1 0 0 0 0 0 1 ]
Last = [ 0 1 0 0 0 1 0 1 0 0 0 0 1 0 0 0 0 0 1 1 ]
nS = 1
S = [ 6.92057e-310 6.92057e-310 0 0 0 0 0 0 0 0 0 0 0 0 0 0 0 0 0 0 ]
