n = 20 ; 
T = 24 ; 
Init = [ 1 1 1 1 1 1 1 1 1 1 1 1 1 1 1 1 1 1 0 0 ]
L = [ 7 7 7 7 7 7 8 8 8 8 8 2 7 7 7 7 7 7 4 4 ]
l = [ 7 7 7 7 7 7 8 8 8 8 8 2 7 7 7 7 7 7 4 4 ]
Pmin = [ 70 70 70 70 70 70 82 82 82 82 82 18 74 74 74 74 74 74 34 34 ]
Pmax = [ 285 285 285 285 285 285 325 325 325 325 325 63 298 298 298 298 298 298 121 121 ]
cf = [ 49.4043 49.4043 49.4043 49.4043 49.4043 49.4043 66.2271 66.2271 66.2271 66.2271 66.2271 43.1586 42.1022 42.1022 42.1022 42.1022 42.1022 42.1022 63.6262 63.6262 ]
c0 = [ 188 188 188 188 188 188 226 226 226 226 226 60 198 198 198 198 198 198 111 111 ]
cp = [ 27.6775 27.6775 27.6775 27.6775 27.6775 27.6775 25.3075 25.3075 25.3075 25.3075 25.3075 41.0231 14.6216 14.6216 14.6216 14.6216 14.6216 14.6216 37.49 37.49 ]
D = [ 1447 1753 2107 2262 2505 2807 2965 3267 3489 3861 4019 4355 4634 4287 3918 3519 3196 2752 3171 3550 4093 3441 2593 1993 ]
K = 5
nk = [ 1 1 1 1 1 1 2 2 2 2 2 3 4 4 4 4 4 4 5 5 ]
First = [ 1 0 0 0 0 0 1 0 0 0 0 1 1 0 0 0 0 0 1 0 ]
Last = [ 0 0 0 0 0 1 0 0 0 0 1 1 0 0 0 0 0 1 0 1 ]
nS = 1
S = [ 6.92057e-310 6.92057e-310 0 0 0 0 0 0 0 0 0 0 0 0 0 0 0 0 0 0 ]
