n = 20 ; 
T = 24 ; 
Init = [ 1 1 0 0 1 1 1 1 1 1 1 1 1 1 0 0 1 1 1 1 ]
L = [ 8 2 5 5 9 9 8 8 8 3 3 2 2 2 2 2 3 3 3 3 ]
l = [ 8 2 5 5 9 9 8 8 8 3 3 2 2 2 2 2 3 3 3 3 ]
Pmin = [ 81 15 49 49 91 91 88 88 88 31 31 22 22 22 24 24 28 28 28 28 ]
Pmax = [ 315 35 167 167 352 352 362 362 362 98 98 63 63 63 58 58 81 81 81 81 ]
cf = [ 48.2547 67.0643 59.9246 59.9246 52.1362 52.1362 8.94102 8.94102 8.94102 68.7216 68.7216 54.7159 54.7159 54.7159 51.2343 51.2343 62.8067 62.8067 62.8067 62.8067 ]
c0 = [ 208 63 142 142 237 237 228 228 228 99 99 84 84 84 70 70 78 78 78 78 ]
cp = [ 21.0885 40.8244 35.1275 35.1275 19.1774 19.1774 15.2031 15.2031 15.2031 39.2704 39.2704 41.0755 41.0755 41.0755 40.6867 40.6867 39.3263 39.3263 39.3263 39.3263 ]
D = [ 718 915 1094 1184 1420 1579 1776 1920 2064 2244 2430 2567 2718 2516 2297 2169 1898 1676 1915 2165 2499 2068 1591 1109 ]
K = 9
nk = [ 1 2 3 3 4 4 5 5 5 6 6 7 7 7 8 8 9 9 9 9 ]
First = [ 1 1 1 0 1 0 1 0 0 1 0 1 0 0 1 0 1 0 0 0 ]
Last = [ 1 1 0 1 0 1 0 0 1 0 1 0 0 1 0 1 0 0 0 1 ]
nS = 1
S = [ 6.92057e-310 6.92057e-310 0 0 0 0 0 0 0 0 0 0 0 0 0 0 0 0 0 0 ]
