n = 20 ; 
T = 24 ; 
Init = [ 0 0 0 0 1 1 1 1 1 1 0 1 1 1 1 0 0 0 0 1 ]
L = [ 7 7 7 7 6 6 6 6 6 6 8 6 6 6 6 2 2 2 2 10 ]
l = [ 7 7 7 7 6 6 6 6 6 6 8 6 6 6 6 2 2 2 2 10 ]
Pmin = [ 77 77 78 78 64 64 64 64 64 64 89 61 61 61 61 29 29 29 29 100 ]
Pmax = [ 298 298 301 301 245 245 245 245 245 245 364 229 229 229 229 76 76 76 76 420 ]
cf = [ 21.6055 21.6055 40.3096 40.3096 55.8529 55.8529 55.8529 55.8529 55.8529 55.8529 9.13063 38.3774 38.3774 38.3774 38.3774 61.0238 61.0238 61.0238 61.0238 22.6592 ]
c0 = [ 211 211 201 201 170 170 170 170 170 170 226 171 171 171 171 87 87 87 87 250 ]
cp = [ 10.0905 10.0905 28.3025 28.3025 28.3027 28.3027 28.3027 28.3027 28.3027 28.3027 21.8357 14.015 14.015 14.015 14.015 40.3361 40.3361 40.3361 40.3361 15.6202 ]
D = [ 1275 1638 1803 2048 2166 2295 2514 2688 3049 3129 3390 3632 3785 3577 3200 2863 2690 2413 2780 3091 3294 2779 2201 1682 ]
K = 7
nk = [ 1 1 2 2 3 3 3 3 3 3 4 5 5 5 5 6 6 6 6 7 ]
First = [ 1 0 1 0 1 0 0 0 0 0 1 1 0 0 0 1 0 0 0 1 ]
Last = [ 0 1 0 1 0 0 0 0 0 1 1 0 0 0 1 0 0 0 1 1 ]
nS = 1
S = [ 6.92057e-310 6.92057e-310 0 0 0 0 0 0 0 0 0 0 0 0 0 0 0 0 0 0 ]
