n = 20 ; 
T = 24 ; 
Init = [ 0 0 0 0 0 0 1 1 1 1 1 0 0 0 0 0 0 0 0 1 ]
L = [ 9 9 9 9 9 9 8 5 5 5 5 8 8 8 8 8 3 3 3 6 ]
l = [ 9 9 9 9 9 9 8 5 5 5 5 8 8 8 8 8 3 3 3 6 ]
Pmin = [ 100 100 100 100 100 100 84 51 51 51 51 79 79 79 79 79 30 30 30 65 ]
Pmax = [ 397 397 397 397 397 397 336 182 182 182 182 316 316 316 316 316 87 87 87 250 ]
cf = [ 68.088 68.088 68.088 68.088 68.088 68.088 39.1686 24.6261 24.6261 24.6261 24.6261 13.5382 13.5382 13.5382 13.5382 13.5382 25.6531 25.6531 25.6531 62.8322 ]
c0 = [ 250 250 250 250 250 250 212 140 140 140 140 202 202 202 202 202 96 96 96 183 ]
cp = [ 17.9626 17.9626 17.9626 17.9626 17.9626 17.9626 18.8663 22.0012 22.0012 22.0012 22.0012 22.6613 22.6613 22.6613 22.6613 22.6613 38.061 38.061 38.061 22.7209 ]
D = [ 1214 1404 1847 2135 2365 2677 2988 3115 3376 3648 4040 4432 4641 4275 3843 3534 3186 2732 3158 3829 4469 3716 2957 2027 ]
K = 6
nk = [ 1 1 1 1 1 1 2 3 3 3 3 4 4 4 4 4 5 5 5 6 ]
First = [ 1 0 0 0 0 0 1 1 0 0 0 1 0 0 0 0 1 0 0 1 ]
Last = [ 0 0 0 0 0 1 1 0 0 0 1 0 0 0 0 1 0 0 1 1 ]
nS = 1
S = [ 6.92057e-310 6.92057e-310 0 0 0 0 0 0 0 0 0 0 0 0 0 0 0 0 0 0 ]
