n = 20 ; 
T = 24 ; 
Init = [ 1 1 1 1 1 1 1 1 0 0 0 1 1 1 1 1 1 1 1 1 ]
L = [ 7 7 8 8 8 8 4 4 6 6 6 5 5 5 5 5 5 2 5 5 ]
l = [ 7 7 8 8 8 8 4 4 6 6 6 5 5 5 5 5 5 2 5 5 ]
Pmin = [ 74 74 93 93 93 93 43 43 57 57 57 52 52 52 52 52 52 22 47 47 ]
Pmax = [ 283 283 357 357 357 357 151 151 211 211 211 202 202 202 202 202 202 49 187 187 ]
cf = [ 37.7879 37.7879 21.0661 21.0661 21.0661 21.0661 51.1274 51.1274 30.3898 30.3898 30.3898 56.3816 56.3816 56.3816 56.3816 56.3816 56.3816 45.0474 60.6862 60.6862 ]
c0 = [ 200 200 250 250 250 250 122 122 153 153 153 150 150 150 150 150 150 75 146 146 ]
cp = [ 21.8378 21.8378 15.3057 15.3057 15.3057 15.3057 33.6115 33.6115 24.7944 24.7944 24.7944 30.4748 30.4748 30.4748 30.4748 30.4748 30.4748 41.6947 21.9454 21.9454 ]
D = [ 1138 1388 1626 1902 2059 2281 2475 2766 2893 3210 3393 3670 3849 3488 3270 2946 2622 2465 2798 3027 3342 2791 2299 1924 ]
K = 7
nk = [ 1 1 2 2 2 2 3 3 4 4 4 5 5 5 5 5 5 6 7 7 ]
First = [ 1 0 1 0 0 0 1 0 1 0 0 1 0 0 0 0 0 1 1 0 ]
Last = [ 0 1 0 0 0 1 0 1 0 0 1 0 0 0 0 0 1 1 0 1 ]
nS = 1
S = [ 6.92057e-310 6.92057e-310 0 0 0 0 0 0 0 0 0 0 0 0 0 0 0 0 0 0 ]
