n = 20 ; 
T = 48 ; 
Init = [ 0 0 0 0 0 1 1 1 1 0 0 0 0 0 0 0 0 1 0 0 ]
L = [ 5 5 5 5 5 9 3 3 3 6 6 6 4 4 4 4 4 9 8 8 ]
l = [ 5 5 5 5 5 9 3 3 3 6 6 6 4 4 4 4 4 9 8 8 ]
Pmin = [ 56 56 56 56 56 92 23 23 23 55 55 55 29 29 29 29 29 99 88 88 ]
Pmax = [ 203 203 203 203 203 360 80 80 80 215 215 215 110 110 110 110 110 378 336 336 ]
cf = [ 52.806 52.806 52.806 52.806 52.806 44.793 36.2974 36.2974 36.2974 39.1012 39.1012 39.1012 68.7137 68.7137 68.7137 68.7137 68.7137 9.10583 43.1896 43.1896 ]
c0 = [ 156 156 156 156 156 250 78 78 78 150 150 150 90 90 90 90 90 250 233 233 ]
cp = [ 28.7417 28.7417 28.7417 28.7417 28.7417 11.9297 38.9499 38.9499 38.9499 26.0293 26.0293 26.0293 32.0369 32.0369 32.0369 32.0369 32.0369 18.3103 22.4807 22.4807 ]
D = [ 925 1076 1328 1384 1666 1908 2092 2200 2421 2612 2792 3022 3297 2941 2709 2360 2121 1852 2126 2530 2761 2360 1939 1395 1050 1214 1440 1556 1774 2012 2211 2318 2541 2649 2934 3150 3239 2937 2766 2465 2203 1957 2201 2609 3005 2585 2001 1510 ]
K = 7
nk = [ 1 1 1 1 1 2 3 3 3 4 4 4 5 5 5 5 5 6 7 7 ]
First = [ 1 0 0 0 0 1 1 0 0 1 0 0 1 0 0 0 0 1 1 0 ]
Last = [ 0 0 0 0 1 1 0 0 1 0 0 1 0 0 0 0 1 1 0 1 ]
nS = 1
S = [ 6.94702e-310 6.94702e-310 0 0 0 0 0 0 0 0 0 0 0 0 0 0 0 0 0 0 ]
