n = 20 ; 
T = 48 ; 
Init = [ 0 0 1 1 1 1 1 1 1 1 1 1 0 1 1 1 1 1 0 0 ]
L = [ 8 3 4 4 4 4 6 6 6 6 6 6 5 3 3 3 3 3 8 8 ]
l = [ 8 3 4 4 4 4 6 6 6 6 6 6 5 3 3 3 3 3 8 8 ]
Pmin = [ 90 33 37 37 37 37 67 67 67 67 67 67 45 30 30 30 30 30 88 88 ]
Pmax = [ 361 119 118 118 118 118 274 274 274 274 274 274 167 90 90 90 90 90 329 329 ]
cf = [ 29.267 58.8038 55.0173 55.0173 55.0173 55.0173 8.25863 8.25863 8.25863 8.25863 8.25863 8.25863 29.9194 43.3016 43.3016 43.3016 43.3016 43.3016 53.7058 53.7058 ]
c0 = [ 234 98 122 122 122 122 178 178 178 178 178 178 138 104 104 104 104 104 241 241 ]
cp = [ 13.5726 38.1146 29.7348 29.7348 29.7348 29.7348 27.3892 27.3892 27.3892 27.3892 27.3892 27.3892 27.8565 33.213 33.213 33.213 33.213 33.213 18.7439 18.7439 ]
D = [ 989 1251 1404 1652 1856 1945 2112 2388 2468 2675 2850 3117 3350 3042 2670 2411 2116 1795 2159 2465 2882 2330 1945 1468 1013 1219 1285 1547 1718 2001 2125 2354 2463 2676 2953 3082 3283 3017 2723 2436 2242 1979 2343 2773 3027 2584 2010 1430 ]
K = 7
nk = [ 1 2 3 3 3 3 4 4 4 4 4 4 5 6 6 6 6 6 7 7 ]
First = [ 1 1 1 0 0 0 1 0 0 0 0 0 1 1 0 0 0 0 1 0 ]
Last = [ 1 1 0 0 0 1 0 0 0 0 0 1 1 0 0 0 0 1 0 1 ]
nS = 1
S = [ 0 0 0 0 0 0 0 0 0 0 0 0 0 0 0 0 0 0 0 0 ]
