n = 20 ; 
T = 48 ; 
Init = [ 1 1 1 1 1 1 1 1 1 1 0 0 0 0 0 0 0 0 0 0 ]
L = [ 9 9 9 9 9 9 9 9 9 9 9 9 9 9 9 9 9 9 9 9 ]
l = [ 9 9 9 9 9 9 9 9 9 9 9 9 9 9 9 9 9 9 9 9 ]
Pmin = [ 97 97 97 97 97 97 97 97 97 97 96 96 96 96 96 96 96 96 96 96 ]
Pmax = [ 389 389 389 389 389 389 389 389 389 389 391 391 391 391 391 391 391 391 391 391 ]
cf = [ 23.2064 23.2064 23.2064 23.2064 23.2064 23.2064 23.2064 23.2064 23.2064 23.2064 69.701 69.701 69.701 69.701 69.701 69.701 69.701 69.701 69.701 69.701 ]
c0 = [ 250 250 250 250 250 250 250 250 250 250 250 250 250 250 250 250 250 250 250 250 ]
cp = [ 11.2537 11.2537 11.2537 11.2537 11.2537 11.2537 11.2537 11.2537 11.2537 11.2537 9.56648 9.56648 9.56648 9.56648 9.56648 9.56648 9.56648 9.56648 9.56648 9.56648 ]
D = [ 1455 2157 2397 2966 3321 3775 4036 4622 4904 5500 5859 6457 6854 6216 5567 5227 4679 3859 4776 5384 6121 5239 4247 3191 2062 2306 2791 3138 3500 3808 4076 4457 4905 5325 5554 6163 6508 5759 5501 4936 4408 4057 4558 5136 5703 4905 4001 2932 ]
K = 2
nk = [ 1 1 1 1 1 1 1 1 1 1 2 2 2 2 2 2 2 2 2 2 ]
First = [ 1 0 0 0 0 0 0 0 0 0 1 0 0 0 0 0 0 0 0 0 ]
Last = [ 0 0 0 0 0 0 0 0 0 1 0 0 0 0 0 0 0 0 0 1 ]
nS = 20
S = [ 1 1 1 1 1 1 1 1 1 1 1 1 1 1 1 1 1 1 1 1 ]
