n = 20 ; 
T = 48 ; 
Init = [ 0 0 0 0 0 0 0 0 0 0 1 0 0 0 0 0 0 0 0 0 ]
L = [ 5 5 5 5 5 5 5 5 5 5 3 8 8 8 8 8 8 8 8 8 ]
l = [ 5 5 5 5 5 5 5 5 5 5 3 8 8 8 8 8 8 8 8 8 ]
Pmin = [ 45 45 45 45 45 45 45 45 45 45 20 80 80 80 80 80 80 80 80 80 ]
Pmax = [ 180 180 180 180 180 180 180 180 180 180 62 334 334 334 334 334 334 334 334 334 ]
cf = [ 8.29013 8.29013 8.29013 8.29013 8.29013 8.29013 8.29013 8.29013 8.29013 8.29013 36.5535 30.575 30.575 30.575 30.575 30.575 30.575 30.575 30.575 30.575 ]
c0 = [ 132 132 132 132 132 132 132 132 132 132 61 225 225 225 225 225 225 225 225 225 ]
cp = [ 31.6058 31.6058 31.6058 31.6058 31.6058 31.6058 31.6058 31.6058 31.6058 31.6058 37.1537 18.4788 18.4788 18.4788 18.4788 18.4788 18.4788 18.4788 18.4788 18.4788 ]
D = [ 1123 1542 1647 2024 2317 2459 2814 3000 3318 3543 3914 4012 4435 3963 3575 3027 2798 2387 2694 3183 3743 3153 2561 1808 1285 1604 1698 1968 2130 2534 2640 2877 3179 3404 3696 3766 4100 3665 3333 3040 2822 2352 2724 3181 3428 2925 2386 1742 ]
K = 3
nk = [ 1 1 1 1 1 1 1 1 1 1 2 3 3 3 3 3 3 3 3 3 ]
First = [ 1 0 0 0 0 0 0 0 0 0 1 1 0 0 0 0 0 0 0 0 ]
Last = [ 0 0 0 0 0 0 0 0 0 1 1 0 0 0 0 0 0 0 0 1 ]
nS = 20
S = [ 1 1 1 1 1 1 1 1 1 1 1 1 1 1 1 1 1 1 1 1 ]
