n = 20 ; 
T = 48 ; 
Init = [ 1 1 1 1 1 1 1 0 0 0 0 1 1 1 1 1 1 1 1 1 ]
L = [ 3 3 3 3 3 8 8 10 8 8 8 5 5 5 5 5 2 2 2 2 ]
l = [ 3 3 3 3 3 8 8 10 8 8 8 5 5 5 5 5 2 2 2 2 ]
Pmin = [ 28 28 28 28 28 92 92 100 78 78 78 48 48 48 48 48 18 18 18 18 ]
Pmax = [ 90 90 90 90 90 352 352 420 309 309 309 188 188 188 188 188 41 41 41 41 ]
cf = [ 41.5623 41.5623 41.5623 41.5623 41.5623 7.52043 7.52043 42.4451 40.0859 40.0859 40.0859 24.8135 24.8135 24.8135 24.8135 24.8135 14.6341 14.6341 14.6341 14.6341 ]
c0 = [ 81 81 81 81 81 247 247 250 215 215 215 128 128 128 128 128 63 63 63 63 ]
cp = [ 30.3081 30.3081 30.3081 30.3081 30.3081 12.0858 12.0858 10.3372 16.1273 16.1273 16.1273 34.3995 34.3995 34.3995 34.3995 34.3995 40.3243 40.3243 40.3243 40.3243 ]
D = [ 786 998 1172 1335 1548 1697 2033 2168 2397 2584 2828 3034 3264 2915 2637 2351 2121 1762 2116 2305 2556 2168 1683 1243 941 1006 1293 1504 1681 1780 1997 2261 2346 2635 2778 2987 3170 2843 2606 2401 2081 1845 2177 2554 2874 2243 1720 1216 ]
K = 6
nk = [ 1 1 1 1 1 2 2 3 4 4 4 5 5 5 5 5 6 6 6 6 ]
First = [ 1 0 0 0 0 1 0 1 1 0 0 1 0 0 0 0 1 0 0 0 ]
Last = [ 0 0 0 0 1 0 1 1 0 0 1 0 0 0 0 1 0 0 0 1 ]
nS = 1
S = [ 6.94702e-310 6.94702e-310 0 0 0 0 0 0 0 0 0 0 0 0 0 0 0 0 0 0 ]
