n = 20 ; 
T = 48 ; 
Init = [ 1 1 1 1 1 1 1 1 1 1 1 1 1 1 1 1 1 1 1 1 ]
L = [ 10 10 10 10 10 10 8 8 8 8 8 6 6 6 6 6 6 4 4 4 ]
l = [ 10 10 10 10 10 10 8 8 8 8 8 6 6 6 6 6 6 4 4 4 ]
Pmin = [ 100 100 100 100 100 100 83 83 83 83 83 58 58 58 58 58 58 35 35 35 ]
Pmax = [ 420 420 420 420 420 420 336 336 336 336 336 230 230 230 230 230 230 135 135 135 ]
cf = [ 47.5655 47.5655 47.5655 47.5655 47.5655 47.5655 7.72438 7.72438 7.72438 7.72438 7.72438 61.268 61.268 61.268 61.268 61.268 61.268 8.17517 8.17517 8.17517 ]
c0 = [ 250 250 250 250 250 250 209 209 209 209 209 153 153 153 153 153 153 117 117 117 ]
cp = [ 10.5164 10.5164 10.5164 10.5164 10.5164 10.5164 23.422 23.422 23.422 23.422 23.422 37.0207 37.0207 37.0207 37.0207 37.0207 37.0207 35.044 35.044 35.044 ]
D = [ 1621 1985 2203 2556 2843 3269 3583 3719 4110 4461 4713 4927 5331 4689 4320 3740 3429 2828 3386 3964 4323 3644 2764 2035 1163 1486 1956 2224 2475 3006 3270 3656 3971 4319 4565 4940 5249 4649 4369 3983 3491 3108 3611 3957 4575 3822 2934 2105 ]
K = 4
nk = [ 1 1 1 1 1 1 2 2 2 2 2 3 3 3 3 3 3 4 4 4 ]
First = [ 1 0 0 0 0 0 1 0 0 0 0 1 0 0 0 0 0 1 0 0 ]
Last = [ 0 0 0 0 0 1 0 0 0 0 1 0 0 0 0 0 1 0 0 1 ]
nS = 1
S = [ 6.94702e-310 6.94702e-310 0 0 0 0 0 0 0 0 0 0 0 0 0 0 0 0 0 0 ]
