n = 20 ; 
T = 48 ; 
Init = [ 0 0 1 0 0 0 0 0 0 1 1 1 1 1 1 0 0 0 0 0 ]
L = [ 10 10 2 7 7 7 7 7 7 6 6 6 6 6 6 6 6 6 6 3 ]
l = [ 10 10 2 7 7 7 7 7 7 6 6 6 6 6 6 6 6 6 6 3 ]
Pmin = [ 100 100 25 83 83 83 83 83 83 57 57 57 57 57 57 68 68 68 68 37 ]
Pmax = [ 415 415 59 318 318 318 318 318 318 207 207 207 207 207 207 247 247 247 247 112 ]
cf = [ 15.9233 15.9233 66.6517 14.0362 14.0362 14.0362 14.0362 14.0362 14.0362 69.9008 69.9008 69.9008 69.9008 69.9008 69.9008 60.7059 60.7059 60.7059 60.7059 32.9726 ]
c0 = [ 250 250 88 225 225 225 225 225 225 165 165 165 165 165 165 188 188 188 188 116 ]
cp = [ 8.36259 8.36259 41.3444 18.4304 18.4304 18.4304 18.4304 18.4304 18.4304 28.2664 28.2664 28.2664 28.2664 28.2664 28.2664 22.9855 22.9855 22.9855 22.9855 29.8533 ]
D = [ 1125 1389 1807 1969 2370 2635 2850 3211 3510 3702 4033 4241 4621 4237 3718 3417 2955 2588 2980 3430 3834 3066 2427 1875 1275 1464 1762 2153 2271 2652 2955 3260 3366 3747 4066 4286 4508 4077 3718 3285 2943 2480 3095 3484 3915 3417 2648 1969 ]
K = 6
nk = [ 1 1 2 3 3 3 3 3 3 4 4 4 4 4 4 5 5 5 5 6 ]
First = [ 1 0 1 1 0 0 0 0 0 1 0 0 0 0 0 1 0 0 0 1 ]
Last = [ 0 1 1 0 0 0 0 0 1 0 0 0 0 0 1 0 0 0 1 1 ]
nS = 1
S = [ 6.94702e-310 6.94702e-310 0 0 0 0 0 0 0 0 0 0 0 0 0 0 0 0 0 0 ]
