n = 20 ; 
T = 48 ; 
Init = [ 1 1 1 1 1 1 1 1 1 1 1 1 0 0 1 1 0 0 1 1 ]
L = [ 9 9 5 5 5 5 6 6 6 6 6 6 3 3 4 4 9 9 9 9 ]
l = [ 9 9 5 5 5 5 6 6 6 6 6 6 3 3 4 4 9 9 9 9 ]
Pmin = [ 100 100 53 53 53 53 63 63 63 63 63 63 39 39 39 39 95 95 100 100 ]
Pmax = [ 390 390 185 185 185 185 224 224 224 224 224 224 120 120 153 153 370 370 389 389 ]
cf = [ 18.8181 18.8181 31.353 31.353 31.353 31.353 58.4964 58.4964 58.4964 58.4964 58.4964 58.4964 26.296 26.296 61.8996 61.8996 52.5574 52.5574 12.0668 12.0668 ]
c0 = [ 250 250 153 153 153 153 179 179 179 179 179 179 106 106 122 122 250 250 250 250 ]
cp = [ 20.4414 20.4414 26.1679 26.1679 26.1679 26.1679 26.5537 26.5537 26.5537 26.5537 26.5537 26.5537 35.8617 35.8617 38.6611 38.6611 13.9271 13.9271 8.95407 8.95407 ]
D = [ 1409 1520 1856 1952 2276 2491 2694 3058 3160 3459 3737 4008 4180 3770 3409 3122 2797 2411 2834 3232 3699 3074 2521 1787 1200 1506 1688 2039 2248 2488 2928 3117 3325 3697 3950 4223 4440 4086 3654 3380 2831 2476 2965 3315 3648 2990 2460 1900 ]
K = 7
nk = [ 1 1 2 2 2 2 3 3 3 3 3 3 4 4 5 5 6 6 7 7 ]
First = [ 1 0 1 0 0 0 1 0 0 0 0 0 1 0 1 0 1 0 1 0 ]
Last = [ 0 1 0 0 0 1 0 0 0 0 0 1 0 1 0 1 0 1 0 1 ]
nS = 1
S = [ 6.94702e-310 6.94702e-310 0 0 0 0 0 0 0 0 0 0 0 0 0 0 0 0 0 0 ]
