n = 20 ; 
T = 48 ; 
Init = [ 0 0 0 0 0 0 1 1 1 1 1 1 1 1 1 0 0 0 0 0 ]
L = [ 9 9 9 9 9 9 2 2 2 2 2 6 6 6 6 4 4 4 4 4 ]
l = [ 9 9 9 9 9 9 2 2 2 2 2 6 6 6 6 4 4 4 4 4 ]
Pmin = [ 100 100 100 100 100 100 25 25 25 25 25 66 66 66 66 43 43 43 43 43 ]
Pmax = [ 417 417 417 417 417 417 74 74 74 74 74 246 246 246 246 170 170 170 170 170 ]
cf = [ 63.7027 63.7027 63.7027 63.7027 63.7027 63.7027 54.5851 54.5851 54.5851 54.5851 54.5851 63.9085 63.9085 63.9085 63.9085 52.7284 52.7284 52.7284 52.7284 52.7284 ]
c0 = [ 250 250 250 250 250 250 88 88 88 88 88 188 188 188 188 129 129 129 129 129 ]
cp = [ 11.6962 11.6962 11.6962 11.6962 11.6962 11.6962 39.7335 39.7335 39.7335 39.7335 39.7335 30.6088 30.6088 30.6088 30.6088 35.82 35.82 35.82 35.82 35.82 ]
D = [ 1145 1361 1487 1863 2059 2198 2549 2718 2885 3203 3411 3718 3804 3625 3328 3019 2747 2482 2784 3045 3368 2839 2426 1778 1365 1554 1735 1972 2241 2375 2572 2934 2996 3314 3421 3753 3857 3703 3366 3056 2702 2343 2727 3074 3572 2932 2319 1835 ]
K = 4
nk = [ 1 1 1 1 1 1 2 2 2 2 2 3 3 3 3 4 4 4 4 4 ]
First = [ 1 0 0 0 0 0 1 0 0 0 0 1 0 0 0 1 0 0 0 0 ]
Last = [ 0 0 0 0 0 1 0 0 0 0 1 0 0 0 1 0 0 0 0 1 ]
nS = 1
S = [ 6.94702e-310 6.94702e-310 0 0 0 0 0 0 0 0 0 0 0 0 0 0 0 0 0 0 ]
