n = 20 ; 
T = 48 ; 
Init = [ 1 0 0 0 0 0 0 1 1 1 1 1 1 1 1 1 1 1 0 0 ]
L = [ 8 5 5 5 5 5 5 7 6 6 6 6 6 6 6 6 6 6 8 8 ]
l = [ 8 5 5 5 5 5 5 7 6 6 6 6 6 6 6 6 6 6 8 8 ]
Pmin = [ 90 52 52 52 52 52 52 79 63 63 63 63 63 63 65 65 65 65 87 87 ]
Pmax = [ 337 183 183 183 183 183 183 326 256 256 256 256 256 256 260 260 260 260 326 326 ]
cf = [ 64.1573 33.2079 33.2079 33.2079 33.2079 33.2079 33.2079 45.0204 7.30544 7.30544 7.30544 7.30544 7.30544 7.30544 32.7806 32.7806 32.7806 32.7806 18.3883 18.3883 ]
c0 = [ 245 137 137 137 137 137 137 202 165 165 165 165 165 165 178 178 178 178 236 236 ]
cp = [ 21.2851 27.2393 27.2393 27.2393 27.2393 27.2393 27.2393 15.3367 22.1541 22.1541 22.1541 22.1541 22.1541 22.1541 33.1291 33.1291 33.1291 33.1291 14.9151 14.9151 ]
D = [ 1039 1359 1667 1927 2167 2344 2666 2807 3222 3424 3646 3816 4161 3722 3526 3249 2732 2424 2923 3305 3867 3140 2579 1839 1074 1508 1758 1923 2213 2471 2622 2838 3165 3405 3583 3860 4070 3784 3573 3091 2738 2578 2908 3376 3874 3242 2728 2064 ]
K = 6
nk = [ 1 2 2 2 2 2 2 3 4 4 4 4 4 4 5 5 5 5 6 6 ]
First = [ 1 1 0 0 0 0 0 1 1 0 0 0 0 0 1 0 0 0 1 0 ]
Last = [ 1 0 0 0 0 0 1 1 0 0 0 0 0 1 0 0 0 1 0 1 ]
nS = 20
S = [ 1 1 1 1 1 1 1 1 1 1 1 1 1 1 1 1 1 1 1 1 ]
