n = 20 ; 
T = 48 ; 
Init = [ 1 1 1 1 1 1 1 1 1 1 1 1 1 0 0 0 0 1 0 0 ]
L = [ 3 3 3 3 3 3 5 5 5 5 2 2 2 7 7 7 7 4 5 3 ]
l = [ 3 3 3 3 3 3 5 5 5 5 2 2 2 7 7 7 7 4 5 3 ]
Pmin = [ 28 28 28 28 28 28 52 52 52 52 18 18 18 73 73 73 73 42 49 31 ]
Pmax = [ 78 78 78 78 78 78 187 187 187 187 38 38 38 280 280 280 280 131 186 94 ]
cf = [ 35.1923 35.1923 35.1923 35.1923 35.1923 35.1923 8.36531 8.36531 8.36531 8.36531 55.769 55.769 55.769 30.6237 30.6237 30.6237 30.6237 45.7846 29.4543 35.9969 ]
c0 = [ 94 94 94 94 94 94 145 145 145 145 70 70 70 192 192 192 192 126 149 90 ]
cp = [ 35.5141 35.5141 35.5141 35.5141 35.5141 35.5141 28.7747 28.7747 28.7747 28.7747 39.9391 39.9391 39.9391 15.9832 15.9832 15.9832 15.9832 30.2838 24.445 35.8392 ]
D = [ 664 813 984 1138 1213 1355 1507 1648 1876 1983 2151 2235 2354 2174 2044 1799 1578 1352 1671 1939 2279 1829 1486 1165 771 872 1084 1132 1374 1481 1574 1699 1929 2018 2113 2305 2419 2237 2073 1884 1665 1464 1668 1953 2194 1786 1417 980 ]
K = 7
nk = [ 1 1 1 1 1 1 2 2 2 2 3 3 3 4 4 4 4 5 6 7 ]
First = [ 1 0 0 0 0 0 1 0 0 0 1 0 0 1 0 0 0 1 1 1 ]
Last = [ 0 0 0 0 0 1 0 0 0 1 0 0 1 0 0 0 1 1 1 1 ]
nS = 1
S = [ 6.94702e-310 6.94702e-310 0 0 0 0 0 0 0 0 0 0 0 0 0 0 0 0 0 0 ]
