n = 20 ; 
T = 48 ; 
Init = [ 0 0 0 0 1 1 1 0 0 0 0 0 1 1 1 1 0 0 0 0 ]
L = [ 6 6 6 6 4 4 4 10 10 10 10 10 10 10 10 10 4 4 4 4 ]
l = [ 6 6 6 6 4 4 4 10 10 10 10 10 10 10 10 10 4 4 4 4 ]
Pmin = [ 66 66 66 66 39 39 39 100 100 100 100 100 100 100 100 100 32 32 32 32 ]
Pmax = [ 244 244 244 244 146 146 146 420 420 420 420 420 420 420 420 420 106 106 106 106 ]
cf = [ 40.6339 40.6339 40.6339 40.6339 43.2358 43.2358 43.2358 66.4109 66.4109 66.4109 66.4109 66.4109 15.2982 15.2982 15.2982 15.2982 69.362 69.362 69.362 69.362 ]
c0 = [ 174 174 174 174 115 115 115 250 250 250 250 250 250 250 250 250 100 100 100 100 ]
cp = [ 31.8903 31.8903 31.8903 31.8903 24.6389 24.6389 24.6389 9.05786 9.05786 9.05786 9.05786 9.05786 9.74995 9.74995 9.74995 9.74995 37.249 37.249 37.249 37.249 ]
D = [ 1739 1868 2168 2380 2781 2865 3261 3447 3613 4051 4205 4391 4773 4384 4002 3478 3241 2792 3235 3823 4434 3690 2964 2106 1427 1734 1899 2366 2495 2843 3232 3416 3681 4004 4324 4550 4997 4552 4209 3732 3293 2812 3285 3809 4015 3415 2663 2003 ]
K = 5
nk = [ 1 1 1 1 2 2 2 3 3 3 3 3 4 4 4 4 5 5 5 5 ]
First = [ 1 0 0 0 1 0 0 1 0 0 0 0 1 0 0 0 1 0 0 0 ]
Last = [ 0 0 0 1 0 0 1 0 0 0 0 1 0 0 0 1 0 0 0 1 ]
nS = 20
S = [ 1 1 1 1 1 1 1 1 1 1 1 1 1 1 1 1 1 1 1 1 ]
