n = 20 ; 
T = 48 ; 
Init = [ 0 0 1 1 1 1 1 1 1 1 1 1 0 0 0 0 0 0 0 0 ]
L = [ 9 9 4 4 4 4 4 4 4 4 4 4 10 10 10 10 10 10 10 10 ]
l = [ 9 9 4 4 4 4 4 4 4 4 4 4 10 10 10 10 10 10 10 10 ]
Pmin = [ 95 95 49 49 49 49 49 49 49 49 49 49 100 100 100 100 100 100 100 100 ]
Pmax = [ 371 371 159 159 159 159 159 159 159 159 159 159 420 420 420 420 420 420 420 420 ]
cf = [ 47.0084 47.0084 19.1938 19.1938 19.1938 19.1938 19.1938 19.1938 19.1938 19.1938 19.1938 19.1938 14.6324 14.6324 14.6324 14.6324 14.6324 14.6324 14.6324 14.6324 ]
c0 = [ 247 247 142 142 142 142 142 142 142 142 142 142 250 250 250 250 250 250 250 250 ]
cp = [ 20.2156 20.2156 35.4209 35.4209 35.4209 35.4209 35.4209 35.4209 35.4209 35.4209 35.4209 35.4209 9.19757 9.19757 9.19757 9.19757 9.19757 9.19757 9.19757 9.19757 ]
D = [ 1585 2035 2158 2410 2797 2944 3390 3676 3807 4176 4443 4675 4926 4623 4111 3767 3208 2934 3460 3836 4327 3622 2820 1945 1298 1481 1899 2242 2497 2662 3114 3465 3797 4030 4233 4655 4877 4523 4179 3789 3352 2867 3264 3900 4347 3577 2706 1984 ]
K = 3
nk = [ 1 1 2 2 2 2 2 2 2 2 2 2 3 3 3 3 3 3 3 3 ]
First = [ 1 0 1 0 0 0 0 0 0 0 0 0 1 0 0 0 0 0 0 0 ]
Last = [ 0 1 0 0 0 0 0 0 0 0 0 1 0 0 0 0 0 0 0 1 ]
nS = 20
S = [ 1 1 1 1 1 1 1 1 1 1 1 1 1 1 1 1 1 1 1 1 ]
