n = 20 ; 
T = 48 ; 
Init = [ 0 0 0 0 0 0 0 0 0 1 1 0 0 0 0 0 1 1 1 1 ]
L = [ 7 7 7 7 7 7 7 7 7 7 7 7 7 7 7 3 9 9 9 9 ]
l = [ 7 7 7 7 7 7 7 7 7 7 7 7 7 7 7 3 9 9 9 9 ]
Pmin = [ 74 74 74 74 74 74 74 74 74 77 77 80 80 80 80 29 100 100 100 100 ]
Pmax = [ 287 287 287 287 287 287 287 287 287 301 301 307 307 307 307 86 409 409 409 409 ]
cf = [ 37.6002 37.6002 37.6002 37.6002 37.6002 37.6002 37.6002 37.6002 37.6002 65.7771 65.7771 52.1823 52.1823 52.1823 52.1823 28.4505 58.5241 58.5241 58.5241 58.5241 ]
c0 = [ 200 200 200 200 200 200 200 200 200 216 216 210 210 210 210 94 250 250 250 250 ]
cp = [ 22.4656 22.4656 22.4656 22.4656 22.4656 22.4656 22.4656 22.4656 22.4656 14.3423 14.3423 24.0957 24.0957 24.0957 24.0957 37.7419 8.91227 8.91227 8.91227 8.91227 ]
D = [ 1256 1672 2085 2390 2688 2970 3289 3697 4171 4398 4678 5186 5346 4939 4534 3997 3439 2934 3624 4002 4443 3631 3037 2107 1344 1792 1995 2395 2670 3081 3192 3652 3795 4218 4565 4838 5200 4762 4394 3883 3525 3106 3558 3971 4288 3728 2946 2090 ]
K = 5
nk = [ 1 1 1 1 1 1 1 1 1 2 2 3 3 3 3 4 5 5 5 5 ]
First = [ 1 0 0 0 0 0 0 0 0 1 0 1 0 0 0 1 1 0 0 0 ]
Last = [ 0 0 0 0 0 0 0 0 1 0 1 0 0 0 1 1 0 0 0 1 ]
nS = 20
S = [ 1 1 1 1 1 1 1 1 1 1 1 1 1 1 1 1 1 1 1 1 ]
