n = 20 ; 
T = 48 ; 
Init = [ 0 0 0 0 0 0 0 1 1 1 1 1 1 1 1 1 1 1 1 0 ]
L = [ 6 6 7 7 7 7 7 9 8 3 4 4 4 4 4 4 4 4 4 9 ]
l = [ 6 6 7 7 7 7 7 9 8 3 4 4 4 4 4 4 4 4 4 9 ]
Pmin = [ 74 74 73 73 73 73 73 100 85 32 50 50 50 50 50 49 49 49 49 88 ]
Pmax = [ 272 272 302 302 302 302 302 420 335 102 163 163 163 163 163 162 162 162 162 367 ]
cf = [ 45.233 45.233 62.8299 62.8299 62.8299 62.8299 62.8299 27.1171 16.5514 67.3776 8.33787 8.33787 8.33787 8.33787 8.33787 41.2849 41.2849 41.2849 41.2849 61.6203 ]
c0 = [ 194 194 206 206 206 206 206 250 229 91 146 146 146 146 146 135 135 135 135 225 ]
cp = [ 31.773 31.773 14.9071 14.9071 14.9071 14.9071 14.9071 13.5515 15.2756 39.7378 36.487 36.487 36.487 36.487 36.487 34.2839 34.2839 34.2839 34.2839 16.6085 ]
D = [ 1005 1276 1414 1746 1963 2217 2404 2673 2820 3164 3398 3556 3810 3561 3314 2995 2596 2391 2928 3324 3683 3133 2560 1939 1154 1515 1654 2057 2122 2539 2725 2990 3160 3372 3729 4000 4200 3889 3397 3065 2806 2484 2743 3079 3523 3022 2373 1829 ]
K = 8
nk = [ 1 1 2 2 2 2 2 3 4 5 6 6 6 6 6 7 7 7 7 8 ]
First = [ 1 0 1 0 0 0 0 1 1 1 1 0 0 0 0 1 0 0 0 1 ]
Last = [ 0 1 0 0 0 0 1 1 1 1 0 0 0 0 1 0 0 0 1 1 ]
nS = 1
S = [ 6.94702e-310 6.94702e-310 0 0 0 0 0 0 0 0 0 0 0 0 0 0 0 0 0 0 ]
