n = 20 ; 
T = 48 ; 
Init = [ 1 1 1 1 1 1 1 1 0 0 1 1 1 1 1 1 1 1 1 1 ]
L = [ 6 6 6 2 2 2 2 2 3 3 7 7 7 7 7 7 7 7 8 8 ]
l = [ 6 6 6 2 2 2 2 2 3 3 7 7 7 7 7 7 7 7 8 8 ]
Pmin = [ 73 73 73 20 20 20 20 20 31 31 74 74 72 72 72 72 72 72 90 90 ]
Pmax = [ 265 265 265 67 67 67 67 67 87 87 294 294 292 292 292 292 292 292 348 348 ]
cf = [ 45.9825 45.9825 45.9825 27.5298 27.5298 27.5298 27.5298 27.5298 66.1408 66.1408 59.127 59.127 69.1679 69.1679 69.1679 69.1679 69.1679 69.1679 49.5017 49.5017 ]
c0 = [ 206 206 206 60 60 60 60 60 97 97 192 192 190 190 190 190 190 190 244 244 ]
cp = [ 24.7507 24.7507 24.7507 39.8076 39.8076 39.8076 39.8076 39.8076 34.8992 34.8992 21.2049 21.2049 27.0096 27.0096 27.0096 27.0096 27.0096 27.0096 10.7539 10.7539 ]
D = [ 935 1202 1479 1645 1908 2138 2454 2666 2829 3126 3365 3648 3773 3429 3240 2895 2544 2265 2486 2853 3232 2539 2035 1574 1030 1236 1367 1614 1862 2100 2376 2621 2767 3020 3195 3577 3663 3365 3118 2832 2493 2220 2634 2891 3078 2574 2097 1522 ]
K = 6
nk = [ 1 1 1 2 2 2 2 2 3 3 4 4 5 5 5 5 5 5 6 6 ]
First = [ 1 0 0 1 0 0 0 0 1 0 1 0 1 0 0 0 0 0 1 0 ]
Last = [ 0 0 1 0 0 0 0 1 0 1 0 1 0 0 0 0 0 1 0 1 ]
nS = 1
S = [ 6.94702e-310 6.94702e-310 0 0 0 0 0 0 0 0 0 0 0 0 0 0 0 0 0 0 ]
