n = 20 ; 
T = 48 ; 
Init = [ 0 0 0 0 0 0 0 1 1 1 1 1 1 1 1 1 1 1 0 0 ]
L = [ 4 7 7 7 7 7 7 8 8 8 4 4 10 3 3 3 6 6 8 8 ]
l = [ 4 7 7 7 7 7 7 8 8 8 4 4 10 3 3 3 6 6 8 8 ]
Pmin = [ 37 68 68 68 68 68 68 87 87 87 35 35 100 28 28 28 59 59 83 83 ]
Pmax = [ 116 264 264 264 264 264 264 349 349 349 117 117 402 86 86 86 242 242 313 313 ]
cf = [ 50.963 20.354 20.354 20.354 20.354 20.354 20.354 62.9488 62.9488 62.9488 31.5693 31.5693 8.20507 42.9343 42.9343 42.9343 19.6269 19.6269 8.72301 8.72301 ]
c0 = [ 119 177 177 177 177 177 177 240 240 240 101 101 250 84 84 84 164 164 210 210 ]
cp = [ 29.7079 18.4425 18.4425 18.4425 18.4425 18.4425 18.4425 15.7945 15.7945 15.7945 36.2971 36.2971 10.1183 31.0111 31.0111 31.0111 29.0622 29.0622 16.6097 16.6097 ]
D = [ 920 1205 1497 1745 2050 2351 2692 2904 3143 3389 3721 3875 4241 3892 3573 3174 2684 2415 2742 3257 3705 3039 2345 1692 1040 1285 1565 1888 2154 2411 2577 2873 3200 3497 3761 3873 4230 3917 3472 3017 2761 2294 2702 3150 3566 2917 2431 1870 ]
K = 8
nk = [ 1 2 2 2 2 2 2 3 3 3 4 4 5 6 6 6 7 7 8 8 ]
First = [ 1 1 0 0 0 0 0 1 0 0 1 0 1 1 0 0 1 0 1 0 ]
Last = [ 1 0 0 0 0 0 1 0 0 1 0 1 1 0 0 1 0 1 0 1 ]
nS = 1
S = [ 0 0 0 0 0 0 0 0 0 0 0 0 0 0 0 0 0 0 0 0 ]
