n = 20 ; 
T = 48 ; 
Init = [ 0 0 0 0 0 0 0 0 0 1 1 1 1 0 0 1 1 1 1 1 ]
L = [ 4 4 8 8 8 8 8 8 7 7 7 7 7 6 6 4 4 4 8 8 ]
l = [ 4 4 8 8 8 8 8 8 7 7 7 7 7 6 6 4 4 4 8 8 ]
Pmin = [ 45 45 78 78 78 78 78 78 71 69 69 69 69 59 59 42 42 42 79 79 ]
Pmax = [ 153 153 316 316 316 316 316 316 292 254 254 254 254 213 213 134 134 134 320 320 ]
cf = [ 58.7778 58.7778 67.6304 67.6304 67.6304 67.6304 67.6304 67.6304 22.455 19.8363 19.8363 19.8363 19.8363 40.3744 40.3744 15.1354 15.1354 15.1354 50.2508 50.2508 ]
c0 = [ 139 139 203 203 203 203 203 203 199 184 184 184 184 158 158 121 121 121 212 212 ]
cp = [ 39.3905 39.3905 16.4926 16.4926 16.4926 16.4926 16.4926 16.4926 13.414 11.1725 11.1725 11.1725 11.1725 20.5347 20.5347 27.1266 27.1266 27.1266 17.3272 17.3272 ]
D = [ 1424 1717 1969 2139 2371 2606 2855 3116 3407 3648 3973 4185 4536 4159 3728 3394 2955 2634 3119 3540 3847 3259 2707 1987 1325 1698 1752 2104 2279 2451 2785 2945 3115 3260 3659 3819 4039 3699 3459 3173 2774 2571 2909 3451 3785 3021 2346 1831 ]
K = 7
nk = [ 1 1 2 2 2 2 2 2 3 4 4 4 4 5 5 6 6 6 7 7 ]
First = [ 1 0 1 0 0 0 0 0 1 1 0 0 0 1 0 1 0 0 1 0 ]
Last = [ 0 1 0 0 0 0 0 1 1 0 0 0 1 0 1 0 0 1 0 1 ]
nS = 1
S = [ 6.94702e-310 6.94702e-310 0 0 0 0 0 0 0 0 0 0 0 0 0 0 0 0 0 0 ]
