n = 20 ; 
T = 48 ; 
Init = [ 0 0 0 0 1 1 1 1 1 1 1 1 1 1 0 0 1 1 0 1 ]
L = [ 5 5 5 5 4 4 4 4 4 4 8 8 8 8 6 6 6 6 5 7 ]
l = [ 5 5 5 5 4 4 4 4 4 4 8 8 8 8 6 6 6 6 5 7 ]
Pmin = [ 55 55 55 55 42 42 42 42 42 42 86 86 86 86 67 67 67 67 61 74 ]
Pmax = [ 212 212 212 212 136 136 136 136 136 136 323 323 323 323 245 245 249 249 209 294 ]
cf = [ 17.0189 17.0189 17.0189 17.0189 58.5302 58.5302 58.5302 58.5302 58.5302 58.5302 13.874 13.874 13.874 13.874 61.3301 61.3301 46.3421 46.3421 20.3624 55.7955 ]
c0 = [ 155 155 155 155 126 126 126 126 126 126 218 218 218 218 189 189 179 179 169 200 ]
cp = [ 31.9703 31.9703 31.9703 31.9703 22.0574 22.0574 22.0574 22.0574 22.0574 22.0574 18.3084 18.3084 18.3084 18.3084 18.6887 18.6887 26.937 26.937 34.0989 22.9988 ]
D = [ 1205 1345 1560 1785 1997 2184 2414 2566 2804 2991 3278 3443 3552 3223 3073 2688 2328 2124 2495 2908 3351 2889 2412 1799 1244 1564 1743 1945 2280 2483 2698 2841 3074 3240 3599 3818 4071 3661 3412 3081 2644 2310 2819 3199 3523 2898 2353 1804 ]
K = 7
nk = [ 1 1 1 1 2 2 2 2 2 2 3 3 3 3 4 4 5 5 6 7 ]
First = [ 1 0 0 0 1 0 0 0 0 0 1 0 0 0 1 0 1 0 1 1 ]
Last = [ 0 0 0 1 0 0 0 0 0 1 0 0 0 1 0 1 0 1 1 1 ]
nS = 1
S = [ 6.94702e-310 6.94702e-310 0 0 0 0 0 0 0 0 0 0 0 0 0 0 0 0 0 0 ]
