n = 20 ; 
T = 48 ; 
Init = [ 1 1 1 1 1 1 1 1 1 1 1 1 1 1 1 1 1 0 0 0 ]
L = [ 2 2 2 2 2 2 8 8 8 8 8 8 6 6 6 6 6 7 7 7 ]
l = [ 2 2 2 2 2 2 8 8 8 8 8 8 6 6 6 6 6 7 7 7 ]
Pmin = [ 19 19 19 19 19 19 91 91 91 91 91 91 58 58 58 58 58 83 83 83 ]
Pmax = [ 52 52 52 52 52 52 361 361 361 361 361 361 232 232 232 232 232 310 310 310 ]
cf = [ 9.48492 9.48492 9.48492 9.48492 9.48492 9.48492 53.1317 53.1317 53.1317 53.1317 53.1317 53.1317 51.1362 51.1362 51.1362 51.1362 51.1362 21.3735 21.3735 21.3735 ]
c0 = [ 71 71 71 71 71 71 232 232 232 232 232 232 152 152 152 152 152 215 215 215 ]
cp = [ 39.1652 39.1652 39.1652 39.1652 39.1652 39.1652 13.1003 13.1003 13.1003 13.1003 13.1003 13.1003 23.7434 23.7434 23.7434 23.7434 23.7434 22.7112 22.7112 22.7112 ]
D = [ 949 1277 1530 1750 2027 2270 2476 2697 2934 3055 3315 3623 3786 3574 3289 2782 2567 2137 2609 3183 3630 3110 2442 1911 1243 1524 1736 1894 2189 2381 2575 2874 3033 3391 3504 3726 3922 3716 3292 3037 2693 2275 2639 3065 3329 2768 2325 1825 ]
K = 4
nk = [ 1 1 1 1 1 1 2 2 2 2 2 2 3 3 3 3 3 4 4 4 ]
First = [ 1 0 0 0 0 0 1 0 0 0 0 0 1 0 0 0 0 1 0 0 ]
Last = [ 0 0 0 0 0 1 0 0 0 0 0 1 0 0 0 0 1 0 0 1 ]
nS = 1
S = [ 6.94702e-310 6.94702e-310 0 0 0 0 0 0 0 0 0 0 0 0 0 0 0 0 0 0 ]
