n = 20 ; 
T = 48 ; 
Init = [ 0 0 0 0 1 1 0 0 0 0 0 0 0 0 0 0 0 0 0 0 ]
L = [ 4 4 4 4 4 4 9 9 9 9 9 7 7 4 4 4 4 4 4 4 ]
l = [ 4 4 4 4 4 4 9 9 9 9 9 7 7 4 4 4 4 4 4 4 ]
Pmin = [ 39 39 39 39 39 39 95 95 95 95 95 70 70 40 40 40 40 40 40 38 ]
Pmax = [ 148 148 148 148 117 117 371 371 371 371 371 251 251 132 132 132 132 132 132 132 ]
cf = [ 11.1869 11.1869 11.1869 11.1869 40.1307 40.1307 8.49764 8.49764 8.49764 8.49764 8.49764 60.0318 60.0318 15.8921 15.8921 15.8921 15.8921 15.8921 15.8921 43.0182 ]
c0 = [ 108 108 108 108 115 115 250 250 250 250 250 193 193 109 109 109 109 109 109 122 ]
cp = [ 30.0365 30.0365 30.0365 30.0365 35.8441 35.8441 16.3818 16.3818 16.3818 16.3818 16.3818 23.2493 23.2493 30.0912 30.0912 30.0912 30.0912 30.0912 30.0912 38.9609 ]
D = [ 1037 1335 1548 1781 1891 2121 2436 2621 2769 3054 3289 3507 3713 3369 2941 2715 2317 2016 2362 2864 3236 2758 2162 1779 1193 1388 1674 1729 1922 2227 2340 2550 2790 2874 3181 3327 3431 3273 2943 2725 2301 2071 2410 2804 3144 2532 2010 1489 ]
K = 6
nk = [ 1 1 1 1 2 2 3 3 3 3 3 4 4 5 5 5 5 5 5 6 ]
First = [ 1 0 0 0 1 0 1 0 0 0 0 1 0 1 0 0 0 0 0 1 ]
Last = [ 0 0 0 1 0 1 0 0 0 0 1 0 1 0 0 0 0 0 1 1 ]
nS = 1
S = [ 6.94702e-310 6.94702e-310 0 0 0 0 0 0 0 0 0 0 0 0 0 0 0 0 0 0 ]
