n = 20 ; 
T = 96 ; 
Init = [ 1 1 1 1 1 1 0 0 0 0 0 0 0 0 0 0 0 1 1 1 ]
L = [ 9 9 9 9 9 9 2 6 6 6 6 6 6 9 9 9 9 6 6 6 ]
l = [ 9 9 9 9 9 9 2 6 6 6 6 6 6 9 9 9 9 6 6 6 ]
Pmin = [ 100 100 100 100 100 100 24 62 62 62 62 62 62 98 98 98 98 63 63 63 ]
Pmax = [ 392 392 392 392 392 392 66 230 230 230 230 230 230 400 400 400 400 242 242 242 ]
cf = [ 32.8823 32.8823 32.8823 32.8823 32.8823 32.8823 41.272 23.0499 23.0499 23.0499 23.0499 23.0499 23.0499 7.48785 7.48785 7.48785 7.48785 25.4286 25.4286 25.4286 ]
c0 = [ 250 250 250 250 250 250 87 171 171 171 171 171 171 250 250 250 250 171 171 171 ]
cp = [ 14.0893 14.0893 14.0893 14.0893 14.0893 14.0893 36.0372 23.0692 23.0692 23.0692 23.0692 23.0692 23.0692 9.03864 9.03864 9.03864 9.03864 20.856 20.856 20.856 ]
D = [ 1530 1851 2087 2487 2749 2934 3448 3497 3857 4311 4429 4687 5000 4660 4248 3798 3444 3015 3595 4171 4758 4131 3211 2488 1652 1889 2256 2633 2819 3054 3406 3736 3954 4313 4715 4855 5291 4714 4419 3980 3649 3074 3564 4088 4591 3800 3054 2248 1415 1748 2119 2487 2887 3089 3343 3678 4177 4460 4712 5025 5410 4950 4357 4018 3422 3040 3588 4125 4826 4070 3282 2361 1755 1985 2200 2503 2778 3282 3415 3812 4246 4389 4716 5107 5423 4948 4365 3902 3552 2857 3630 4240 4867 4064 3017 2138 ]
K = 5
nk = [ 1 1 1 1 1 1 2 3 3 3 3 3 3 4 4 4 4 5 5 5 ]
First = [ 1 0 0 0 0 0 1 1 0 0 0 0 0 1 0 0 0 1 0 0 ]
Last = [ 0 0 0 0 0 1 1 0 0 0 0 0 1 0 0 0 1 0 0 1 ]
nS = 20
S = [ 1 1 1 1 1 1 1 1 1 1 1 1 1 1 1 1 1 1 1 1 ]
