n = 20 ; 
T = 96 ; 
Init = [ 0 0 0 0 0 0 0 0 0 0 1 1 1 1 1 1 1 1 1 1 ]
L = [ 4 4 4 4 4 7 3 3 3 3 5 5 5 4 4 4 4 4 4 7 ]
l = [ 4 4 4 4 4 7 3 3 3 3 5 5 5 4 4 4 4 4 4 7 ]
Pmin = [ 45 45 45 45 45 73 29 29 29 29 53 53 53 41 41 41 41 41 41 83 ]
Pmax = [ 171 171 171 171 171 286 83 83 83 83 194 194 194 142 142 142 142 142 142 323 ]
cf = [ 7.06477 7.06477 7.06477 7.06477 7.06477 13.7597 23.7176 23.7176 23.7176 23.7176 22.7947 22.7947 22.7947 43.0744 43.0744 43.0744 43.0744 43.0744 43.0744 10.3301 ]
c0 = [ 123 123 123 123 123 199 92 92 92 92 141 141 141 118 118 118 118 118 118 219 ]
cp = [ 33.4885 33.4885 33.4885 33.4885 33.4885 22.6727 40.3066 40.3066 40.3066 40.3066 21.3637 21.3637 21.3637 18.0164 18.0164 18.0164 18.0164 18.0164 18.0164 22.5755 ]
D = [ 752 1024 1193 1356 1479 1649 1873 2009 2200 2293 2471 2724 2830 2552 2318 2089 1850 1494 1832 2017 2292 1925 1636 1237 785 950 1083 1340 1372 1625 1703 1863 2039 2209 2259 2484 2661 2444 2256 2075 1764 1615 1884 2037 2255 1834 1514 1126 746 900 1088 1284 1423 1591 1671 1915 2013 2234 2376 2626 2749 2569 2318 2024 1854 1621 1864 2135 2468 2078 1654 1264 792 965 1153 1355 1549 1636 1809 2003 2132 2251 2504 2687 2781 2573 2298 2029 1802 1594 1826 2165 2480 2095 1752 1222 ]
K = 6
nk = [ 1 1 1 1 1 2 3 3 3 3 4 4 4 5 5 5 5 5 5 6 ]
First = [ 1 0 0 0 0 1 1 0 0 0 1 0 0 1 0 0 0 0 0 1 ]
Last = [ 0 0 0 0 1 1 0 0 0 1 0 0 1 0 0 0 0 0 1 1 ]
nS = 20
S = [ 1 1 1 1 1 1 1 1 1 1 1 1 1 1 1 1 1 1 1 1 ]
