n = 20 ; 
T = 96 ; 
Init = [ 0 0 0 0 0 0 0 1 1 1 1 1 1 1 0 1 1 1 1 1 ]
L = [ 8 8 8 8 8 8 8 5 5 5 5 5 4 4 7 7 7 7 7 7 ]
l = [ 8 8 8 8 8 8 8 5 5 5 5 5 4 4 7 7 7 7 7 7 ]
Pmin = [ 78 78 78 78 84 84 84 44 44 44 44 44 44 44 73 75 75 75 75 75 ]
Pmax = [ 310 310 310 310 347 347 347 174 174 174 174 174 142 142 267 299 299 299 299 299 ]
cf = [ 12.872 12.872 12.872 12.872 52.7111 52.7111 52.7111 24.3259 24.3259 24.3259 24.3259 24.3259 22.6113 22.6113 41.5636 67.3018 67.3018 67.3018 67.3018 67.3018 ]
c0 = [ 211 211 211 211 234 234 234 139 139 139 139 139 129 129 198 190 190 190 190 190 ]
cp = [ 19.2488 19.2488 19.2488 19.2488 13.6293 13.6293 13.6293 32.6677 32.6677 32.6677 32.6677 32.6677 38.4454 38.4454 20.6641 15.8824 15.8824 15.8824 15.8824 15.8824 ]
D = [ 1019 1317 1760 1900 2160 2519 2777 3168 3434 3686 3932 4283 4446 4223 3793 3327 2925 2553 2950 3334 3701 3089 2478 1990 1408 1797 1983 2207 2545 2793 2991 3195 3415 3718 4110 4297 4559 4166 3795 3375 2941 2495 3065 3446 3828 3167 2506 1983 1347 1502 1766 2153 2448 2683 2945 3235 3621 3834 4089 4316 4667 4168 3924 3375 3101 2618 2978 3393 3613 2970 2383 1811 1070 1351 1644 1906 2168 2356 2628 3048 3215 3492 3807 3902 4151 3809 3579 3133 2951 2574 3053 3378 3813 3217 2478 1757 ]
K = 6
nk = [ 1 1 1 1 2 2 2 3 3 3 3 3 4 4 5 6 6 6 6 6 ]
First = [ 1 0 0 0 1 0 0 1 0 0 0 0 1 0 1 1 0 0 0 0 ]
Last = [ 0 0 0 1 0 0 1 0 0 0 0 1 0 1 1 0 0 0 0 1 ]
nS = 1
S = [ 6.94702e-310 6.94702e-310 0 0 0 0 0 0 0 0 0 0 0 0 0 0 0 0 0 0 ]
