n = 20 ; 
T = 96 ; 
Init = [ 0 0 0 0 0 0 0 1 1 1 1 1 1 1 1 0 1 1 1 1 ]
L = [ 8 8 3 3 3 3 3 9 9 9 9 9 9 4 4 2 6 6 6 6 ]
l = [ 8 8 3 3 3 3 3 9 9 9 9 9 9 4 4 2 6 6 6 6 ]
Pmin = [ 92 92 25 25 25 25 25 95 95 95 95 95 95 46 46 19 57 57 57 57 ]
Pmax = [ 374 374 76 76 76 76 76 380 380 380 380 380 380 148 148 67 215 215 215 215 ]
cf = [ 31.5103 31.5103 46.3696 46.3696 46.3696 46.3696 46.3696 26.8993 26.8993 26.8993 26.8993 26.8993 26.8993 21.6449 21.6449 23.0435 59.7823 59.7823 59.7823 59.7823 ]
c0 = [ 245 245 82 82 82 82 82 250 250 250 250 250 250 121 121 60 169 169 169 169 ]
cp = [ 11.4977 11.4977 34.7726 34.7726 34.7726 34.7726 34.7726 8.62445 8.62445 8.62445 8.62445 8.62445 8.62445 31.7314 31.7314 41.4888 23.9322 23.9322 23.9322 23.9322 ]
D = [ 1275 1438 1643 1959 2158 2391 2544 2786 2962 3284 3530 3814 3955 3697 3301 3011 2642 2360 2814 3181 3392 2870 2379 1719 1186 1406 1623 1742 2120 2236 2506 2699 2921 3016 3337 3464 3758 3478 3231 2927 2749 2337 2768 3042 3535 2913 2350 1802 1294 1527 1759 1990 2046 2374 2588 2736 2940 3139 3299 3574 3700 3473 3159 2959 2558 2382 2722 2997 3363 2882 2184 1725 1213 1444 1545 1851 2110 2238 2581 2778 3102 3203 3585 3718 3960 3649 3311 3033 2693 2254 2642 3193 3517 2999 2549 1955 ]
K = 6
nk = [ 1 1 2 2 2 2 2 3 3 3 3 3 3 4 4 5 6 6 6 6 ]
First = [ 1 0 1 0 0 0 0 1 0 0 0 0 0 1 0 1 1 0 0 0 ]
Last = [ 0 1 0 0 0 0 1 0 0 0 0 0 1 0 1 1 0 0 0 1 ]
nS = 1
S = [ 6.94702e-310 6.94702e-310 0 0 0 0 0 0 0 0 0 0 0 0 0 0 0 0 0 0 ]
