n = 20 ; 
T = 96 ; 
Init = [ 0 0 0 1 0 0 0 0 0 0 0 0 0 0 1 0 0 0 0 0 ]
L = [ 4 4 4 7 5 5 5 5 5 6 6 6 6 5 5 8 8 8 8 8 ]
l = [ 4 4 4 7 5 5 5 5 5 6 6 6 6 5 5 8 8 8 8 8 ]
Pmin = [ 42 42 42 77 53 53 53 53 53 54 54 54 54 51 43 88 88 88 88 88 ]
Pmax = [ 133 133 133 293 190 190 190 190 190 209 209 209 209 179 168 332 332 332 332 332 ]
cf = [ 57.6328 57.6328 57.6328 54.9003 12.8987 12.8987 12.8987 12.8987 12.8987 40.6253 40.6253 40.6253 40.6253 34.8737 50.1602 36.6595 36.6595 36.6595 36.6595 36.6595 ]
c0 = [ 120 120 120 196 140 140 140 140 140 151 151 151 151 143 118 243 243 243 243 243 ]
cp = [ 38.8837 38.8837 38.8837 13.3123 25.3267 25.3267 25.3267 25.3267 25.3267 15.437 15.437 15.437 15.437 32.134 21.2769 14.2647 14.2647 14.2647 14.2647 14.2647 ]
D = [ 949 1202 1498 1593 1821 2158 2448 2669 2887 3076 3280 3542 3872 3499 3289 2921 2692 2402 2664 3063 3453 2886 2412 1819 1184 1470 1620 1965 2130 2317 2653 2739 2979 3299 3545 3737 4023 3516 3204 2811 2564 2176 2488 3066 3559 2881 2460 1770 1179 1531 1717 1885 1978 2280 2384 2614 2843 2983 3225 3365 3701 3439 3169 2900 2515 2222 2702 2925 3297 2768 2076 1548 978 1224 1398 1628 1863 2008 2314 2474 2705 3044 3236 3409 3614 3403 3011 2698 2487 2097 2529 2975 3389 2752 2278 1647 ]
K = 7
nk = [ 1 1 1 2 3 3 3 3 3 4 4 4 4 5 6 7 7 7 7 7 ]
First = [ 1 0 0 1 1 0 0 0 0 1 0 0 0 1 1 1 0 0 0 0 ]
Last = [ 0 0 1 1 0 0 0 0 1 0 0 0 1 1 1 0 0 0 0 1 ]
nS = 1
S = [ 6.94702e-310 6.94702e-310 0 0 0 0 0 0 0 0 0 0 0 0 0 0 0 0 0 0 ]
