n = 20 ; 
T = 96 ; 
Init = [ 0 0 0 0 0 0 0 0 0 0 0 0 1 1 1 1 1 1 1 1 ]
L = [ 8 8 8 8 8 8 8 8 8 8 8 8 6 6 6 6 6 6 6 6 ]
l = [ 8 8 8 8 8 8 8 8 8 8 8 8 6 6 6 6 6 6 6 6 ]
Pmin = [ 87 87 87 88 88 88 88 88 88 88 88 88 69 69 69 69 69 69 69 69 ]
Pmax = [ 337 337 337 364 364 364 364 364 364 364 364 364 271 271 271 271 271 271 271 271 ]
cf = [ 34.4951 34.4951 34.4951 8.95009 8.95009 8.95009 8.95009 8.95009 8.95009 8.95009 8.95009 8.95009 40.9397 40.9397 40.9397 40.9397 40.9397 40.9397 40.9397 40.9397 ]
c0 = [ 227 227 227 227 227 227 227 227 227 227 227 227 187 187 187 187 187 187 187 187 ]
cp = [ 13.5303 13.5303 13.5303 14.8206 14.8206 14.8206 14.8206 14.8206 14.8206 14.8206 14.8206 14.8206 20.3747 20.3747 20.3747 20.3747 20.3747 20.3747 20.3747 20.3747 ]
D = [ 1628 2092 2256 2628 3061 3421 3765 4093 4326 4742 5180 5428 5804 5185 4899 4296 3767 3383 3760 4276 4752 3903 3146 2155 1465 1844 2232 2449 2908 3069 3376 3854 4018 4570 4682 5178 5569 5039 4506 3943 3599 3191 3610 4134 4716 4134 3360 2548 1782 2008 2287 2716 2995 3415 3709 4073 4466 4646 5097 5448 5664 5215 4819 4431 3919 3432 3881 4402 4992 4040 3219 2392 1432 1917 2115 2487 2656 3205 3519 3771 4019 4361 4668 5018 5217 4781 4510 3969 3604 3154 3853 4237 5019 4040 3331 2317 ]
K = 3
nk = [ 1 1 1 2 2 2 2 2 2 2 2 2 3 3 3 3 3 3 3 3 ]
First = [ 1 0 0 1 0 0 0 0 0 0 0 0 1 0 0 0 0 0 0 0 ]
Last = [ 0 0 1 0 0 0 0 0 0 0 0 1 0 0 0 0 0 0 0 1 ]
nS = 20
S = [ 1 1 1 1 1 1 1 1 1 1 1 1 1 1 1 1 1 1 1 1 ]
