n = 20 ; 
T = 96 ; 
Init = [ 0 0 0 0 0 0 0 1 1 1 1 1 0 0 0 0 0 0 0 0 ]
L = [ 3 3 3 3 3 3 3 3 3 3 3 3 3 3 3 3 9 9 9 9 ]
l = [ 3 3 3 3 3 3 3 3 3 3 3 3 3 3 3 3 9 9 9 9 ]
Pmin = [ 22 22 22 22 22 22 22 33 33 33 33 33 27 27 27 27 95 95 95 95 ]
Pmax = [ 71 71 71 71 71 71 71 91 91 91 91 91 82 82 82 82 390 390 390 390 ]
cf = [ 55.4977 55.4977 55.4977 55.4977 55.4977 55.4977 55.4977 68.9494 68.9494 68.9494 68.9494 68.9494 30.9143 30.9143 30.9143 30.9143 51.3953 51.3953 51.3953 51.3953 ]
c0 = [ 80 80 80 80 80 80 80 109 109 109 109 109 81 81 81 81 250 250 250 250 ]
cp = [ 39.4385 39.4385 39.4385 39.4385 39.4385 39.4385 39.4385 34.9757 34.9757 34.9757 34.9757 34.9757 38.5202 38.5202 38.5202 38.5202 9.99396 9.99396 9.99396 9.99396 ]
D = [ 788 1015 1064 1205 1364 1415 1556 1739 1836 2014 2106 2217 2329 2212 2017 1766 1629 1483 1758 1974 2257 1898 1551 1133 800 994 1067 1167 1284 1485 1505 1662 1764 1954 2082 2123 2280 2096 1940 1751 1668 1441 1697 1936 2117 1714 1359 929 613 701 863 1071 1220 1359 1561 1673 1821 1942 2146 2247 2485 2256 2039 1802 1588 1469 1657 1953 2198 1773 1512 1110 682 887 939 1085 1299 1407 1549 1636 1793 1895 2091 2216 2256 2075 1959 1756 1556 1287 1641 1867 2107 1779 1498 1070 ]
K = 4
nk = [ 1 1 1 1 1 1 1 2 2 2 2 2 3 3 3 3 4 4 4 4 ]
First = [ 1 0 0 0 0 0 0 1 0 0 0 0 1 0 0 0 1 0 0 0 ]
Last = [ 0 0 0 0 0 0 1 0 0 0 0 1 0 0 0 1 0 0 0 1 ]
nS = 20
S = [ 1 1 1 1 1 1 1 1 1 1 1 1 1 1 1 1 1 1 1 1 ]
