n = 20 ; 
T = 96 ; 
Init = [ 1 1 1 1 0 0 0 0 0 1 1 1 1 1 1 1 1 1 1 1 ]
L = [ 9 9 9 9 4 4 4 4 4 9 9 3 2 2 2 2 2 2 3 3 ]
l = [ 9 9 9 9 4 4 4 4 4 9 9 3 2 2 2 2 2 2 3 3 ]
Pmin = [ 96 96 96 96 36 36 36 36 36 96 96 26 20 20 20 20 20 20 22 22 ]
Pmax = [ 401 401 401 401 125 125 125 125 125 372 372 89 40 40 40 40 40 40 77 77 ]
cf = [ 35.2411 35.2411 35.2411 35.2411 47.5989 47.5989 47.5989 47.5989 47.5989 64.65 64.65 58.5686 40.9341 40.9341 40.9341 40.9341 40.9341 40.9341 11.1943 11.1943 ]
c0 = [ 246 246 246 246 108 108 108 108 108 250 250 87 77 77 77 77 77 77 64 64 ]
cp = [ 19.9074 19.9074 19.9074 19.9074 24.1903 24.1903 24.1903 24.1903 24.1903 15.1796 15.1796 38.7799 41.7621 41.7621 41.7621 41.7621 41.7621 41.7621 37.1347 37.1347 ]
D = [ 856 996 1169 1303 1491 1692 1885 2100 2200 2380 2556 2729 2975 2632 2494 2165 1994 1728 1950 2245 2494 2044 1591 1144 692 987 1153 1304 1460 1725 1891 2075 2221 2429 2678 2830 3041 2690 2452 2247 1868 1690 1982 2283 2471 2106 1704 1347 982 1074 1310 1506 1711 1769 2070 2211 2382 2537 2772 2822 3036 2794 2565 2261 2053 1752 2005 2277 2508 2139 1815 1436 994 1192 1404 1463 1584 1816 1906 2047 2266 2460 2597 2658 2910 2677 2394 2144 1945 1620 1934 2206 2519 2143 1683 1302 ]
K = 6
nk = [ 1 1 1 1 2 2 2 2 2 3 3 4 5 5 5 5 5 5 6 6 ]
First = [ 1 0 0 0 1 0 0 0 0 1 0 1 1 0 0 0 0 0 1 0 ]
Last = [ 0 0 0 1 0 0 0 0 1 0 1 1 0 0 0 0 0 1 0 1 ]
nS = 1
S = [ 6.94702e-310 6.94702e-310 0 0 0 0 0 0 0 0 0 0 0 0 0 0 0 0 0 0 ]
