n = 20 ; 
T = 96 ; 
Init = [ 0 0 0 0 0 1 1 1 1 1 1 1 1 1 1 0 0 1 1 1 ]
L = [ 7 4 4 4 4 7 7 7 7 7 8 8 8 8 8 3 3 3 3 3 ]
l = [ 7 4 4 4 4 7 7 7 7 7 8 8 8 8 8 3 3 3 3 3 ]
Pmin = [ 88 48 48 48 48 75 75 75 75 75 87 87 87 87 87 35 35 37 37 37 ]
Pmax = [ 330 156 156 156 156 277 277 277 277 277 342 342 342 342 342 105 105 118 118 118 ]
cf = [ 24.2771 64.7583 64.7583 64.7583 64.7583 25.9872 25.9872 25.9872 25.9872 25.9872 8.65834 8.65834 8.65834 8.65834 8.65834 7.52067 7.52067 68.4623 68.4623 68.4623 ]
c0 = [ 228 147 147 147 147 200 200 200 200 200 231 231 231 231 231 109 109 116 116 116 ]
cp = [ 17.5464 37.105 37.105 37.105 37.105 27.6159 27.6159 27.6159 27.6159 27.6159 24.2666 24.2666 24.2666 24.2666 24.2666 39.7474 39.7474 36.5898 36.5898 36.5898 ]
D = [ 1135 1420 1613 1776 2099 2207 2478 2736 2915 3135 3389 3562 3825 3484 3219 2763 2498 2208 2624 3083 3511 2939 2459 1874 1290 1555 1649 1842 2084 2307 2607 2739 3015 3171 3450 3544 3736 3496 3161 3039 2667 2378 2782 3096 3644 2867 2338 1629 1030 1281 1578 1751 2077 2364 2574 2735 3118 3257 3674 3825 4039 3718 3411 3027 2642 2300 2768 3133 3577 2997 2364 1703 1130 1453 1612 1906 2079 2335 2508 2707 2912 3168 3303 3570 3798 3474 3161 2903 2456 2127 2618 3148 3469 2844 2337 1755 ]
K = 6
nk = [ 1 2 2 2 2 3 3 3 3 3 4 4 4 4 4 5 5 6 6 6 ]
First = [ 1 1 0 0 0 1 0 0 0 0 1 0 0 0 0 1 0 1 0 0 ]
Last = [ 1 0 0 0 1 0 0 0 0 1 0 0 0 0 1 0 1 0 0 1 ]
nS = 1
S = [ 6.94702e-310 6.94702e-310 0 0 0 0 0 0 0 0 0 0 0 0 0 0 0 0 0 0 ]
