n = 20 ; 
T = 96 ; 
Init = [ 0 0 0 0 0 0 1 1 1 1 1 1 1 1 1 0 0 1 1 1 ]
L = [ 4 4 4 4 4 4 6 6 6 6 9 9 9 9 9 7 7 8 8 8 ]
l = [ 4 4 4 4 4 4 6 6 6 6 9 9 9 9 9 7 7 8 8 8 ]
Pmin = [ 41 41 41 41 41 41 65 65 65 65 100 100 100 100 100 77 77 82 82 82 ]
Pmax = [ 126 126 126 126 126 126 260 260 260 260 412 412 412 412 412 298 298 319 319 319 ]
cf = [ 60.5267 60.5267 60.5267 60.5267 60.5267 60.5267 27.2029 27.2029 27.2029 27.2029 49.4991 49.4991 49.4991 49.4991 49.4991 36.2923 36.2923 25.1472 25.1472 25.1472 ]
c0 = [ 124 124 124 124 124 124 174 174 174 174 250 250 250 250 250 211 211 227 227 227 ]
cp = [ 30.8671 30.8671 30.8671 30.8671 30.8671 30.8671 14.5679 14.5679 14.5679 14.5679 16.1486 16.1486 16.1486 16.1486 16.1486 16.3908 16.3908 17.7867 17.7867 17.7867 ]
D = [ 1378 1609 1924 2079 2425 2650 2824 3056 3357 3702 3896 4182 4354 4099 3682 3297 2961 2700 3226 3728 4151 3498 2845 2254 1494 1756 1927 2218 2536 2818 3196 3481 3677 4028 4138 4421 4705 4394 3924 3654 3290 2801 3151 3697 4001 3436 2772 2025 1412 1594 1727 2095 2390 2540 2952 3039 3292 3715 3940 4053 4312 3979 3752 3524 3112 2790 3279 3675 3977 3299 2502 1837 1230 1508 1809 1995 2367 2565 2790 3057 3412 3685 3950 4256 4498 4197 3867 3448 3231 2767 3317 3726 4226 3586 2928 2245 ]
K = 5
nk = [ 1 1 1 1 1 1 2 2 2 2 3 3 3 3 3 4 4 5 5 5 ]
First = [ 1 0 0 0 0 0 1 0 0 0 1 0 0 0 0 1 0 1 0 0 ]
Last = [ 0 0 0 0 0 1 0 0 0 1 0 0 0 0 1 0 1 0 0 1 ]
nS = 1
S = [ 6.94702e-310 6.94702e-310 0 0 0 0 0 0 0 0 0 0 0 0 0 0 0 0 0 0 ]
