n = 20 ; 
T = 96 ; 
Init = [ 0 0 0 0 0 1 1 1 0 0 0 0 0 0 0 1 1 1 1 0 ]
L = [ 3 9 9 9 9 2 2 2 3 10 10 10 10 10 10 10 10 10 10 4 ]
l = [ 3 9 9 9 9 2 2 2 3 10 10 10 10 10 10 10 10 10 10 4 ]
Pmin = [ 29 97 97 97 97 28 28 28 23 100 100 100 100 100 100 100 100 100 100 34 ]
Pmax = [ 100 397 397 397 397 85 85 85 69 420 420 420 420 420 420 420 420 420 420 128 ]
cf = [ 30.5814 37.5891 37.5891 37.5891 37.5891 47.2402 47.2402 47.2402 31.8918 51.3881 51.3881 51.3881 51.3881 51.3881 51.3881 25.0955 25.0955 25.0955 25.0955 12.1923 ]
c0 = [ 100 250 250 250 250 79 79 79 74 250 250 250 250 250 250 250 250 250 250 107 ]
cp = [ 40.8121 12.1569 12.1569 12.1569 12.1569 36.0089 36.0089 36.0089 39.1016 9.56243 9.56243 9.56243 9.56243 9.56243 9.56243 9.64329 9.64329 9.64329 9.64329 31.5732 ]
D = [ 1821 2098 2540 2729 3139 3394 3799 3984 4278 4621 5138 5326 5617 5202 4638 4230 3709 3090 3645 4142 4869 3935 2954 2203 1271 1556 2018 2411 2559 3140 3364 3696 4102 4440 4740 5165 5441 5099 4477 4092 3701 3438 3827 4111 4363 3840 2933 2292 1497 1721 2177 2426 2768 3019 3325 3648 3779 4072 4457 4835 5084 4644 4302 3973 3579 3266 3753 4048 4550 3803 3086 2390 1681 2033 2403 2556 2815 3140 3594 3810 4146 4374 4680 5015 5080 4790 4401 3958 3681 3320 3724 4125 4699 3886 3023 2234 ]
K = 7
nk = [ 1 2 2 2 2 3 3 3 4 5 5 5 5 5 5 6 6 6 6 7 ]
First = [ 1 1 0 0 0 1 0 0 1 1 0 0 0 0 0 1 0 0 0 1 ]
Last = [ 1 0 0 0 1 0 0 1 1 0 0 0 0 0 1 0 0 0 1 1 ]
nS = 1
S = [ 0 0 0 0 0 0 0 0 0 0 0 0 0 0 0 0 0 0 0 0 ]
