n = 20 ; 
T = 96 ; 
Init = [ 0 0 0 0 0 0 1 1 0 0 0 0 0 0 1 1 1 1 1 1 ]
L = [ 10 10 10 10 10 10 5 5 7 7 7 7 7 7 6 6 6 4 4 4 ]
l = [ 10 10 10 10 10 10 5 5 7 7 7 7 7 7 6 6 6 4 4 4 ]
Pmin = [ 100 100 100 100 100 100 52 52 70 70 70 70 70 70 70 70 70 49 49 49 ]
Pmax = [ 420 420 420 420 420 420 196 196 269 269 269 269 269 269 259 259 259 163 163 163 ]
cf = [ 20.703 20.703 20.703 20.703 20.703 20.703 18.708 18.708 8.75759 8.75759 8.75759 8.75759 8.75759 8.75759 56.7499 56.7499 56.7499 37.4907 37.4907 37.4907 ]
c0 = [ 250 250 250 250 250 250 140 140 184 184 184 184 184 184 197 197 197 150 150 150 ]
cp = [ 8.06659 8.06659 8.06659 8.06659 8.06659 8.06659 28.7939 28.7939 19.815 19.815 19.815 19.815 19.815 19.815 33.8265 33.8265 33.8265 32.9783 32.9783 32.9783 ]
D = [ 1748 1909 2048 2308 2770 2902 3143 3365 3693 3878 4261 4394 4654 4353 4128 3741 3382 2951 3501 3964 4540 3698 2923 2185 1429 1651 2014 2180 2512 2873 3240 3443 3783 4112 4380 4645 4863 4527 4082 3645 3206 2728 3252 3700 4463 3634 2843 1990 1212 1608 1968 2235 2477 2952 3267 3586 3912 4145 4521 4891 5109 4640 4120 3832 3111 2811 3258 3695 4127 3596 2906 2392 1750 1924 2243 2435 2641 2900 3238 3591 3837 3936 4287 4670 4817 4573 4209 3747 3248 3093 3480 4019 4437 3640 2988 2371 ]
K = 5
nk = [ 1 1 1 1 1 1 2 2 3 3 3 3 3 3 4 4 4 5 5 5 ]
First = [ 1 0 0 0 0 0 1 0 1 0 0 0 0 0 1 0 0 1 0 0 ]
Last = [ 0 0 0 0 0 1 0 1 0 0 0 0 0 1 0 0 1 0 0 1 ]
nS = 1
S = [ 0 0 0 0 0 0 0 0 0 0 0 0 0 0 0 0 0 0 0 0 ]
