n = 20 ; 
T = 96 ; 
Init = [ 1 1 1 1 1 1 1 1 1 1 1 1 1 1 1 1 1 1 0 0 ]
L = [ 6 6 6 6 6 6 10 10 10 10 10 10 9 9 9 9 9 9 4 4 ]
l = [ 6 6 6 6 6 6 10 10 10 10 10 10 9 9 9 9 9 9 4 4 ]
Pmin = [ 55 55 55 55 55 55 100 100 100 100 100 100 96 96 96 96 96 96 42 42 ]
Pmax = [ 216 216 216 216 216 216 420 420 420 420 420 420 367 367 367 367 367 367 151 151 ]
cf = [ 67.3622 67.3622 67.3622 67.3622 67.3622 67.3622 38.0824 38.0824 38.0824 38.0824 38.0824 38.0824 68.6242 68.6242 68.6242 68.6242 68.6242 68.6242 32.606 32.606 ]
c0 = [ 160 160 160 160 160 160 250 250 250 250 250 250 250 250 250 250 250 250 123 123 ]
cp = [ 28.518 28.518 28.518 28.518 28.518 28.518 8.38296 8.38296 8.38296 8.38296 8.38296 8.38296 23.1424 23.1424 23.1424 23.1424 23.1424 23.1424 30.6863 30.6863 ]
D = [ 1551 1897 2183 2293 2621 3060 3416 3627 3936 4147 4454 4782 5061 4547 4277 3694 3459 3005 3672 4233 4600 3916 3110 2544 1664 2001 2433 2820 2896 3398 3565 4040 4351 4688 4926 5155 5505 5215 4616 4055 3660 3148 3476 4004 4545 3864 2937 2284 1421 1758 2079 2482 2678 3064 3475 3598 4084 4396 4762 5010 5238 4971 4454 4091 3465 3132 3622 4236 4771 4050 3213 2577 1734 2162 2440 2554 2973 3323 3555 3776 4207 4484 4861 5020 5332 4872 4426 3927 3665 3067 3584 4124 4651 3840 3227 2617 ]
K = 4
nk = [ 1 1 1 1 1 1 2 2 2 2 2 2 3 3 3 3 3 3 4 4 ]
First = [ 1 0 0 0 0 0 1 0 0 0 0 0 1 0 0 0 0 0 1 0 ]
Last = [ 0 0 0 0 0 1 0 0 0 0 0 1 0 0 0 0 0 1 0 1 ]
nS = 1
S = [ 6.94702e-310 6.94702e-310 0 0 0 0 0 0 0 0 0 0 0 0 0 0 0 0 0 0 ]
