n = 20 ; 
T = 96 ; 
Init = [ 1 0 0 0 1 0 0 0 0 0 0 1 1 1 1 1 0 0 0 1 ]
L = [ 3 4 4 4 7 4 4 4 4 4 4 10 10 10 10 10 4 6 6 3 ]
l = [ 3 4 4 4 7 4 4 4 4 4 4 10 10 10 10 10 4 6 6 3 ]
Pmin = [ 25 50 50 50 81 34 34 34 34 34 34 100 100 100 100 100 38 65 65 33 ]
Pmax = [ 78 167 167 167 298 109 109 109 109 109 109 416 416 416 416 416 132 247 247 118 ]
cf = [ 51.1903 40.1043 40.1043 40.1043 32.5884 46.4757 46.4757 46.4757 46.4757 46.4757 46.4757 7.69474 7.69474 7.69474 7.69474 7.69474 18.1785 59.579 59.579 32.4869 ]
c0 = [ 82 137 137 137 219 113 113 113 113 113 113 250 250 250 250 250 102 188 188 95 ]
cp = [ 41.129 29.3641 29.3641 29.3641 24.2903 24.2892 24.2892 24.2892 24.2892 24.2892 24.2892 11.0237 11.0237 11.0237 11.0237 11.0237 32.1775 21.7486 21.7486 33.4903 ]
D = [ 1339 1429 1738 1938 2137 2369 2537 2880 3091 3297 3533 3599 3920 3504 3186 2780 2472 2114 2461 2920 3347 2823 2223 1681 1118 1329 1641 1778 2081 2201 2494 2638 2884 3128 3266 3501 3764 3389 3191 2861 2526 2108 2452 2744 3059 2631 2119 1642 966 1317 1585 1701 1972 2157 2358 2706 2791 3092 3293 3578 3799 3457 3054 2834 2438 2022 2524 2939 3298 2811 2258 1553 1125 1270 1483 1783 1969 2246 2417 2736 2987 3105 3457 3609 3875 3566 3166 2875 2669 2207 2638 2961 3207 2632 2067 1553 ]
K = 8
nk = [ 1 2 2 2 3 4 4 4 4 4 4 5 5 5 5 5 6 7 7 8 ]
First = [ 1 1 0 0 1 1 0 0 0 0 0 1 0 0 0 0 1 1 0 1 ]
Last = [ 1 0 0 1 1 0 0 0 0 0 1 0 0 0 0 1 1 0 1 1 ]
nS = 20
S = [ 1 1 1 1 1 1 1 1 1 1 1 1 1 1 1 1 1 1 1 1 ]
