n = 20 ; 
T = 96 ; 
Init = [ 0 0 0 0 0 1 1 1 1 1 1 1 1 1 0 0 0 0 0 0 ]
L = [ 7 7 7 7 7 2 2 2 2 4 4 4 4 4 10 10 10 7 7 7 ]
l = [ 7 7 7 7 7 2 2 2 2 4 4 4 4 4 10 10 10 7 7 7 ]
Pmin = [ 75 75 75 75 75 15 15 15 15 37 37 37 37 37 100 100 100 76 76 76 ]
Pmax = [ 287 287 287 287 287 38 38 38 38 133 133 133 133 133 420 420 420 295 295 295 ]
cf = [ 30.9337 30.9337 30.9337 30.9337 30.9337 67.6486 67.6486 67.6486 67.6486 15.1401 15.1401 15.1401 15.1401 15.1401 66.2258 66.2258 66.2258 35.7769 35.7769 35.7769 ]
c0 = [ 199 199 199 199 199 46 46 46 46 103 103 103 103 103 250 250 250 209 209 209 ]
cp = [ 23.6435 23.6435 23.6435 23.6435 23.6435 40.6516 40.6516 40.6516 40.6516 30.6507 30.6507 30.6507 30.6507 30.6507 8.05988 8.05988 8.05988 27.4903 27.4903 27.4903 ]
D = [ 1240 1451 1626 1890 2052 2441 2615 2879 2946 3262 3442 3696 3926 3540 3223 2958 2551 2283 2709 3023 3526 2889 2267 1678 1240 1352 1660 1745 1987 2164 2367 2604 2910 2983 3244 3471 3680 3307 3051 2881 2514 2317 2508 2993 3276 2735 2324 1705 1197 1494 1672 1818 2040 2272 2453 2646 2874 3085 3201 3472 3560 3414 3053 2773 2481 2235 2687 3121 3367 2858 2304 1746 1137 1457 1555 1854 1982 2207 2358 2523 2736 3061 3261 3313 3560 3362 3010 2723 2427 2235 2519 2841 3150 2589 2054 1510 ]
K = 5
nk = [ 1 1 1 1 1 2 2 2 2 3 3 3 3 3 4 4 4 5 5 5 ]
First = [ 1 0 0 0 0 1 0 0 0 1 0 0 0 0 1 0 0 1 0 0 ]
Last = [ 0 0 0 0 1 0 0 0 1 0 0 0 0 1 0 0 1 0 0 1 ]
nS = 1
S = [ 6.94702e-310 6.94702e-310 0 0 0 0 0 0 0 0 0 0 0 0 0 0 0 0 0 0 ]
