n = 20 ; 
T = 96 ; 
Init = [ 0 0 0 0 0 0 0 0 0 0 0 0 0 0 0 0 0 0 1 1 ]
L = [ 8 8 8 8 8 8 8 8 8 8 3 3 3 3 3 3 3 3 8 8 ]
l = [ 8 8 8 8 8 8 8 8 8 8 3 3 3 3 3 3 3 3 8 8 ]
Pmin = [ 92 92 92 92 92 92 92 92 92 92 33 33 33 33 33 33 33 33 82 82 ]
Pmax = [ 371 371 371 371 371 371 371 371 371 371 94 94 94 94 94 94 94 94 340 340 ]
cf = [ 69.3197 69.3197 69.3197 69.3197 69.3197 69.3197 69.3197 69.3197 69.3197 69.3197 9.82615 9.82615 9.82615 9.82615 9.82615 9.82615 9.82615 9.82615 66.2068 66.2068 ]
c0 = [ 231 231 231 231 231 231 231 231 231 231 112 112 112 112 112 112 112 112 208 208 ]
cp = [ 15.827 15.827 15.827 15.827 15.827 15.827 15.827 15.827 15.827 15.827 31.3428 31.3428 31.3428 31.3428 31.3428 31.3428 31.3428 31.3428 13.5024 13.5024 ]
D = [ 1314 1648 1936 2088 2362 2620 2917 3201 3438 3801 4051 4277 4575 4208 3874 3435 3054 2589 2944 3432 3822 3358 2757 1993 1485 1661 1930 2190 2377 2727 2984 3153 3522 3582 3916 4166 4405 4098 3779 3265 3035 2687 3187 3474 4013 3251 2590 1973 1235 1582 1812 2089 2462 2711 2932 3207 3471 3824 4021 4307 4547 4069 3668 3265 3022 2455 3087 3555 3976 3288 2689 2039 1375 1665 1969 2072 2318 2625 3032 3254 3508 3711 3922 4255 4589 4192 3871 3516 3129 2814 3182 3606 3972 3251 2538 2040 ]
K = 3
nk = [ 1 1 1 1 1 1 1 1 1 1 2 2 2 2 2 2 2 2 3 3 ]
First = [ 1 0 0 0 0 0 0 0 0 0 1 0 0 0 0 0 0 0 1 0 ]
Last = [ 0 0 0 0 0 0 0 0 0 1 0 0 0 0 0 0 0 1 0 1 ]
nS = 20
S = [ 1 1 1 1 1 1 1 1 1 1 1 1 1 1 1 1 1 1 1 1 ]
