n = 20 ; 
T = 96 ; 
Init = [ 1 1 1 1 1 0 0 0 0 0 1 1 1 1 1 1 1 1 1 0 ]
L = [ 7 7 7 7 7 4 4 4 4 4 10 10 10 10 10 10 10 10 10 8 ]
l = [ 7 7 7 7 7 4 4 4 4 4 10 10 10 10 10 10 10 10 10 8 ]
Pmin = [ 80 80 80 80 80 41 41 41 41 41 100 100 100 100 100 100 100 100 100 89 ]
Pmax = [ 305 305 305 305 305 125 125 125 125 125 420 420 420 420 420 420 420 420 420 335 ]
cf = [ 50.978 50.978 50.978 50.978 50.978 57.4559 57.4559 57.4559 57.4559 57.4559 47.6536 47.6536 47.6536 47.6536 47.6536 47.6536 47.6536 47.6536 47.6536 19.8666 ]
c0 = [ 213 213 213 213 213 114 114 114 114 114 250 250 250 250 250 250 250 250 250 227 ]
cp = [ 22.4448 22.4448 22.4448 22.4448 22.4448 37.0464 37.0464 37.0464 37.0464 37.0464 8.70503 8.70503 8.70503 8.70503 8.70503 8.70503 8.70503 8.70503 8.70503 20.8331 ]
D = [ 1620 1885 2103 2458 2790 3069 3291 3648 3889 4251 4459 4824 5081 4806 4255 3790 3446 3089 3425 3833 4296 3678 3085 2378 1611 1905 2258 2429 2889 3045 3495 3682 4006 4261 4635 5019 5179 4871 4212 3772 3332 2879 3581 4270 4774 3945 3158 2238 1446 1527 2090 2249 2637 2823 3144 3640 3979 4189 4461 4756 5294 4665 4338 4028 3440 3120 3778 4143 4866 4022 3199 2396 1742 1990 2362 2728 2967 3176 3608 3961 4169 4524 4894 5241 5546 5038 4498 3988 3567 2880 3591 4157 4728 4075 3136 2457 ]
K = 4
nk = [ 1 1 1 1 1 2 2 2 2 2 3 3 3 3 3 3 3 3 3 4 ]
First = [ 1 0 0 0 0 1 0 0 0 0 1 0 0 0 0 0 0 0 0 1 ]
Last = [ 0 0 0 0 1 0 0 0 0 1 0 0 0 0 0 0 0 0 1 1 ]
nS = 20
S = [ 1 1 1 1 1 1 1 1 1 1 1 1 1 1 1 1 1 1 1 1 ]
