n = 20 ; 
T = 96 ; 
Init = [ 0 0 0 1 1 1 1 1 0 0 0 0 0 0 1 1 1 1 1 1 ]
L = [ 8 8 8 6 6 6 6 6 7 7 7 7 7 7 5 5 5 5 5 5 ]
l = [ 8 8 8 6 6 6 6 6 7 7 7 7 7 7 5 5 5 5 5 5 ]
Pmin = [ 92 92 92 61 61 61 61 61 75 75 75 75 75 75 50 54 54 54 54 54 ]
Pmax = [ 366 366 366 231 231 231 231 231 285 285 285 285 285 285 163 211 211 211 211 211 ]
cf = [ 32.2988 32.2988 32.2988 50.8649 50.8649 50.8649 50.8649 50.8649 47.5348 47.5348 47.5348 47.5348 47.5348 47.5348 31.5083 43.4404 43.4404 43.4404 43.4404 43.4404 ]
c0 = [ 250 250 250 161 161 161 161 161 202 202 202 202 202 202 136 144 144 144 144 144 ]
cp = [ 16.7508 16.7508 16.7508 22.2679 22.2679 22.2679 22.2679 22.2679 18.227 18.227 18.227 18.227 18.227 18.227 26.3263 23.973 23.973 23.973 23.973 23.973 ]
D = [ 1380 1497 1729 2117 2368 2531 2745 3058 3210 3579 3723 4053 4383 3900 3752 3374 2943 2649 3095 3480 3900 3227 2587 2018 1330 1452 1919 2177 2280 2676 2934 3157 3309 3629 3961 4230 4443 4021 3744 3371 2909 2570 3000 3272 3711 2986 2345 1800 1231 1455 1843 1999 2222 2606 2812 2962 3344 3512 3760 3993 4231 3917 3738 3348 3121 2726 3115 3375 3732 3127 2559 2085 1534 1713 2030 2260 2364 2582 2779 3011 3179 3477 3627 3914 4204 3792 3521 3272 2789 2444 3018 3398 3823 3022 2538 1850 ]
K = 5
nk = [ 1 1 1 2 2 2 2 2 3 3 3 3 3 3 4 5 5 5 5 5 ]
First = [ 1 0 0 1 0 0 0 0 1 0 0 0 0 0 1 1 0 0 0 0 ]
Last = [ 0 0 1 0 0 0 0 1 0 0 0 0 0 1 1 0 0 0 0 1 ]
nS = 1
S = [ 6.94702e-310 6.94702e-310 0 0 0 0 0 0 0 0 0 0 0 0 0 0 0 0 0 0 ]
