n = 20 ; 
T = 96 ; 
Init = [ 1 1 0 0 0 0 0 0 0 0 1 1 1 1 1 1 1 1 1 1 ]
L = [ 7 6 8 8 8 8 8 10 10 10 7 7 7 7 7 7 3 3 10 10 ]
l = [ 7 6 8 8 8 8 8 10 10 10 7 7 7 7 7 7 3 3 10 10 ]
Pmin = [ 73 72 83 83 83 83 83 100 100 100 71 71 71 71 71 71 31 31 98 98 ]
Pmax = [ 302 275 324 324 324 324 324 415 415 415 290 290 290 290 290 290 85 85 410 410 ]
cf = [ 17.3736 29.9979 36.883 36.883 36.883 36.883 36.883 19.3268 19.3268 19.3268 51.549 51.549 51.549 51.549 51.549 51.549 38.4212 38.4212 49.7828 49.7828 ]
c0 = [ 188 185 219 219 219 219 219 250 250 250 190 190 190 190 190 190 94 94 250 250 ]
cp = [ 13.6846 21.0353 17.7427 17.7427 17.7427 17.7427 17.7427 8.63814 8.63814 8.63814 16.8103 16.8103 16.8103 16.8103 16.8103 16.8103 37.755 37.755 8.34744 8.34744 ]
D = [ 1465 1847 2088 2425 2811 3139 3400 3589 3944 4383 4698 5002 5239 4808 4401 4047 3508 3100 3709 3953 4360 3698 3010 2093 1321 1731 2039 2420 2760 3094 3302 3659 3942 4275 4428 4839 5175 4864 4496 4107 3551 3238 3506 3986 4414 3678 3071 2251 1546 1839 2238 2519 2809 3029 3339 3650 3767 4122 4404 4788 4985 4732 4259 3903 3674 3204 3758 4188 4664 3844 3095 2562 1687 2026 2303 2665 2873 3396 3518 3909 4213 4610 4836 5212 5361 4895 4392 3846 3505 2997 3518 4004 4272 3525 2789 1998 ]
K = 7
nk = [ 1 2 3 3 3 3 3 4 4 4 5 5 5 5 5 5 6 6 7 7 ]
First = [ 1 1 1 0 0 0 0 1 0 0 1 0 0 0 0 0 1 0 1 0 ]
Last = [ 1 1 0 0 0 0 1 0 0 1 0 0 0 0 0 1 0 1 0 1 ]
nS = 1
S = [ 6.94702e-310 6.94702e-310 0 0 0 0 0 0 0 0 0 0 0 0 0 0 0 0 0 0 ]
