n = 20 ; 
T = 96 ; 
Init = [ 0 0 0 0 0 0 0 0 0 0 0 0 0 0 0 1 1 1 1 1 ]
L = [ 8 8 8 8 8 8 9 9 9 9 8 8 8 8 8 6 6 6 6 6 ]
l = [ 8 8 8 8 8 8 9 9 9 9 8 8 8 8 8 6 6 6 6 6 ]
Pmin = [ 87 87 87 87 87 87 95 95 95 95 87 87 87 87 87 59 59 59 59 59 ]
Pmax = [ 355 355 355 355 355 355 374 374 374 374 324 324 324 324 324 240 240 240 240 240 ]
cf = [ 34.8175 34.8175 34.8175 34.8175 34.8175 34.8175 15.2192 15.2192 15.2192 15.2192 61.9736 61.9736 61.9736 61.9736 61.9736 61.4759 61.4759 61.4759 61.4759 61.4759 ]
c0 = [ 235 235 235 235 235 235 250 250 250 250 231 231 231 231 231 157 157 157 157 157 ]
cp = [ 15.6491 15.6491 15.6491 15.6491 15.6491 15.6491 12.1276 12.1276 12.1276 12.1276 17.8653 17.8653 17.8653 17.8653 17.8653 24.1031 24.1031 24.1031 24.1031 24.1031 ]
D = [ 1563 1796 2347 2607 2852 3113 3411 3833 4029 4324 4790 5053 5426 5083 4613 4144 3651 3354 3773 4365 4900 4077 3354 2572 1734 2189 2450 2598 3030 3235 3570 3690 4135 4317 4574 4999 5331 4858 4405 4141 3621 3381 3687 4191 4691 4031 3252 2486 1901 2199 2478 2756 3030 3431 3599 3794 4244 4505 4861 5209 5443 4962 4641 4075 3792 3342 3846 4395 4942 4149 3397 2465 1720 2004 2402 2654 2920 3300 3787 4157 4408 4793 5059 5274 5717 5185 4744 4019 3587 3003 3843 4294 5124 4175 3091 2343 ]
K = 4
nk = [ 1 1 1 1 1 1 2 2 2 2 3 3 3 3 3 4 4 4 4 4 ]
First = [ 1 0 0 0 0 0 1 0 0 0 1 0 0 0 0 1 0 0 0 0 ]
Last = [ 0 0 0 0 0 1 0 0 0 1 0 0 0 0 1 0 0 0 0 1 ]
nS = 1
S = [ 6.94702e-310 6.94702e-310 0 0 0 0 0 0 0 0 0 0 0 0 0 0 0 0 0 0 ]
