n = 20 ; 
T = 96 ; 
Init = [ 0 0 0 0 0 0 0 0 0 0 0 0 0 0 0 0 0 0 1 1 ]
L = [ 8 8 8 8 8 8 8 8 8 8 6 6 6 6 6 6 6 6 6 6 ]
l = [ 8 8 8 8 8 8 8 8 8 8 6 6 6 6 6 6 6 6 6 6 ]
Pmin = [ 90 90 90 90 90 90 90 90 90 90 60 60 60 65 65 65 65 65 64 64 ]
Pmax = [ 349 349 349 349 349 349 349 349 349 349 222 222 222 256 256 256 256 256 234 234 ]
cf = [ 13.6879 13.6879 13.6879 13.6879 13.6879 13.6879 13.6879 13.6879 13.6879 13.6879 43.6159 43.6159 43.6159 60.076 60.076 60.076 60.076 60.076 7.45275 7.45275 ]
c0 = [ 242 242 242 242 242 242 242 242 242 242 156 156 156 182 182 182 182 182 170 170 ]
cp = [ 10.894 10.894 10.894 10.894 10.894 10.894 10.894 10.894 10.894 10.894 22.8955 22.8955 22.8955 35.1738 35.1738 35.1738 35.1738 35.1738 24.1333 24.1333 ]
D = [ 1802 2073 2255 2448 2747 2938 3242 3653 3906 4013 4289 4663 4763 4375 4022 3680 3420 2924 3413 3766 4293 3597 2697 2080 1117 1661 1808 2261 2494 2815 3074 3479 3847 4260 4426 4881 5078 4601 4139 3793 3331 2894 3360 3946 4505 3690 3170 2365 1599 1950 2305 2482 2893 3141 3463 3872 4055 4458 4675 4948 5192 4805 4453 3921 3509 3009 3608 4115 4497 3704 3028 2289 1612 1813 2119 2290 2549 2969 3018 3462 3671 3829 4160 4472 4786 4431 4030 3497 3227 2732 3414 4036 4610 3697 2835 1988 ]
K = 4
nk = [ 1 1 1 1 1 1 1 1 1 1 2 2 2 3 3 3 3 3 4 4 ]
First = [ 1 0 0 0 0 0 0 0 0 0 1 0 0 1 0 0 0 0 1 0 ]
Last = [ 0 0 0 0 0 0 0 0 0 1 0 0 1 0 0 0 0 1 0 1 ]
nS = 20
S = [ 1 1 1 1 1 1 1 1 1 1 1 1 1 1 1 1 1 1 1 1 ]
