n = 20 ; 
T = 96 ; 
Init = [ 1 1 1 1 1 0 0 0 0 0 0 0 0 0 1 1 1 0 0 0 ]
L = [ 8 8 8 8 8 7 7 7 7 9 2 2 2 2 2 2 2 6 6 6 ]
l = [ 8 8 8 8 8 7 7 7 7 9 2 2 2 2 2 2 2 6 6 6 ]
Pmin = [ 89 89 89 89 89 70 70 70 70 100 19 19 19 19 16 16 16 65 65 65 ]
Pmax = [ 358 358 358 358 358 263 263 263 263 395 44 44 44 44 47 47 47 246 246 246 ]
cf = [ 46.3021 46.3021 46.3021 46.3021 46.3021 26.272 26.272 26.272 26.272 67.966 56.7313 56.7313 56.7313 56.7313 20.0012 20.0012 20.0012 15.8124 15.8124 15.8124 ]
c0 = [ 235 235 235 235 235 190 190 190 190 250 65 65 65 65 70 70 70 186 186 186 ]
cp = [ 32.795 32.795 32.795 32.795 32.795 25.2991 25.2991 25.2991 25.2991 9.64542 38.6115 38.6115 38.6115 38.6115 39.0157 39.0157 39.0157 24.841 24.841 24.841 ]
D = [ 935 1145 1461 1597 1790 2133 2397 2535 2820 3053 3263 3537 3795 3488 3070 2891 2521 2164 2540 2834 3252 2772 2221 1592 1216 1279 1518 1735 2053 2198 2377 2636 2814 3072 3213 3393 3630 3280 2951 2647 2353 1974 2529 2933 3344 2831 2118 1550 1024 1234 1461 1735 1973 2205 2415 2585 2786 3043 3351 3598 3786 3496 3030 2796 2501 2055 2403 2948 3350 2697 2075 1581 894 1176 1368 1634 1739 1973 2245 2352 2564 2774 3020 3258 3544 3165 2890 2752 2414 2240 2618 2988 3421 2817 2234 1633 ]
K = 6
nk = [ 1 1 1 1 1 2 2 2 2 3 4 4 4 4 5 5 5 6 6 6 ]
First = [ 1 0 0 0 0 1 0 0 0 1 1 0 0 0 1 0 0 1 0 0 ]
Last = [ 0 0 0 0 1 0 0 0 1 1 0 0 0 1 0 0 1 0 0 1 ]
nS = 1
S = [ 6.94702e-310 6.94702e-310 0 0 0 0 0 0 0 0 0 0 0 0 0 0 0 0 0 0 ]
