n = 20 ; 
T = 96 ; 
Init = [ 0 0 0 0 0 1 1 1 1 1 1 1 1 0 0 0 0 0 1 1 ]
L = [ 3 3 3 3 3 8 8 7 7 7 7 7 7 3 7 7 7 7 9 9 ]
l = [ 3 3 3 3 3 8 8 7 7 7 7 7 7 3 7 7 7 7 9 9 ]
Pmin = [ 29 29 29 29 29 77 77 79 79 79 79 79 79 27 79 79 79 79 95 95 ]
Pmax = [ 92 92 92 92 92 308 308 303 303 303 303 303 303 65 319 319 319 319 392 392 ]
cf = [ 40.373 40.373 40.373 40.373 40.373 58.197 58.197 66.546 66.546 66.546 66.546 66.546 66.546 64.5739 15.2415 15.2415 15.2415 15.2415 67.9012 67.9012 ]
c0 = [ 91 91 91 91 91 215 215 219 219 219 219 219 219 83 216 216 216 216 249 249 ]
cp = [ 34.8236 34.8236 34.8236 34.8236 34.8236 23.4603 23.4603 28.3635 28.3635 28.3635 28.3635 28.3635 28.3635 38.6211 17.9878 17.9878 17.9878 17.9878 12.467 12.467 ]
D = [ 1034 1406 1565 1935 2270 2416 2695 3086 3259 3532 3967 4107 4442 4012 3543 3141 2735 2374 2924 3233 3769 3204 2620 2138 1549 1626 1884 2224 2376 2719 2908 3122 3259 3554 3856 3982 4227 4020 3631 3300 2843 2673 3118 3482 3942 3186 2777 2022 1419 1791 1952 2090 2286 2556 2814 2921 3147 3387 3601 3890 4200 3790 3573 3290 2824 2609 3138 3568 3902 3289 2672 1973 1246 1515 1868 2148 2360 2633 2690 2953 3265 3412 3682 4016 4158 3945 3617 3295 2964 2653 3071 3329 3818 3246 2618 1950 ]
K = 6
nk = [ 1 1 1 1 1 2 2 3 3 3 3 3 3 4 5 5 5 5 6 6 ]
First = [ 1 0 0 0 0 1 0 1 0 0 0 0 0 1 1 0 0 0 1 0 ]
Last = [ 0 0 0 0 1 0 1 0 0 0 0 0 1 1 0 0 0 1 0 1 ]
nS = 1
S = [ 6.94702e-310 6.94702e-310 0 0 0 0 0 0 0 0 0 0 0 0 0 0 0 0 0 0 ]
