n = 30 ; 
T = 48 ; 
Init = [ 1 1 1 1 1 1 1 1 1 1 1 1 1 1 1 1 1 1 1 1 1 1 0 0 0 0 0 0 0 1 ]
L = [ 10 10 10 10 10 10 10 10 10 10 10 5 5 5 5 5 5 5 5 5 5 5 8 8 8 8 8 8 8 2 ]
l = [ 10 10 10 10 10 10 10 10 10 10 10 5 5 5 5 5 5 5 5 5 5 5 8 8 8 8 8 8 8 2 ]
Pmin = [ 100 100 100 100 100 100 100 100 100 100 100 43 43 43 43 43 43 43 43 43 43 43 84 84 84 84 84 84 84 23 ]
Pmax = [ 420 420 420 420 420 420 420 420 420 420 420 160 160 160 160 160 160 160 160 160 160 160 343 343 343 343 343 343 343 61 ]
cf = [ 36.3192 36.3192 36.3192 36.3192 36.3192 36.3192 36.3192 36.3192 36.3192 36.3192 36.3192 46.7226 46.7226 46.7226 46.7226 46.7226 46.7226 46.7226 46.7226 46.7226 46.7226 46.7226 54.2659 54.2659 54.2659 54.2659 54.2659 54.2659 54.2659 19.1297 ]
c0 = [ 250 250 250 250 250 250 250 250 250 250 250 122 122 122 122 122 122 122 122 122 122 122 228 228 228 228 228 228 228 79 ]
cp = [ 9.49529 9.49529 9.49529 9.49529 9.49529 9.49529 9.49529 9.49529 9.49529 9.49529 9.49529 30.6562 30.6562 30.6562 30.6562 30.6562 30.6562 30.6562 30.6562 30.6562 30.6562 30.6562 9.88048 9.88048 9.88048 9.88048 9.88048 9.88048 9.88048 41.8337 ]
D = [ 2131 2536 2895 3443 3837 4310 4853 5440 6078 6341 7094 7324 8083 7247 6695 6112 5426 4649 5073 5873 6408 5365 4461 3470 2573 2780 3422 3841 4264 4603 5272 5671 6056 6461 7000 7505 7812 7318 6612 5972 5226 4591 5300 6165 6783 5608 4677 3435 ]
K = 4
nk = [ 1 1 1 1 1 1 1 1 1 1 1 2 2 2 2 2 2 2 2 2 2 2 3 3 3 3 3 3 3 4 ]
First = [ 1 0 0 0 0 0 0 0 0 0 0 1 0 0 0 0 0 0 0 0 0 0 1 0 0 0 0 0 0 1 ]
Last = [ 0 0 0 0 0 0 0 0 0 0 1 0 0 0 0 0 0 0 0 0 0 1 0 0 0 0 0 0 1 1 ]
nS = 30
S = [ 1 1 1 1 1 1 1 1 1 1 1 1 1 1 1 1 1 1 1 1 1 1 1 1 1 1 1 1 1 1 ]
