n = 30 ; 
T = 48 ; 
Init = [ 0 0 0 0 0 0 0 0 0 0 1 1 1 1 1 1 1 1 1 1 1 1 1 0 0 0 0 0 0 0 ]
L = [ 4 4 4 4 4 4 4 4 4 4 10 10 10 10 10 10 10 10 10 10 10 10 10 9 9 9 9 9 9 9 ]
l = [ 4 4 4 4 4 4 4 4 4 4 10 10 10 10 10 10 10 10 10 10 10 10 10 9 9 9 9 9 9 9 ]
Pmin = [ 45 45 45 45 45 45 45 45 45 45 100 100 100 100 100 100 100 100 100 100 100 100 100 100 100 100 100 100 100 100 ]
Pmax = [ 156 156 156 156 156 156 156 156 156 156 420 420 420 420 420 420 420 420 420 420 420 420 420 410 410 410 410 410 410 410 ]
cf = [ 56.5418 56.5418 56.5418 56.5418 56.5418 56.5418 56.5418 56.5418 56.5418 56.5418 47.0658 47.0658 47.0658 47.0658 47.0658 47.0658 47.0658 47.0658 47.0658 47.0658 47.0658 47.0658 47.0658 9.49963 9.49963 9.49963 9.49963 9.49963 9.49963 9.49963 ]
c0 = [ 125 125 125 125 125 125 125 125 125 125 250 250 250 250 250 250 250 250 250 250 250 250 250 250 250 250 250 250 250 250 ]
cp = [ 30.6004 30.6004 30.6004 30.6004 30.6004 30.6004 30.6004 30.6004 30.6004 30.6004 9.6291 9.6291 9.6291 9.6291 9.6291 9.6291 9.6291 9.6291 9.6291 9.6291 9.6291 9.6291 9.6291 12.2057 12.2057 12.2057 12.2057 12.2057 12.2057 12.2057 ]
D = [ 2740 2985 3486 4036 4683 4967 5652 6104 6548 7090 7821 8260 8454 7758 6920 6483 5604 4679 5811 6366 7403 6127 5043 3769 2335 3128 3306 3831 4626 4857 5532 6113 6531 6764 7292 7754 8220 7553 6970 6359 5610 4951 5971 6411 7030 5849 4570 3563 ]
K = 3
nk = [ 1 1 1 1 1 1 1 1 1 1 2 2 2 2 2 2 2 2 2 2 2 2 2 3 3 3 3 3 3 3 ]
First = [ 1 0 0 0 0 0 0 0 0 0 1 0 0 0 0 0 0 0 0 0 0 0 0 1 0 0 0 0 0 0 ]
Last = [ 0 0 0 0 0 0 0 0 0 1 0 0 0 0 0 0 0 0 0 0 0 0 1 0 0 0 0 0 0 1 ]
nS = 30
S = [ 1 1 1 1 1 1 1 1 1 1 1 1 1 1 1 1 1 1 1 1 1 1 1 1 1 1 1 1 1 1 ]
