n = 30 ; 
T = 48 ; 
Init = [ 1 1 1 1 1 1 1 1 1 1 1 0 0 1 1 0 0 0 0 0 0 0 0 0 0 0 0 0 0 0 ]
L = [ 6 6 6 10 10 10 10 10 10 10 10 2 2 2 2 5 5 5 5 5 5 5 5 5 6 6 6 6 6 6 ]
l = [ 6 6 6 10 10 10 10 10 10 10 10 2 2 2 2 5 5 5 5 5 5 5 5 5 6 6 6 6 6 6 ]
Pmin = [ 63 63 63 100 100 100 100 100 100 100 100 22 22 24 24 47 47 47 47 47 47 47 47 47 62 62 62 62 62 62 ]
Pmax = [ 245 245 245 404 404 404 404 404 404 404 404 52 52 65 65 177 177 177 177 177 177 177 177 177 245 245 245 245 245 245 ]
cf = [ 67.4498 67.4498 67.4498 53.7772 53.7772 53.7772 53.7772 53.7772 53.7772 53.7772 53.7772 51.3258 51.3258 22.312 22.312 23.6711 23.6711 23.6711 23.6711 23.6711 23.6711 23.6711 23.6711 23.6711 21.7059 21.7059 21.7059 21.7059 21.7059 21.7059 ]
c0 = [ 179 179 179 250 250 250 250 250 250 250 250 70 70 81 81 134 134 134 134 134 134 134 134 134 171 171 171 171 171 171 ]
cp = [ 26.1156 26.1156 26.1156 8.57362 8.57362 8.57362 8.57362 8.57362 8.57362 8.57362 8.57362 41.1242 41.1242 40.8698 40.8698 25.3971 25.3971 25.3971 25.3971 25.3971 25.3971 25.3971 25.3971 25.3971 24.4267 24.4267 24.4267 24.4267 24.4267 24.4267 ]
D = [ 1768 1996 2345 2812 3104 3341 3894 4146 4344 4880 5160 5433 5770 5327 4909 4433 3861 3618 4188 4902 5595 4615 3618 2689 1887 2232 2439 2757 3106 3434 3989 4230 4766 4938 5322 5758 6154 5595 5152 4410 3898 3443 4078 4983 5650 4806 3918 2974 ]
K = 6
nk = [ 1 1 1 2 2 2 2 2 2 2 2 3 3 4 4 5 5 5 5 5 5 5 5 5 6 6 6 6 6 6 ]
First = [ 1 0 0 1 0 0 0 0 0 0 0 1 0 1 0 1 0 0 0 0 0 0 0 0 1 0 0 0 0 0 ]
Last = [ 0 0 1 0 0 0 0 0 0 0 1 0 1 0 1 0 0 0 0 0 0 0 0 1 0 0 0 0 0 1 ]
nS = 30
S = [ 1 1 1 1 1 1 1 1 1 1 1 1 1 1 1 1 1 1 1 1 1 1 1 1 1 1 1 1 1 1 ]
