n = 30 ; 
T = 48 ; 
Init = [ 1 1 1 1 1 1 1 0 1 1 1 1 1 1 1 0 0 0 0 0 0 0 0 0 0 0 0 0 0 0 ]
L = [ 6 4 10 10 10 10 10 10 4 4 4 4 4 4 4 9 9 9 9 9 9 9 9 9 9 5 5 5 2 2 ]
l = [ 6 4 10 10 10 10 10 10 4 4 4 4 4 4 4 9 9 9 9 9 9 9 9 9 9 5 5 5 2 2 ]
Pmin = [ 63 49 100 100 100 100 100 100 36 36 36 36 36 36 36 100 100 100 100 100 100 100 100 100 100 51 51 51 26 26 ]
Pmax = [ 244 174 420 420 420 420 420 420 127 127 127 127 127 127 127 420 420 420 420 420 420 420 420 420 420 197 197 197 72 72 ]
cf = [ 29.6079 15.6753 7.02213 7.02213 7.02213 7.02213 7.02213 64.4743 20.4797 20.4797 20.4797 20.4797 20.4797 20.4797 20.4797 24.6112 24.6112 24.6112 24.6112 24.6112 24.6112 24.6112 24.6112 24.6112 24.6112 56.9025 56.9025 56.9025 57.1992 57.1992 ]
c0 = [ 168 143 250 250 250 250 250 250 102 102 102 102 102 102 102 250 250 250 250 250 250 250 250 250 250 147 147 147 85 85 ]
cp = [ 21.4257 29.284 8.40794 8.40794 8.40794 8.40794 8.40794 9.69365 29.5608 29.5608 29.5608 29.5608 29.5608 29.5608 29.5608 9.45638 9.45638 9.45638 9.45638 9.45638 9.45638 9.45638 9.45638 9.45638 9.45638 20.063 20.063 20.063 38.7618 38.7618 ]
D = [ 2030 2525 2764 3274 3790 4176 4787 5166 5495 5995 6432 7025 7422 6717 5950 5415 4761 4296 5133 5543 6412 5273 4134 3142 1929 2316 2835 3245 3784 4375 4863 5351 5763 6193 6921 7396 7824 7198 6473 5639 5196 4537 5130 5952 6922 5535 4136 3012 ]
K = 8
nk = [ 1 2 3 3 3 3 3 4 5 5 5 5 5 5 5 6 6 6 6 6 6 6 6 6 6 7 7 7 8 8 ]
First = [ 1 1 1 0 0 0 0 1 1 0 0 0 0 0 0 1 0 0 0 0 0 0 0 0 0 1 0 0 1 0 ]
Last = [ 1 1 0 0 0 0 1 1 0 0 0 0 0 0 1 0 0 0 0 0 0 0 0 0 1 0 0 1 0 1 ]
nS = 30
S = [ 1 1 1 1 1 1 1 1 1 1 1 1 1 1 1 1 1 1 1 1 1 1 1 1 1 1 1 1 1 1 ]
