n = 30 ; 
T = 48 ; 
Init = [ 0 0 0 0 0 0 0 0 0 0 0 0 0 0 0 0 0 0 0 0 0 0 0 0 0 0 1 1 1 1 ]
L = [ 9 9 9 9 9 9 9 9 9 9 9 9 9 9 4 4 4 4 6 6 6 6 6 6 6 6 3 3 3 7 ]
l = [ 9 9 9 9 9 9 9 9 9 9 9 9 9 9 4 4 4 4 6 6 6 6 6 6 6 6 3 3 3 7 ]
Pmin = [ 96 96 96 96 96 96 96 96 96 89 89 89 89 89 45 45 45 45 63 63 63 63 63 63 63 63 20 20 20 77 ]
Pmax = [ 385 385 385 385 385 385 385 385 385 371 371 371 371 371 160 160 160 160 223 223 223 223 223 223 223 223 55 55 55 300 ]
cf = [ 27.5858 27.5858 27.5858 27.5858 27.5858 27.5858 27.5858 27.5858 27.5858 37.5624 37.5624 37.5624 37.5624 37.5624 24.3825 24.3825 24.3825 24.3825 63.8725 63.8725 63.8725 63.8725 63.8725 63.8725 63.8725 63.8725 42.861 42.861 42.861 69.1485 ]
c0 = [ 250 250 250 250 250 250 250 250 250 243 243 243 243 243 131 131 131 131 163 163 163 163 163 163 163 163 75 75 75 197 ]
cp = [ 16.8023 16.8023 16.8023 16.8023 16.8023 16.8023 16.8023 16.8023 16.8023 9.40482 9.40482 9.40482 9.40482 9.40482 36.0205 36.0205 36.0205 36.0205 20.8032 20.8032 20.8032 20.8032 20.8032 20.8032 20.8032 20.8032 38.8849 38.8849 38.8849 20.7742 ]
D = [ 2424 2591 3159 3575 3746 4138 4627 4976 5126 5584 6067 6393 6666 6044 5683 5231 4639 4353 5168 5709 6275 5339 3999 2929 1768 2042 2685 3064 3545 3915 4433 4616 5115 5620 5920 6516 6816 6166 5760 5326 4791 4408 4849 5165 5885 4712 3768 2934 ]
K = 6
nk = [ 1 1 1 1 1 1 1 1 1 2 2 2 2 2 3 3 3 3 4 4 4 4 4 4 4 4 5 5 5 6 ]
First = [ 1 0 0 0 0 0 0 0 0 1 0 0 0 0 1 0 0 0 1 0 0 0 0 0 0 0 1 0 0 1 ]
Last = [ 0 0 0 0 0 0 0 0 1 0 0 0 0 1 0 0 0 1 0 0 0 0 0 0 0 1 0 0 1 1 ]
nS = 30
S = [ 1 1 1 1 1 1 1 1 1 1 1 1 1 1 1 1 1 1 1 1 1 1 1 1 1 1 1 1 1 1 ]
