n = 30 ; 
T = 48 ; 
Init = [ 0 0 0 0 0 0 0 0 0 0 0 0 0 1 1 1 1 1 1 1 1 1 1 1 1 1 1 1 1 1 ]
L = [ 9 9 9 3 3 3 3 3 3 3 3 3 3 6 6 6 6 6 6 4 4 4 4 4 4 4 6 6 6 6 ]
l = [ 9 9 9 3 3 3 3 3 3 3 3 3 3 6 6 6 6 6 6 4 4 4 4 4 4 4 6 6 6 6 ]
Pmin = [ 91 91 91 23 23 23 23 23 23 23 23 23 23 59 59 59 59 59 59 35 35 35 35 35 35 35 57 57 57 57 ]
Pmax = [ 356 356 356 55 55 55 55 55 55 55 55 55 55 241 241 241 241 241 241 126 126 126 126 126 126 126 219 219 219 219 ]
cf = [ 26.0234 26.0234 26.0234 47.7718 47.7718 47.7718 47.7718 47.7718 47.7718 47.7718 47.7718 47.7718 47.7718 23.183 23.183 23.183 23.183 23.183 23.183 33.7029 33.7029 33.7029 33.7029 33.7029 33.7029 33.7029 8.64121 8.64121 8.64121 8.64121 ]
c0 = [ 236 236 236 66 66 66 66 66 66 66 66 66 66 155 155 155 155 155 155 103 103 103 103 103 103 103 155 155 155 155 ]
cp = [ 22.1989 22.1989 22.1989 38.5737 38.5737 38.5737 38.5737 38.5737 38.5737 38.5737 38.5737 38.5737 38.5737 25.2395 25.2395 25.2395 25.2395 25.2395 25.2395 34.3777 34.3777 34.3777 34.3777 34.3777 34.3777 34.3777 16.4465 16.4465 16.4465 16.4465 ]
D = [ 1144 1390 1734 2017 2230 2398 2672 2865 3093 3365 3600 4035 4194 3803 3539 3061 2677 2466 2874 3342 3772 3192 2533 1794 1145 1332 1544 1944 2031 2274 2636 2832 3098 3401 3574 3861 4147 3734 3352 3027 2707 2397 2829 3246 3852 3243 2580 2047 ]
K = 5
nk = [ 1 1 1 2 2 2 2 2 2 2 2 2 2 3 3 3 3 3 3 4 4 4 4 4 4 4 5 5 5 5 ]
First = [ 1 0 0 1 0 0 0 0 0 0 0 0 0 1 0 0 0 0 0 1 0 0 0 0 0 0 1 0 0 0 ]
Last = [ 0 0 1 0 0 0 0 0 0 0 0 0 1 0 0 0 0 0 1 0 0 0 0 0 0 1 0 0 0 1 ]
nS = 30
S = [ 1 1 1 1 1 1 1 1 1 1 1 1 1 1 1 1 1 1 1 1 1 1 1 1 1 1 1 1 1 1 ]
