n = 30 ; 
T = 48 ; 
Init = [ 0 0 0 1 1 1 1 1 1 1 1 1 1 1 1 1 1 1 1 1 1 1 1 1 1 1 0 0 0 0 ]
L = [ 10 10 10 6 6 6 6 6 6 6 9 9 9 9 9 9 6 6 6 6 6 6 6 6 6 6 3 3 3 3 ]
l = [ 10 10 10 6 6 6 6 6 6 6 9 9 9 9 9 9 6 6 6 6 6 6 6 6 6 6 3 3 3 3 ]
Pmin = [ 100 100 100 69 69 69 69 69 69 69 98 98 98 98 98 98 61 61 61 61 61 61 61 61 61 61 22 22 22 22 ]
Pmax = [ 420 420 420 252 252 252 252 252 252 252 377 377 377 377 377 377 242 242 242 242 242 242 242 242 242 242 81 81 81 81 ]
cf = [ 8.0433 8.0433 8.0433 63.6671 63.6671 63.6671 63.6671 63.6671 63.6671 63.6671 51.3037 51.3037 51.3037 51.3037 51.3037 51.3037 32.9565 32.9565 32.9565 32.9565 32.9565 32.9565 32.9565 32.9565 32.9565 32.9565 60.31 60.31 60.31 60.31 ]
c0 = [ 250 250 250 181 181 181 181 181 181 181 250 250 250 250 250 250 178 178 178 178 178 178 178 178 178 178 74 74 74 74 ]
cp = [ 9.20463 9.20463 9.20463 24.8983 24.8983 24.8983 24.8983 24.8983 24.8983 24.8983 10.8783 10.8783 10.8783 10.8783 10.8783 10.8783 18.4996 18.4996 18.4996 18.4996 18.4996 18.4996 18.4996 18.4996 18.4996 18.4996 39.2672 39.2672 39.2672 39.2672 ]
D = [ 1756 2162 2679 3152 3672 4023 4373 5005 5566 5737 6406 6629 7071 6574 5919 5022 4425 3681 4523 5286 5871 5157 3896 3058 1803 2369 2685 2993 3629 3970 4349 4565 5129 5370 5699 6306 6447 6008 5424 5206 4471 3991 4555 5097 5744 4774 3606 2676 ]
K = 5
nk = [ 1 1 1 2 2 2 2 2 2 2 3 3 3 3 3 3 4 4 4 4 4 4 4 4 4 4 5 5 5 5 ]
First = [ 1 0 0 1 0 0 0 0 0 0 1 0 0 0 0 0 1 0 0 0 0 0 0 0 0 0 1 0 0 0 ]
Last = [ 0 0 1 0 0 0 0 0 0 1 0 0 0 0 0 1 0 0 0 0 0 0 0 0 0 1 0 0 0 1 ]
nS = 30
S = [ 1 1 1 1 1 1 1 1 1 1 1 1 1 1 1 1 1 1 1 1 1 1 1 1 1 1 1 1 1 1 ]
