n = 30 ; 
T = 48 ; 
Init = [ 0 0 0 0 0 0 0 0 0 1 1 1 1 1 1 1 1 1 1 1 1 1 0 1 1 1 1 1 1 1 ]
L = [ 2 2 2 8 8 8 8 8 8 8 8 8 8 8 4 4 4 4 4 4 4 4 3 2 2 2 2 2 2 2 ]
l = [ 2 2 2 8 8 8 8 8 8 8 8 8 8 8 4 4 4 4 4 4 4 4 3 2 2 2 2 2 2 2 ]
Pmin = [ 22 22 22 82 82 82 82 82 82 82 82 82 82 82 36 36 36 36 36 36 36 36 23 19 19 19 19 19 19 19 ]
Pmax = [ 80 80 80 333 333 333 333 333 333 326 326 326 326 326 126 126 126 126 126 126 126 126 71 28 28 28 28 28 28 28 ]
cf = [ 8.85268 8.85268 8.85268 26.3949 26.3949 26.3949 26.3949 26.3949 26.3949 31.451 31.451 31.451 31.451 31.451 25.7194 25.7194 25.7194 25.7194 25.7194 25.7194 25.7194 25.7194 37.2759 46.9851 46.9851 46.9851 46.9851 46.9851 46.9851 46.9851 ]
c0 = [ 81 81 81 225 225 225 225 225 225 212 212 212 212 212 100 100 100 100 100 100 100 100 72 70 70 70 70 70 70 70 ]
cp = [ 41.7357 41.7357 41.7357 15.1603 15.1603 15.1603 15.1603 15.1603 15.1603 18.9116 18.9116 18.9116 18.9116 18.9116 34.8531 34.8531 34.8531 34.8531 34.8531 34.8531 34.8531 34.8531 37.5968 41.315 41.315 41.315 41.315 41.315 41.315 41.315 ]
D = [ 1389 1642 1991 2125 2529 2683 3012 3307 3504 3874 4145 4442 4656 4312 3761 3407 2974 2692 2859 3374 3544 3047 2361 1725 1237 1343 1627 1920 2101 2452 2669 2936 3136 3374 3770 3861 4096 3928 3578 3279 2957 2445 2905 3494 3827 3208 2785 2168 ]
K = 6
nk = [ 1 1 1 2 2 2 2 2 2 3 3 3 3 3 4 4 4 4 4 4 4 4 5 6 6 6 6 6 6 6 ]
First = [ 1 0 0 1 0 0 0 0 0 1 0 0 0 0 1 0 0 0 0 0 0 0 1 1 0 0 0 0 0 0 ]
Last = [ 0 0 1 0 0 0 0 0 1 0 0 0 0 1 0 0 0 0 0 0 0 1 1 0 0 0 0 0 0 1 ]
nS = 30
S = [ 1 1 1 1 1 1 1 1 1 1 1 1 1 1 1 1 1 1 1 1 1 1 1 1 1 1 1 1 1 1 ]
