n = 30 ; 
T = 48 ; 
Init = [ 1 0 0 0 0 0 0 0 0 0 1 1 1 1 1 1 1 1 1 1 1 1 1 1 1 1 1 1 1 1 ]
L = [ 2 8 8 8 8 8 8 8 8 8 10 10 10 10 10 10 10 10 4 4 3 3 3 3 3 3 3 3 3 3 ]
l = [ 2 8 8 8 8 8 8 8 8 8 10 10 10 10 10 10 10 10 4 4 3 3 3 3 3 3 3 3 3 3 ]
Pmin = [ 20 87 87 87 87 87 87 87 87 87 100 100 100 100 100 100 100 100 36 36 27 27 27 27 27 27 27 27 27 27 ]
Pmax = [ 70 333 333 333 333 333 333 333 333 333 420 420 420 420 420 420 420 420 118 118 100 100 100 100 100 100 100 100 100 100 ]
cf = [ 32.6838 38.5627 38.5627 38.5627 38.5627 38.5627 38.5627 38.5627 38.5627 38.5627 42.6367 42.6367 42.6367 42.6367 42.6367 42.6367 42.6367 42.6367 52.2801 52.2801 35.0561 35.0561 35.0561 35.0561 35.0561 35.0561 35.0561 35.0561 35.0561 35.0561 ]
c0 = [ 77 227 227 227 227 227 227 227 227 227 250 250 250 250 250 250 250 250 118 118 96 96 96 96 96 96 96 96 96 96 ]
cp = [ 37.3917 12.7503 12.7503 12.7503 12.7503 12.7503 12.7503 12.7503 12.7503 12.7503 9.14843 9.14843 9.14843 9.14843 9.14843 9.14843 9.14843 9.14843 35.3831 35.3831 29.9487 29.9487 29.9487 29.9487 29.9487 29.9487 29.9487 29.9487 29.9487 29.9487 ]
D = [ 2124 2675 2888 3116 3694 3825 4338 4807 4957 5254 5607 6212 6538 5984 5428 4840 4530 3896 4364 5134 5536 4766 3898 3117 2027 2599 3011 3367 3489 4081 4352 4557 5000 5385 5691 6075 6457 5869 5385 4885 4556 3996 4504 5166 5913 5013 3899 2842 ]
K = 5
nk = [ 1 2 2 2 2 2 2 2 2 2 3 3 3 3 3 3 3 3 4 4 5 5 5 5 5 5 5 5 5 5 ]
First = [ 1 1 0 0 0 0 0 0 0 0 1 0 0 0 0 0 0 0 1 0 1 0 0 0 0 0 0 0 0 0 ]
Last = [ 1 0 0 0 0 0 0 0 0 1 0 0 0 0 0 0 0 1 0 1 0 0 0 0 0 0 0 0 0 1 ]
nS = 30
S = [ 1 1 1 1 1 1 1 1 1 1 1 1 1 1 1 1 1 1 1 1 1 1 1 1 1 1 1 1 1 1 ]
