n = 30 ; 
T = 48 ; 
Init = [ 0 0 0 1 1 1 1 1 1 1 1 1 1 1 1 1 1 1 1 1 1 1 1 1 1 1 1 1 1 1 ]
L = [ 6 6 6 7 7 7 7 7 7 7 4 4 4 4 4 4 4 4 4 4 4 4 4 5 5 5 4 4 4 4 ]
l = [ 6 6 6 7 7 7 7 7 7 7 4 4 4 4 4 4 4 4 4 4 4 4 4 5 5 5 4 4 4 4 ]
Pmin = [ 59 59 59 71 71 71 71 71 71 71 45 45 45 45 45 45 45 45 45 45 45 45 45 44 44 44 37 37 37 37 ]
Pmax = [ 232 232 232 277 277 277 277 277 277 277 142 142 142 142 142 142 142 142 142 142 142 142 142 177 177 177 140 140 140 140 ]
cf = [ 17.0564 17.0564 17.0564 68.2478 68.2478 68.2478 68.2478 68.2478 68.2478 68.2478 9.77454 9.77454 9.77454 9.77454 9.77454 9.77454 9.77454 9.77454 9.77454 9.77454 9.77454 9.77454 9.77454 34.28 34.28 34.28 52.2462 52.2462 52.2462 52.2462 ]
c0 = [ 171 171 171 183 183 183 183 183 183 183 124 124 124 124 124 124 124 124 124 124 124 124 124 133 133 133 101 101 101 101 ]
cp = [ 34.5014 34.5014 34.5014 19.081 19.081 19.081 19.081 19.081 19.081 19.081 36.7514 36.7514 36.7514 36.7514 36.7514 36.7514 36.7514 36.7514 36.7514 36.7514 36.7514 36.7514 36.7514 25.1474 25.1474 25.1474 35.4811 35.4811 35.4811 35.4811 ]
D = [ 1197 1497 1788 2042 2383 2559 2898 3168 3487 3834 4019 4218 4670 4223 3777 3475 3039 2794 3099 3774 4159 3603 2784 2121 1528 1772 2109 2283 2538 2847 3305 3455 3823 4047 4458 4669 5021 4637 4082 3657 3209 2959 3318 3622 4215 3406 2698 2112 ]
K = 5
nk = [ 1 1 1 2 2 2 2 2 2 2 3 3 3 3 3 3 3 3 3 3 3 3 3 4 4 4 5 5 5 5 ]
First = [ 1 0 0 1 0 0 0 0 0 0 1 0 0 0 0 0 0 0 0 0 0 0 0 1 0 0 1 0 0 0 ]
Last = [ 0 0 1 0 0 0 0 0 0 1 0 0 0 0 0 0 0 0 0 0 0 0 1 0 0 1 0 0 0 1 ]
nS = 30
S = [ 1 1 1 1 1 1 1 1 1 1 1 1 1 1 1 1 1 1 1 1 1 1 1 1 1 1 1 1 1 1 ]
