n = 30 ; 
T = 48 ; 
Init = [ 1 1 1 1 0 0 0 0 0 0 0 0 0 0 0 0 0 0 0 0 0 0 0 1 1 1 1 1 1 1 ]
L = [ 5 5 10 10 4 4 4 3 3 8 8 8 8 8 8 8 8 2 2 2 2 2 8 9 9 9 9 9 9 9 ]
l = [ 5 5 10 10 4 4 4 3 3 8 8 8 8 8 8 8 8 2 2 2 2 2 8 9 9 9 9 9 9 9 ]
Pmin = [ 56 56 100 100 43 43 43 33 33 98 98 98 98 98 98 98 98 25 25 25 25 25 91 98 98 98 98 98 98 98 ]
Pmax = [ 197 197 420 420 146 146 146 93 93 375 375 375 375 375 375 375 375 70 70 70 70 70 352 403 403 403 403 403 403 403 ]
cf = [ 21.8424 21.8424 46.076 46.076 48.228 48.228 48.228 56.8703 56.8703 68.3501 68.3501 68.3501 68.3501 68.3501 68.3501 68.3501 68.3501 41.5348 41.5348 41.5348 41.5348 41.5348 20.834 64.0971 64.0971 64.0971 64.0971 64.0971 64.0971 64.0971 ]
c0 = [ 160 160 250 250 127 127 127 98 98 250 250 250 250 250 250 250 250 80 80 80 80 80 249 250 250 250 250 250 250 250 ]
cp = [ 20.5558 20.5558 8.64888 8.64888 37.6363 37.6363 37.6363 37.6606 37.6606 16.523 16.523 16.523 16.523 16.523 16.523 16.523 16.523 41.5995 41.5995 41.5995 41.5995 41.5995 20.1531 18.693 18.693 18.693 18.693 18.693 18.693 18.693 ]
D = [ 2194 2631 2809 3348 3868 4276 4647 4889 5429 5568 6037 6548 6905 6379 5827 5308 4651 4133 4918 5774 6523 5423 4490 3188 2353 2476 2849 3429 3670 4187 4557 4811 5305 5857 5921 6493 6785 6407 5710 5161 4810 4174 5022 5536 6285 5150 4243 3359 ]
K = 8
nk = [ 1 1 2 2 3 3 3 4 4 5 5 5 5 5 5 5 5 6 6 6 6 6 7 8 8 8 8 8 8 8 ]
First = [ 1 0 1 0 1 0 0 1 0 1 0 0 0 0 0 0 0 1 0 0 0 0 1 1 0 0 0 0 0 0 ]
Last = [ 0 1 0 1 0 0 1 0 1 0 0 0 0 0 0 0 1 0 0 0 0 1 1 0 0 0 0 0 0 1 ]
nS = 30
S = [ 1 1 1 1 1 1 1 1 1 1 1 1 1 1 1 1 1 1 1 1 1 1 1 1 1 1 1 1 1 1 ]
