n = 30 ; 
T = 48 ; 
Init = [ 1 1 1 1 1 1 1 1 1 1 1 1 1 1 1 1 1 1 1 1 1 1 1 1 1 1 1 1 1 1 ]
L = [ 10 10 8 2 2 2 2 2 2 2 2 2 2 8 8 5 5 5 5 5 4 4 4 4 4 8 8 8 8 8 ]
l = [ 10 10 8 2 2 2 2 2 2 2 2 2 2 8 8 5 5 5 5 5 4 4 4 4 4 8 8 8 8 8 ]
Pmin = [ 100 100 87 23 23 23 23 23 23 23 23 23 23 79 79 49 49 49 49 49 48 48 48 48 48 90 90 90 90 90 ]
Pmax = [ 420 420 355 60 60 60 60 60 60 60 60 60 60 307 307 183 183 183 183 183 164 164 164 164 164 366 366 366 366 366 ]
cf = [ 30.206 30.206 68.0023 44.7119 44.7119 44.7119 44.7119 44.7119 44.7119 44.7119 44.7119 44.7119 44.7119 62.7828 62.7828 38.0393 38.0393 38.0393 38.0393 38.0393 25.3058 25.3058 25.3058 25.3058 25.3058 58.5087 58.5087 58.5087 58.5087 58.5087 ]
c0 = [ 250 250 223 77 77 77 77 77 77 77 77 77 77 212 212 144 144 144 144 144 146 146 146 146 146 232 232 232 232 232 ]
cp = [ 9.22563 9.22563 15.779 41.6756 41.6756 41.6756 41.6756 41.6756 41.6756 41.6756 41.6756 41.6756 41.6756 17.418 17.418 33.3318 33.3318 33.3318 33.3318 33.3318 33.9694 33.9694 33.9694 33.9694 33.9694 13.5864 13.5864 13.5864 13.5864 13.5864 ]
D = [ 1439 1705 1942 2216 2607 2817 3210 3469 3758 3869 4147 4488 4860 4503 4150 3601 3255 2983 3457 3968 4342 3735 3086 2347 1802 1978 2329 2421 2794 3140 3343 3648 3869 4053 4367 4660 4843 4355 4115 3682 3447 3026 3463 3931 4361 3654 3081 2385 ]
K = 7
nk = [ 1 1 2 3 3 3 3 3 3 3 3 3 3 4 4 5 5 5 5 5 6 6 6 6 6 7 7 7 7 7 ]
First = [ 1 0 1 1 0 0 0 0 0 0 0 0 0 1 0 1 0 0 0 0 1 0 0 0 0 1 0 0 0 0 ]
Last = [ 0 1 1 0 0 0 0 0 0 0 0 0 1 0 1 0 0 0 0 1 0 0 0 0 1 0 0 0 0 1 ]
nS = 30
S = [ 1 1 1 1 1 1 1 1 1 1 1 1 1 1 1 1 1 1 1 1 1 1 1 1 1 1 1 1 1 1 ]
