n = 30 ; 
T = 48 ; 
Init = [ 0 0 0 0 0 0 0 0 1 1 1 1 1 1 1 1 1 1 1 1 1 0 0 0 0 0 0 0 0 0 ]
L = [ 7 7 7 7 7 7 7 7 7 7 7 7 7 7 7 7 7 7 10 10 8 3 3 3 3 7 7 7 7 7 ]
l = [ 7 7 7 7 7 7 7 7 7 7 7 7 7 7 7 7 7 7 10 10 8 3 3 3 3 7 7 7 7 7 ]
Pmin = [ 76 76 76 76 76 76 76 76 73 73 73 73 73 73 73 73 73 73 100 100 88 34 34 34 34 78 78 78 78 78 ]
Pmax = [ 277 277 277 277 277 277 277 277 292 292 292 292 292 292 292 292 292 292 420 420 336 95 95 95 95 287 287 287 287 287 ]
cf = [ 40.7937 40.7937 40.7937 40.7937 40.7937 40.7937 40.7937 40.7937 21.5455 21.5455 21.5455 21.5455 21.5455 21.5455 21.5455 21.5455 21.5455 21.5455 50.1871 50.1871 33.6583 49.7498 49.7498 49.7498 49.7498 68.3964 68.3964 68.3964 68.3964 68.3964 ]
c0 = [ 209 209 209 209 209 209 209 209 196 196 196 196 196 196 196 196 196 196 250 250 230 97 97 97 97 214 214 214 214 214 ]
cp = [ 32.0082 32.0082 32.0082 32.0082 32.0082 32.0082 32.0082 32.0082 24.1485 24.1485 24.1485 24.1485 24.1485 24.1485 24.1485 24.1485 24.1485 24.1485 9.22063 9.22063 22.2493 34.8089 34.8089 34.8089 34.8089 21.0857 21.0857 21.0857 21.0857 21.0857 ]
D = [ 2353 2782 3263 3512 4055 4137 4538 4908 5546 5962 6226 6616 6886 6367 5796 5164 4674 4078 4653 5308 6076 5124 4092 3339 2190 2695 3070 3464 3740 3978 4530 4828 5083 5620 5845 6131 6546 6244 5557 5207 4621 4238 4805 5354 5904 5121 4109 3135 ]
K = 6
nk = [ 1 1 1 1 1 1 1 1 2 2 2 2 2 2 2 2 2 2 3 3 4 5 5 5 5 6 6 6 6 6 ]
First = [ 1 0 0 0 0 0 0 0 1 0 0 0 0 0 0 0 0 0 1 0 1 1 0 0 0 1 0 0 0 0 ]
Last = [ 0 0 0 0 0 0 0 1 0 0 0 0 0 0 0 0 0 1 0 1 1 0 0 0 1 0 0 0 0 1 ]
nS = 30
S = [ 1 1 1 1 1 1 1 1 1 1 1 1 1 1 1 1 1 1 1 1 1 1 1 1 1 1 1 1 1 1 ]
