n = 30 ; 
T = 48 ; 
Init = [ 0 0 0 0 0 0 0 0 0 1 1 0 0 0 0 0 1 1 1 1 1 0 0 0 0 0 0 0 0 0 ]
L = [ 2 2 6 6 6 6 6 6 6 3 3 3 5 5 5 5 9 9 9 9 9 5 5 5 5 5 5 5 5 5 ]
l = [ 2 2 6 6 6 6 6 6 6 3 3 3 5 5 5 5 9 9 9 9 9 5 5 5 5 5 5 5 5 5 ]
Pmin = [ 13 13 57 57 57 57 57 57 57 23 23 22 44 44 44 44 96 96 96 96 96 46 46 46 46 46 46 46 46 46 ]
Pmax = [ 35 35 216 216 216 216 216 216 216 84 84 67 154 154 154 154 396 396 396 396 396 162 162 162 162 162 162 162 162 162 ]
cf = [ 7.03129 7.03129 57.09 57.09 57.09 57.09 57.09 57.09 57.09 28.4984 28.4984 31.9504 53.2687 53.2687 53.2687 53.2687 18.3262 18.3262 18.3262 18.3262 18.3262 27.3988 27.3988 27.3988 27.3988 27.3988 27.3988 27.3988 27.3988 27.3988 ]
c0 = [ 60 60 157 157 157 157 157 157 157 76 76 84 134 134 134 134 250 250 250 250 250 123 123 123 123 123 123 123 123 123 ]
cp = [ 40.8712 40.8712 31.7135 31.7135 31.7135 31.7135 31.7135 31.7135 31.7135 33.1208 33.1208 37.8702 31.2139 31.2139 31.2139 31.2139 12.9314 12.9314 12.9314 12.9314 12.9314 30.4221 30.4221 30.4221 30.4221 30.4221 30.4221 30.4221 30.4221 30.4221 ]
D = [ 1221 1698 1988 2356 2527 2940 3266 3590 3854 4056 4359 4732 4948 4579 4274 3875 3596 3089 3425 3948 4301 3497 2784 2179 1404 1632 1850 2192 2401 2676 3114 3426 3717 3933 4199 4381 4826 4297 4000 3608 3399 3090 3294 3687 4260 3461 2679 1834 ]
K = 7
nk = [ 1 1 2 2 2 2 2 2 2 3 3 4 5 5 5 5 6 6 6 6 6 7 7 7 7 7 7 7 7 7 ]
First = [ 1 0 1 0 0 0 0 0 0 1 0 1 1 0 0 0 1 0 0 0 0 1 0 0 0 0 0 0 0 0 ]
Last = [ 0 1 0 0 0 0 0 0 1 0 1 1 0 0 0 1 0 0 0 0 1 0 0 0 0 0 0 0 0 1 ]
nS = 30
S = [ 1 1 1 1 1 1 1 1 1 1 1 1 1 1 1 1 1 1 1 1 1 1 1 1 1 1 1 1 1 1 ]
