n = 30 ; 
T = 48 ; 
Init = [ 1 1 1 1 1 1 1 1 1 1 1 1 1 1 0 0 0 1 1 1 1 1 1 1 1 1 1 1 1 1 ]
L = [ 8 8 8 8 8 8 8 8 8 8 8 8 8 8 9 9 9 8 8 8 8 8 8 8 8 8 8 8 8 8 ]
l = [ 8 8 8 8 8 8 8 8 8 8 8 8 8 8 9 9 9 8 8 8 8 8 8 8 8 8 8 8 8 8 ]
Pmin = [ 87 87 87 87 87 87 87 87 87 87 87 87 87 87 97 97 97 92 92 92 92 92 92 92 92 92 92 92 92 92 ]
Pmax = [ 357 357 357 357 357 357 357 357 357 357 357 357 357 357 380 380 380 358 358 358 358 358 358 358 358 358 358 358 358 358 ]
cf = [ 25.9021 25.9021 25.9021 25.9021 25.9021 25.9021 25.9021 25.9021 25.9021 25.9021 25.9021 25.9021 25.9021 25.9021 18.5985 18.5985 18.5985 56.5167 56.5167 56.5167 56.5167 56.5167 56.5167 56.5167 56.5167 56.5167 56.5167 56.5167 56.5167 56.5167 ]
c0 = [ 234 234 234 234 234 234 234 234 234 234 234 234 234 234 250 250 250 237 237 237 237 237 237 237 237 237 237 237 237 237 ]
cp = [ 21.7951 21.7951 21.7951 21.7951 21.7951 21.7951 21.7951 21.7951 21.7951 21.7951 21.7951 21.7951 21.7951 21.7951 8.94801 8.94801 8.94801 14.3363 14.3363 14.3363 14.3363 14.3363 14.3363 14.3363 14.3363 14.3363 14.3363 14.3363 14.3363 14.3363 ]
D = [ 2863 3302 3864 4031 4669 5390 5899 6201 6958 7157 7826 8459 9037 8357 7535 6468 5851 4938 6008 7397 8249 6755 5423 4106 2542 3197 3730 4003 4699 5311 5701 6167 6767 7371 7642 8352 8672 8302 7451 6658 6220 5489 6534 7636 8612 6989 5749 4123 ]
K = 3
nk = [ 1 1 1 1 1 1 1 1 1 1 1 1 1 1 2 2 2 3 3 3 3 3 3 3 3 3 3 3 3 3 ]
First = [ 1 0 0 0 0 0 0 0 0 0 0 0 0 0 1 0 0 1 0 0 0 0 0 0 0 0 0 0 0 0 ]
Last = [ 0 0 0 0 0 0 0 0 0 0 0 0 0 1 0 0 1 0 0 0 0 0 0 0 0 0 0 0 0 1 ]
nS = 30
S = [ 1 1 1 1 1 1 1 1 1 1 1 1 1 1 1 1 1 1 1 1 1 1 1 1 1 1 1 1 1 1 ]
