n = 30 ; 
T = 48 ; 
Init = [ 0 0 0 1 1 1 1 1 1 1 1 1 1 1 1 1 1 1 0 0 0 0 0 0 0 0 0 0 0 0 ]
L = [ 9 9 9 8 8 8 8 8 8 8 8 8 8 8 8 8 8 8 10 10 10 10 10 10 10 10 10 10 10 10 ]
l = [ 9 9 9 8 8 8 8 8 8 8 8 8 8 8 8 8 8 8 10 10 10 10 10 10 10 10 10 10 10 10 ]
Pmin = [ 100 100 100 91 91 91 91 91 91 91 91 91 91 91 91 91 91 91 100 100 100 100 100 100 100 100 100 100 100 100 ]
Pmax = [ 402 402 402 370 370 370 370 370 370 370 370 370 370 370 370 370 370 370 420 420 420 420 420 420 420 420 420 420 420 420 ]
cf = [ 19.3703 19.3703 19.3703 34.0926 34.0926 34.0926 34.0926 34.0926 34.0926 34.0926 34.0926 34.0926 34.0926 34.0926 34.0926 34.0926 34.0926 34.0926 25.2832 25.2832 25.2832 25.2832 25.2832 25.2832 25.2832 25.2832 25.2832 25.2832 25.2832 25.2832 ]
c0 = [ 250 250 250 250 250 250 250 250 250 250 250 250 250 250 250 250 250 250 250 250 250 250 250 250 250 250 250 250 250 250 ]
cp = [ 14.3051 14.3051 14.3051 15.6967 15.6967 15.6967 15.6967 15.6967 15.6967 15.6967 15.6967 15.6967 15.6967 15.6967 15.6967 15.6967 15.6967 15.6967 8.08339 8.08339 8.08339 8.08339 8.08339 8.08339 8.08339 8.08339 8.08339 8.08339 8.08339 8.08339 ]
D = [ 3135 3544 4346 4768 5607 6100 6545 7124 7677 8339 8988 9780 10336 9268 8830 7636 7004 6218 6730 7865 8397 7211 5892 4462 3236 3526 4356 4802 5748 6381 6577 7397 7857 8484 9240 9744 10401 9419 8893 7903 6871 6010 7001 7796 8845 7390 6077 4998 ]
K = 3
nk = [ 1 1 1 2 2 2 2 2 2 2 2 2 2 2 2 2 2 2 3 3 3 3 3 3 3 3 3 3 3 3 ]
First = [ 1 0 0 1 0 0 0 0 0 0 0 0 0 0 0 0 0 0 1 0 0 0 0 0 0 0 0 0 0 0 ]
Last = [ 0 0 1 0 0 0 0 0 0 0 0 0 0 0 0 0 0 1 0 0 0 0 0 0 0 0 0 0 0 1 ]
nS = 30
S = [ 1 1 1 1 1 1 1 1 1 1 1 1 1 1 1 1 1 1 1 1 1 1 1 1 1 1 1 1 1 1 ]
