n = 30 ; 
T = 48 ; 
Init = [ 1 1 1 1 1 1 1 1 1 1 0 0 0 0 1 1 1 1 1 1 1 0 0 0 0 0 0 0 0 0 ]
L = [ 10 10 10 10 10 10 10 10 10 10 5 5 5 5 9 9 9 7 7 7 7 3 3 3 3 3 3 3 3 3 ]
l = [ 10 10 10 10 10 10 10 10 10 10 5 5 5 5 9 9 9 7 7 7 7 3 3 3 3 3 3 3 3 3 ]
Pmin = [ 100 100 100 100 100 100 100 100 100 100 55 55 55 55 100 100 100 71 71 71 71 32 32 32 32 32 32 32 32 32 ]
Pmax = [ 420 420 420 420 420 420 420 420 420 420 214 214 214 214 395 395 395 288 288 288 288 106 106 106 106 106 106 106 106 106 ]
cf = [ 47.7562 47.7562 47.7562 47.7562 47.7562 47.7562 47.7562 47.7562 47.7562 47.7562 56.3985 56.3985 56.3985 56.3985 26.719 26.719 26.719 56.4912 56.4912 56.4912 56.4912 52.8213 52.8213 52.8213 52.8213 52.8213 52.8213 52.8213 52.8213 52.8213 ]
c0 = [ 250 250 250 250 250 250 250 250 250 250 145 145 145 145 250 250 250 202 202 202 202 95 95 95 95 95 95 95 95 95 ]
cp = [ 8.72338 8.72338 8.72338 8.72338 8.72338 8.72338 8.72338 8.72338 8.72338 8.72338 36.0582 36.0582 36.0582 36.0582 10.3931 10.3931 10.3931 18.1512 18.1512 18.1512 18.1512 37.2573 37.2573 37.2573 37.2573 37.2573 37.2573 37.2573 37.2573 37.2573 ]
D = [ 2338 2979 3113 3504 3988 4452 4597 4936 5405 5743 6293 6371 7058 6357 5656 5225 4426 3926 4915 5807 6698 5395 4318 3216 1820 2531 2980 3495 3970 4106 4736 5305 5551 6151 6485 7033 7480 6720 6115 5316 4779 4001 4783 5460 6261 5273 4178 3350 ]
K = 5
nk = [ 1 1 1 1 1 1 1 1 1 1 2 2 2 2 3 3 3 4 4 4 4 5 5 5 5 5 5 5 5 5 ]
First = [ 1 0 0 0 0 0 0 0 0 0 1 0 0 0 1 0 0 1 0 0 0 1 0 0 0 0 0 0 0 0 ]
Last = [ 0 0 0 0 0 0 0 0 0 1 0 0 0 1 0 0 1 0 0 0 1 0 0 0 0 0 0 0 0 1 ]
nS = 30
S = [ 1 1 1 1 1 1 1 1 1 1 1 1 1 1 1 1 1 1 1 1 1 1 1 1 1 1 1 1 1 1 ]
