n = 60 ; 
T = 48 ; 
Init = [ 0 0 0 0 0 0 0 0 0 0 0 0 1 1 1 1 1 1 1 1 0 0 0 0 0 0 1 1 1 1 1 1 1 1 0 0 0 0 0 0 0 1 1 1 1 1 1 1 1 1 1 0 0 0 0 0 0 0 0 0 ]
L = [ 5 5 5 5 8 8 8 8 8 8 8 8 6 6 6 6 6 6 6 6 7 10 10 10 10 10 10 10 10 10 10 10 10 10 3 3 3 3 3 3 3 10 10 10 10 10 10 2 2 2 2 10 10 10 10 3 3 3 3 10 ]
l = [ 5 5 5 5 8 8 8 8 8 8 8 8 6 6 6 6 6 6 6 6 7 10 10 10 10 10 10 10 10 10 10 10 10 10 3 3 3 3 3 3 3 10 10 10 10 10 10 2 2 2 2 10 10 10 10 3 3 3 3 10 ]
Pmin = [ 58 58 58 58 90 90 90 90 90 90 90 90 64 64 64 64 64 64 64 64 72 100 100 100 100 100 100 100 100 100 100 100 100 100 31 31 31 31 31 31 31 100 100 100 100 100 100 24 24 24 24 100 100 100 100 32 32 32 32 100 ]
Pmax = [ 207 207 207 207 362 362 362 362 362 362 362 362 244 244 244 244 244 244 244 244 269 420 420 420 420 420 420 420 420 420 420 420 420 420 110 110 110 110 110 110 110 420 420 420 420 420 420 72 72 72 72 420 420 420 420 95 95 95 95 409 ]
cf = [ 11.6114 11.6114 11.6114 11.6114 64.271 64.271 64.271 64.271 64.271 64.271 64.271 64.271 26.3436 26.3436 26.3436 26.3436 26.3436 26.3436 26.3436 26.3436 46.725 16.3372 16.3372 16.3372 16.3372 16.3372 36.2986 36.2986 36.2986 36.2986 36.2986 36.2986 36.2986 36.2986 12.5662 12.5662 12.5662 12.5662 12.5662 12.5662 12.5662 57.5762 57.5762 57.5762 57.5762 57.5762 57.5762 30.2219 30.2219 30.2219 30.2219 29.6107 29.6107 29.6107 29.6107 60.3039 60.3039 60.3039 60.3039 59.426 ]
c0 = [ 154 154 154 154 244 244 244 244 244 244 244 244 180 180 180 180 180 180 180 180 192 250 250 250 250 250 250 250 250 250 250 250 250 250 101 101 101 101 101 101 101 250 250 250 250 250 250 76 76 76 76 250 250 250 250 90 90 90 90 250 ]
cp = [ 28.7766 28.7766 28.7766 28.7766 11.4592 11.4592 11.4592 11.4592 11.4592 11.4592 11.4592 11.4592 17.4869 17.4869 17.4869 17.4869 17.4869 17.4869 17.4869 17.4869 29.7674 8.51863 8.51863 8.51863 8.51863 8.51863 9.27381 9.27381 9.27381 9.27381 9.27381 9.27381 9.27381 9.27381 30.8666 30.8666 30.8666 30.8666 30.8666 30.8666 30.8666 8.73515 8.73515 8.73515 8.73515 8.73515 8.73515 39.7221 39.7221 39.7221 39.7221 13.459 13.459 13.459 13.459 36.328 36.328 36.328 36.328 8.87287 ]
D = [ 4672 5202 6344 6818 7644 8951 9213 10676 11441 12150 13054 13501 14554 13683 12723 11526 10597 9279 10527 11669 12537 10457 8285 6252 4205 5350 6235 7034 7767 8970 9741 10229 11538 12219 12618 13781 14512 13096 12353 10510 9932 8394 9682 11846 13414 11561 8914 7210 ]
K = 12
nk = [ 1 1 1 1 2 2 2 2 2 2 2 2 3 3 3 3 3 3 3 3 4 5 5 5 5 5 6 6 6 6 6 6 6 6 7 7 7 7 7 7 7 8 8 8 8 8 8 9 9 9 9 10 10 10 10 11 11 11 11 12 ]
First = [ 1 0 0 0 1 0 0 0 0 0 0 0 1 0 0 0 0 0 0 0 1 1 0 0 0 0 1 0 0 0 0 0 0 0 1 0 0 0 0 0 0 1 0 0 0 0 0 1 0 0 0 1 0 0 0 1 0 0 0 1 ]
Last = [ 0 0 0 1 0 0 0 0 0 0 0 1 0 0 0 0 0 0 0 1 1 0 0 0 0 1 0 0 0 0 0 0 0 1 0 0 0 0 0 0 1 0 0 0 0 0 1 0 0 0 1 0 0 0 1 0 0 0 1 1 ]
nS = 1
S = [ 0 1 2 3 4 5 6 7 8 9 10 11 12 13 14 15 16 17 18 19 20 21 22 23 24 25 26 27 28 29 30 31 32 33 34 35 36 37 38 39 40 41 42 43 44 45 46 47 48 49 50 51 52 53 54 55 56 57 58 59 ]
