n = 60 ; 
T = 48 ; 
Init = [ 1 1 1 1 1 0 0 0 0 0 0 0 0 0 0 0 0 0 0 0 0 0 0 0 0 0 0 0 0 0 0 0 0 0 0 0 0 0 0 0 0 0 0 0 0 0 1 1 1 1 0 0 0 0 0 0 0 0 0 0 ]
L = [ 3 3 3 3 3 2 2 2 2 10 10 10 10 10 10 10 10 10 3 3 3 3 3 3 3 4 4 4 4 4 4 4 4 4 4 7 8 8 8 8 8 8 8 8 8 8 8 8 8 8 4 4 4 9 9 9 5 5 5 5 ]
l = [ 3 3 3 3 3 2 2 2 2 10 10 10 10 10 10 10 10 10 3 3 3 3 3 3 3 4 4 4 4 4 4 4 4 4 4 7 8 8 8 8 8 8 8 8 8 8 8 8 8 8 4 4 4 9 9 9 5 5 5 5 ]
Pmin = [ 18 18 18 18 18 19 19 19 19 100 100 100 100 100 100 100 100 100 34 34 34 34 34 34 34 34 34 34 34 34 34 34 34 34 34 71 82 82 82 82 82 82 82 82 82 82 84 84 84 84 46 46 46 99 99 99 51 51 51 51 ]
Pmax = [ 64 64 64 64 64 45 45 45 45 418 418 418 418 418 418 418 418 418 114 114 114 114 114 114 114 122 122 122 122 122 122 122 122 122 122 286 335 335 335 335 335 335 335 335 335 335 333 333 333 333 147 147 147 399 399 399 197 197 197 197 ]
cf = [ 17.8049 17.8049 17.8049 17.8049 17.8049 25.3262 25.3262 25.3262 25.3262 10.6641 10.6641 10.6641 10.6641 10.6641 10.6641 10.6641 10.6641 10.6641 37.7638 37.7638 37.7638 37.7638 37.7638 37.7638 37.7638 56.5754 56.5754 56.5754 56.5754 56.5754 56.5754 56.5754 56.5754 56.5754 56.5754 17.393 66.0481 66.0481 66.0481 66.0481 66.0481 66.0481 66.0481 66.0481 66.0481 66.0481 38.0176 38.0176 38.0176 38.0176 8.64673 8.64673 8.64673 61.5357 61.5357 61.5357 46.8466 46.8466 46.8466 46.8466 ]
c0 = [ 62 62 62 62 62 78 78 78 78 250 250 250 250 250 250 250 250 250 112 112 112 112 112 112 112 96 96 96 96 96 96 96 96 96 96 185 223 223 223 223 223 223 223 223 223 223 222 222 222 222 129 129 129 250 250 250 150 150 150 150 ]
cp = [ 36.7695 36.7695 36.7695 36.7695 36.7695 41.8284 41.8284 41.8284 41.8284 8.42727 8.42727 8.42727 8.42727 8.42727 8.42727 8.42727 8.42727 8.42727 40.0172 40.0172 40.0172 40.0172 40.0172 40.0172 40.0172 30.2976 30.2976 30.2976 30.2976 30.2976 30.2976 30.2976 30.2976 30.2976 30.2976 16.1949 15.7522 15.7522 15.7522 15.7522 15.7522 15.7522 15.7522 15.7522 15.7522 15.7522 18.6051 18.6051 18.6051 18.6051 28.572 28.572 28.572 11.1042 11.1042 11.1042 28.7421 28.7421 28.7421 28.7421 ]
D = [ 2980 3496 4099 5221 5790 6629 7388 8430 9136 9850 10445 11411 11946 11154 9955 8955 8012 6675 7747 9151 10431 9011 7094 5308 3594 4271 5040 5720 6234 7358 7843 8430 9002 9762 10291 10810 11402 10559 9825 9112 8131 6909 8328 9085 10276 8423 6877 4836 ]
K = 11
nk = [ 1 1 1 1 1 2 2 2 2 3 3 3 3 3 3 3 3 3 4 4 4 4 4 4 4 5 5 5 5 5 5 5 5 5 5 6 7 7 7 7 7 7 7 7 7 7 8 8 8 8 9 9 9 10 10 10 11 11 11 11 ]
First = [ 1 0 0 0 0 1 0 0 0 1 0 0 0 0 0 0 0 0 1 0 0 0 0 0 0 1 0 0 0 0 0 0 0 0 0 1 1 0 0 0 0 0 0 0 0 0 1 0 0 0 1 0 0 1 0 0 1 0 0 0 ]
Last = [ 0 0 0 0 1 0 0 0 1 0 0 0 0 0 0 0 0 1 0 0 0 0 0 0 1 0 0 0 0 0 0 0 0 0 1 1 0 0 0 0 0 0 0 0 0 1 0 0 0 1 0 0 1 0 0 1 0 0 0 1 ]
nS = 1
S = [ 0 1 2 3 4 5 6 7 8 9 10 11 12 13 14 15 16 17 18 19 20 21 22 23 24 25 26 27 28 29 30 31 32 33 34 35 36 37 38 39 40 41 42 43 44 45 46 47 48 49 50 51 52 53 54 55 56 57 58 59 ]
