n = 60 ; 
T = 48 ; 
Init = [ 1 1 1 1 1 1 1 1 1 1 1 1 1 1 1 1 1 1 1 1 1 1 1 1 1 0 0 0 0 1 1 1 1 1 1 1 1 1 1 1 1 1 1 1 1 1 1 0 0 0 0 0 0 0 0 0 0 0 0 0 ]
L = [ 8 8 8 8 8 8 8 8 8 8 8 8 9 9 9 9 9 9 9 9 9 9 6 6 6 8 8 8 8 8 8 8 8 8 8 8 6 6 6 6 6 6 6 6 6 6 6 10 10 10 10 10 10 10 8 8 8 8 8 8 ]
l = [ 8 8 8 8 8 8 8 8 8 8 8 8 9 9 9 9 9 9 9 9 9 9 6 6 6 8 8 8 8 8 8 8 8 8 8 8 6 6 6 6 6 6 6 6 6 6 6 10 10 10 10 10 10 10 8 8 8 8 8 8 ]
Pmin = [ 84 84 84 84 84 84 84 84 84 84 84 84 99 99 99 99 99 99 99 99 99 99 67 67 67 88 88 88 88 86 86 86 86 86 86 86 67 67 67 67 67 67 67 67 67 67 67 100 100 100 100 100 100 100 83 83 83 83 83 83 ]
Pmax = [ 348 348 348 348 348 348 348 348 348 348 348 348 385 385 385 385 385 385 385 385 385 385 247 247 247 367 367 367 367 343 343 343 343 343 343 343 271 271 271 271 271 271 271 271 271 271 271 420 420 420 420 420 420 420 345 345 345 345 345 345 ]
cf = [ 65.566 65.566 65.566 65.566 65.566 65.566 65.566 65.566 65.566 65.566 65.566 65.566 30.9198 30.9198 30.9198 30.9198 30.9198 30.9198 30.9198 30.9198 30.9198 30.9198 36.3977 36.3977 36.3977 56.2393 56.2393 56.2393 56.2393 19.9289 19.9289 19.9289 19.9289 19.9289 19.9289 19.9289 29.3049 29.3049 29.3049 29.3049 29.3049 29.3049 29.3049 29.3049 29.3049 29.3049 29.3049 48.6425 48.6425 48.6425 48.6425 48.6425 48.6425 48.6425 11.7253 11.7253 11.7253 11.7253 11.7253 11.7253 ]
c0 = [ 222 222 222 222 222 222 222 222 222 222 222 222 250 250 250 250 250 250 250 250 250 250 183 183 183 221 221 221 221 217 217 217 217 217 217 217 171 171 171 171 171 171 171 171 171 171 171 250 250 250 250 250 250 250 214 214 214 214 214 214 ]
cp = [ 9.80951 9.80951 9.80951 9.80951 9.80951 9.80951 9.80951 9.80951 9.80951 9.80951 9.80951 9.80951 18.5417 18.5417 18.5417 18.5417 18.5417 18.5417 18.5417 18.5417 18.5417 18.5417 18.2826 18.2826 18.2826 11.7757 11.7757 11.7757 11.7757 13.8624 13.8624 13.8624 13.8624 13.8624 13.8624 13.8624 21.338 21.338 21.338 21.338 21.338 21.338 21.338 21.338 21.338 21.338 21.338 8.05627 8.05627 8.05627 8.05627 8.05627 8.05627 8.05627 17.1579 17.1579 17.1579 17.1579 17.1579 17.1579 ]
D = [ 5094 6420 7587 8760 9541 10156 11411 12748 13547 14244 15665 16644 17089 16072 14224 13018 11857 10030 12350 13630 15643 12283 9863 7318 3746 5148 6410 7701 8440 9870 10937 12111 13790 14364 16156 16702 18517 16642 14637 13207 11721 9924 12047 13448 14779 12424 10081 7603 ]
K = 8
nk = [ 1 1 1 1 1 1 1 1 1 1 1 1 2 2 2 2 2 2 2 2 2 2 3 3 3 4 4 4 4 5 5 5 5 5 5 5 6 6 6 6 6 6 6 6 6 6 6 7 7 7 7 7 7 7 8 8 8 8 8 8 ]
First = [ 1 0 0 0 0 0 0 0 0 0 0 0 1 0 0 0 0 0 0 0 0 0 1 0 0 1 0 0 0 1 0 0 0 0 0 0 1 0 0 0 0 0 0 0 0 0 0 1 0 0 0 0 0 0 1 0 0 0 0 0 ]
Last = [ 0 0 0 0 0 0 0 0 0 0 0 1 0 0 0 0 0 0 0 0 0 1 0 0 1 0 0 0 1 0 0 0 0 0 0 1 0 0 0 0 0 0 0 0 0 0 1 0 0 0 0 0 0 1 0 0 0 0 0 1 ]
nS = 1
S = [ 0 1 2 3 4 5 6 7 8 9 10 11 12 13 14 15 16 17 18 19 20 21 22 23 24 25 26 27 28 29 30 31 32 33 34 35 36 37 38 39 40 41 42 43 44 45 46 47 48 49 50 51 52 53 54 55 56 57 58 59 ]
