n = 60 ; 
T = 48 ; 
Init = [ 0 0 0 0 0 0 0 0 1 1 1 1 1 1 1 1 1 1 1 1 1 1 1 0 0 0 0 0 0 0 1 1 1 1 1 1 1 1 1 1 0 0 1 1 1 1 1 1 1 1 1 1 1 1 1 1 1 1 1 1 ]
L = [ 5 5 5 5 5 5 5 5 7 7 7 7 7 7 7 7 7 3 3 3 3 3 3 3 3 3 3 3 3 3 4 5 5 5 5 5 5 5 5 5 2 2 3 3 3 3 3 3 3 3 3 2 2 2 3 3 3 3 3 3 ]
l = [ 5 5 5 5 5 5 5 5 7 7 7 7 7 7 7 7 7 3 3 3 3 3 3 3 3 3 3 3 3 3 4 5 5 5 5 5 5 5 5 5 2 2 3 3 3 3 3 3 3 3 3 2 2 2 3 3 3 3 3 3 ]
Pmin = [ 53 53 53 53 53 53 53 53 78 78 78 78 78 78 78 78 78 28 28 28 28 28 28 36 36 36 36 36 36 36 35 51 51 51 51 51 51 51 51 51 19 19 29 29 29 29 29 29 29 29 29 27 27 27 38 38 38 38 38 38 ]
Pmax = [ 193 193 193 193 193 193 193 193 321 321 321 321 321 321 321 321 321 81 81 81 81 81 81 119 119 119 119 119 119 119 97 199 199 199 199 199 199 199 199 199 43 43 97 97 97 97 97 97 97 97 97 72 72 72 113 113 113 113 113 113 ]
cf = [ 33.2826 33.2826 33.2826 33.2826 33.2826 33.2826 33.2826 33.2826 47.108 47.108 47.108 47.108 47.108 47.108 47.108 47.108 47.108 8.24595 8.24595 8.24595 8.24595 8.24595 8.24595 35.8441 35.8441 35.8441 35.8441 35.8441 35.8441 35.8441 27.4311 47.1471 47.1471 47.1471 47.1471 47.1471 47.1471 47.1471 47.1471 47.1471 12.5329 12.5329 18.011 18.011 18.011 18.011 18.011 18.011 18.011 18.011 18.011 49.3099 49.3099 49.3099 49.6295 49.6295 49.6295 49.6295 49.6295 49.6295 ]
c0 = [ 140 140 140 140 140 140 140 140 205 205 205 205 205 205 205 205 205 97 97 97 97 97 97 104 104 104 104 104 104 104 106 135 135 135 135 135 135 135 135 135 66 66 101 101 101 101 101 101 101 101 101 79 79 79 122 122 122 122 122 122 ]
cp = [ 34.0552 34.0552 34.0552 34.0552 34.0552 34.0552 34.0552 34.0552 22.4165 22.4165 22.4165 22.4165 22.4165 22.4165 22.4165 22.4165 22.4165 33.3585 33.3585 33.3585 33.3585 33.3585 33.3585 30.6127 30.6127 30.6127 30.6127 30.6127 30.6127 30.6127 38.0019 31.8297 31.8297 31.8297 31.8297 31.8297 31.8297 31.8297 31.8297 31.8297 41.2398 41.2398 39.3266 39.3266 39.3266 39.3266 39.3266 39.3266 39.3266 39.3266 39.3266 35.8436 35.8436 35.8436 26.3552 26.3552 26.3552 26.3552 26.3552 26.3552 ]
D = [ 2495 2990 3484 3818 4231 4618 5398 5521 6347 6756 7226 7437 8008 7421 6764 6173 5397 4831 5455 6308 6943 5864 4689 3304 2083 2432 3257 3595 3963 4646 5301 5580 6188 6871 7120 7661 8338 7515 6965 6164 5740 4895 5622 6177 6828 5489 4519 3158 ]
K = 10
nk = [ 1 1 1 1 1 1 1 1 2 2 2 2 2 2 2 2 2 3 3 3 3 3 3 4 4 4 4 4 4 4 5 6 6 6 6 6 6 6 6 6 7 7 8 8 8 8 8 8 8 8 8 9 9 9 10 10 10 10 10 10 ]
First = [ 1 0 0 0 0 0 0 0 1 0 0 0 0 0 0 0 0 1 0 0 0 0 0 1 0 0 0 0 0 0 1 1 0 0 0 0 0 0 0 0 1 0 1 0 0 0 0 0 0 0 0 1 0 0 1 0 0 0 0 0 ]
Last = [ 0 0 0 0 0 0 0 1 0 0 0 0 0 0 0 0 1 0 0 0 0 0 1 0 0 0 0 0 0 1 1 0 0 0 0 0 0 0 0 1 0 1 0 0 0 0 0 0 0 0 1 0 0 1 0 0 0 0 0 1 ]
nS = 1
S = [ 0 1 2 3 4 5 6 7 8 9 10 11 12 13 14 15 16 17 18 19 20 21 22 23 24 25 26 27 28 29 30 31 32 33 34 35 36 37 38 39 40 41 42 43 44 45 46 47 48 49 50 51 52 53 54 55 56 57 58 59 ]
