n = 60 ; 
T = 48 ; 
Init = [ 0 0 0 0 0 0 0 0 0 0 0 0 0 0 0 0 1 1 1 1 1 1 1 1 1 1 1 1 1 1 1 1 1 1 1 1 1 0 0 0 0 0 0 0 0 0 0 0 0 0 0 1 1 1 0 0 0 1 1 1 ]
L = [ 4 4 4 4 4 4 4 10 10 10 10 10 10 10 10 10 9 9 9 9 9 7 3 8 8 8 8 8 8 8 8 6 6 6 6 6 6 2 2 2 2 2 2 2 2 2 2 2 9 9 9 9 9 10 8 8 8 10 10 10 ]
l = [ 4 4 4 4 4 4 4 10 10 10 10 10 10 10 10 10 9 9 9 9 9 7 3 8 8 8 8 8 8 8 8 6 6 6 6 6 6 2 2 2 2 2 2 2 2 2 2 2 9 9 9 9 9 10 8 8 8 10 10 10 ]
Pmin = [ 29 29 29 29 29 29 29 100 100 100 100 100 100 100 100 100 89 89 89 89 89 69 32 90 90 90 90 90 90 90 90 66 66 66 66 66 66 19 19 19 19 19 19 19 19 19 19 19 100 100 100 94 94 100 82 82 82 100 100 100 ]
Pmax = [ 104 104 104 104 104 104 104 420 420 420 420 420 420 420 420 420 374 374 374 374 374 284 92 349 349 349 349 349 349 349 349 240 240 240 240 240 240 64 64 64 64 64 64 64 64 64 64 64 409 409 409 382 382 420 326 326 326 420 420 420 ]
cf = [ 9.60892 9.60892 9.60892 9.60892 9.60892 9.60892 9.60892 67.7878 67.7878 67.7878 67.7878 67.7878 67.7878 67.7878 67.7878 67.7878 57.33 57.33 57.33 57.33 57.33 36.3317 33.1923 28.8374 28.8374 28.8374 28.8374 28.8374 28.8374 28.8374 28.8374 65.3008 65.3008 65.3008 65.3008 65.3008 65.3008 14.2885 14.2885 14.2885 14.2885 14.2885 14.2885 14.2885 14.2885 14.2885 14.2885 14.2885 55.6623 55.6623 55.6623 44.6249 44.6249 55.4732 21.7745 21.7745 21.7745 17.9505 17.9505 17.9505 ]
c0 = [ 94 94 94 94 94 94 94 250 250 250 250 250 250 250 250 250 232 232 232 232 232 194 89 231 231 231 231 231 231 231 231 187 187 187 187 187 187 60 60 60 60 60 60 60 60 60 60 60 250 250 250 235 235 250 228 228 228 250 250 250 ]
cp = [ 36.4879 36.4879 36.4879 36.4879 36.4879 36.4879 36.4879 9.42066 9.42066 9.42066 9.42066 9.42066 9.42066 9.42066 9.42066 9.42066 18.6916 18.6916 18.6916 18.6916 18.6916 17.3636 38.6044 17.902 17.902 17.902 17.902 17.902 17.902 17.902 17.902 22.4174 22.4174 22.4174 22.4174 22.4174 22.4174 41.7506 41.7506 41.7506 41.7506 41.7506 41.7506 41.7506 41.7506 41.7506 41.7506 41.7506 11.6054 11.6054 11.6054 14.1415 14.1415 8.05967 20.632 20.632 20.632 9.96421 9.96421 9.96421 ]
D = [ 4586 5501 6594 6908 7796 8815 9619 9940 10536 11791 12295 13331 13828 12973 11762 10930 9637 8655 10049 11359 12512 10773 8573 6914 4581 5408 6436 7063 7577 8820 9582 10363 11005 11336 11959 13104 13840 12887 11264 10333 9217 7810 9757 10523 12273 10170 8037 5999 ]
K = 13
nk = [ 1 1 1 1 1 1 1 2 2 2 2 2 2 2 2 2 3 3 3 3 3 4 5 6 6 6 6 6 6 6 6 7 7 7 7 7 7 8 8 8 8 8 8 8 8 8 8 8 9 9 9 10 10 11 12 12 12 13 13 13 ]
First = [ 1 0 0 0 0 0 0 1 0 0 0 0 0 0 0 0 1 0 0 0 0 1 1 1 0 0 0 0 0 0 0 1 0 0 0 0 0 1 0 0 0 0 0 0 0 0 0 0 1 0 0 1 0 1 1 0 0 1 0 0 ]
Last = [ 0 0 0 0 0 0 1 0 0 0 0 0 0 0 0 1 0 0 0 0 1 1 1 0 0 0 0 0 0 0 1 0 0 0 0 0 1 0 0 0 0 0 0 0 0 0 0 1 0 0 1 0 1 1 0 0 1 0 0 1 ]
nS = 1
S = [ 0 1 2 3 4 5 6 7 8 9 10 11 12 13 14 15 16 17 18 19 20 21 22 23 24 25 26 27 28 29 30 31 32 33 34 35 36 37 38 39 40 41 42 43 44 45 46 47 48 49 50 51 52 53 54 55 56 57 58 59 ]
