n = 60 ; 
T = 48 ; 
Init = [ 1 1 1 1 1 1 1 1 1 1 1 1 1 1 0 0 0 0 0 0 0 0 0 0 0 0 0 0 0 0 0 0 0 0 0 0 0 0 0 0 0 0 0 0 0 0 0 0 0 0 0 0 0 0 0 0 0 0 0 0 ]
L = [ 7 7 7 7 7 7 7 7 7 9 9 9 9 9 10 10 10 10 10 9 9 9 9 7 5 5 5 5 5 5 5 5 5 5 5 8 8 8 8 3 3 3 3 3 3 3 3 3 3 3 3 6 6 6 6 6 6 6 6 6 ]
l = [ 7 7 7 7 7 7 7 7 7 9 9 9 9 9 10 10 10 10 10 9 9 9 9 7 5 5 5 5 5 5 5 5 5 5 5 8 8 8 8 3 3 3 3 3 3 3 3 3 3 3 3 6 6 6 6 6 6 6 6 6 ]
Pmin = [ 73 73 73 73 73 73 73 73 73 98 98 98 98 98 100 100 100 100 100 87 87 87 87 68 53 53 53 53 53 53 53 53 53 53 53 78 78 78 78 31 31 31 31 31 31 31 31 31 31 31 31 59 59 59 59 59 59 59 59 59 ]
Pmax = [ 291 291 291 291 291 291 291 291 291 381 381 381 381 381 420 420 420 420 420 354 354 354 354 273 209 209 209 209 209 209 209 209 209 209 209 318 318 318 318 101 101 101 101 101 101 101 101 101 101 101 101 238 238 238 238 238 238 238 238 238 ]
cf = [ 64.6312 64.6312 64.6312 64.6312 64.6312 64.6312 64.6312 64.6312 64.6312 23.1598 23.1598 23.1598 23.1598 23.1598 63.7643 63.7643 63.7643 63.7643 36.1436 30.9833 30.9833 30.9833 30.9833 12.4145 36.4095 36.4095 36.4095 36.4095 36.4095 36.4095 36.4095 36.4095 36.4095 36.4095 36.4095 55.8954 55.8954 55.8954 55.8954 28.2385 28.2385 28.2385 28.2385 28.2385 28.2385 28.2385 28.2385 28.2385 28.2385 28.2385 28.2385 52.3443 52.3443 52.3443 52.3443 52.3443 52.3443 52.3443 52.3443 52.3443 ]
c0 = [ 191 191 191 191 191 191 191 191 191 250 250 250 250 250 250 250 250 250 250 228 228 228 228 178 138 138 138 138 138 138 138 138 138 138 138 202 202 202 202 91 91 91 91 91 91 91 91 91 91 91 91 168 168 168 168 168 168 168 168 168 ]
cp = [ 24.115 24.115 24.115 24.115 24.115 24.115 24.115 24.115 24.115 12.693 12.693 12.693 12.693 12.693 9.57683 9.57683 9.57683 9.57683 10.431 20.271 20.271 20.271 20.271 20.914 35.4375 35.4375 35.4375 35.4375 35.4375 35.4375 35.4375 35.4375 35.4375 35.4375 35.4375 19.3405 19.3405 19.3405 19.3405 37.6775 37.6775 37.6775 37.6775 37.6775 37.6775 37.6775 37.6775 37.6775 37.6775 37.6775 37.6775 24.7655 24.7655 24.7655 24.7655 24.7655 24.7655 24.7655 24.7655 24.7655 ]
D = [ 4106 5208 5715 6292 6942 7619 8308 8932 9700 10624 11187 11742 12351 11692 10698 9446 9076 7795 9148 9852 10926 8836 7058 5337 3517 4333 5346 5654 6908 7209 8098 8740 9662 10495 11227 11784 12502 11345 10678 9272 8638 7629 8603 10048 11838 9580 7555 5524 ]
K = 10
nk = [ 1 1 1 1 1 1 1 1 1 2 2 2 2 2 3 3 3 3 4 5 5 5 5 6 7 7 7 7 7 7 7 7 7 7 7 8 8 8 8 9 9 9 9 9 9 9 9 9 9 9 9 10 10 10 10 10 10 10 10 10 ]
First = [ 1 0 0 0 0 0 0 0 0 1 0 0 0 0 1 0 0 0 1 1 0 0 0 1 1 0 0 0 0 0 0 0 0 0 0 1 0 0 0 1 0 0 0 0 0 0 0 0 0 0 0 1 0 0 0 0 0 0 0 0 ]
Last = [ 0 0 0 0 0 0 0 0 1 0 0 0 0 1 0 0 0 1 1 0 0 0 1 1 0 0 0 0 0 0 0 0 0 0 1 0 0 0 1 0 0 0 0 0 0 0 0 0 0 0 1 0 0 0 0 0 0 0 0 1 ]
nS = 1
S = [ 0 1 2 3 4 5 6 7 8 9 10 11 12 13 14 15 16 17 18 19 20 21 22 23 24 25 26 27 28 29 30 31 32 33 34 35 36 37 38 39 40 41 42 43 44 45 46 47 48 49 50 51 52 53 54 55 56 57 58 59 ]
