n = 60 ; 
T = 48 ; 
Init = [ 1 1 1 1 1 1 1 1 1 1 1 1 1 0 0 0 0 0 0 0 0 0 0 0 0 1 1 0 0 0 1 1 1 1 1 1 1 1 1 1 1 1 1 1 1 1 0 0 0 0 0 0 0 0 0 0 1 1 1 1 ]
L = [ 5 5 5 5 5 5 5 7 7 7 7 7 7 8 8 8 8 8 8 8 8 8 8 8 8 6 6 4 4 4 4 4 4 4 4 4 4 4 4 4 4 4 4 4 4 4 8 8 8 8 8 8 8 8 6 6 8 7 7 7 ]
l = [ 5 5 5 5 5 5 5 7 7 7 7 7 7 8 8 8 8 8 8 8 8 8 8 8 8 6 6 4 4 4 4 4 4 4 4 4 4 4 4 4 4 4 4 4 4 4 8 8 8 8 8 8 8 8 6 6 8 7 7 7 ]
Pmin = [ 54 54 54 54 54 54 54 73 73 73 73 73 73 91 91 91 91 91 91 91 91 91 91 91 91 61 61 35 35 35 41 41 41 41 41 41 41 41 41 41 41 41 43 43 43 43 85 85 85 85 85 85 85 85 66 66 90 81 81 81 ]
Pmax = [ 189 189 189 189 189 189 189 289 289 289 289 289 289 372 372 372 372 372 372 372 372 372 372 372 372 234 234 127 127 127 139 139 139 139 139 139 139 139 139 139 139 139 141 141 141 141 337 337 337 337 337 337 337 337 270 270 335 309 309 309 ]
cf = [ 49.4362 49.4362 49.4362 49.4362 49.4362 49.4362 49.4362 18.9683 18.9683 18.9683 18.9683 18.9683 18.9683 58.9682 58.9682 58.9682 58.9682 58.9682 58.9682 58.9682 58.9682 58.9682 58.9682 58.9682 58.9682 56.3084 56.3084 7.41262 7.41262 7.41262 51.602 51.602 51.602 51.602 51.602 51.602 51.602 51.602 51.602 51.602 51.602 51.602 68.275 68.275 68.275 68.275 41.6069 41.6069 41.6069 41.6069 41.6069 41.6069 41.6069 41.6069 7.09291 7.09291 60.176 55.3107 55.3107 55.3107 ]
c0 = [ 153 153 153 153 153 153 153 185 185 185 185 185 185 241 241 241 241 241 241 241 241 241 241 241 241 177 177 97 97 97 124 124 124 124 124 124 124 124 124 124 124 124 122 122 122 122 230 230 230 230 230 230 230 230 183 183 234 211 211 211 ]
cp = [ 18.5943 18.5943 18.5943 18.5943 18.5943 18.5943 18.5943 21.8011 21.8011 21.8011 21.8011 21.8011 21.8011 8.86058 8.86058 8.86058 8.86058 8.86058 8.86058 8.86058 8.86058 8.86058 8.86058 8.86058 8.86058 29.7005 29.7005 21.3117 21.3117 21.3117 33.5264 33.5264 33.5264 33.5264 33.5264 33.5264 33.5264 33.5264 33.5264 33.5264 33.5264 33.5264 26.9879 26.9879 26.9879 26.9879 15.2853 15.2853 15.2853 15.2853 15.2853 15.2853 15.2853 15.2853 25.3146 25.3146 17.1144 17.5329 17.5329 17.5329 ]
D = [ 4438 5265 5950 6511 7386 7646 8490 9367 9766 10490 11106 12167 12771 11702 10995 9827 8696 7644 8798 10009 11204 9306 7423 6033 3745 4737 5577 6318 6698 7406 8328 8878 9737 10238 10494 11383 12411 11437 10035 9351 8625 7612 8760 9943 10935 9351 7183 5932 ]
K = 11
nk = [ 1 1 1 1 1 1 1 2 2 2 2 2 2 3 3 3 3 3 3 3 3 3 3 3 3 4 4 5 5 5 6 6 6 6 6 6 6 6 6 6 6 6 7 7 7 7 8 8 8 8 8 8 8 8 9 9 10 11 11 11 ]
First = [ 1 0 0 0 0 0 0 1 0 0 0 0 0 1 0 0 0 0 0 0 0 0 0 0 0 1 0 1 0 0 1 0 0 0 0 0 0 0 0 0 0 0 1 0 0 0 1 0 0 0 0 0 0 0 1 0 1 1 0 0 ]
Last = [ 0 0 0 0 0 0 1 0 0 0 0 0 1 0 0 0 0 0 0 0 0 0 0 0 1 0 1 0 0 1 0 0 0 0 0 0 0 0 0 0 0 1 0 0 0 1 0 0 0 0 0 0 0 1 0 1 1 0 0 1 ]
nS = 1
S = [ 0 1 2 3 4 5 6 7 8 9 10 11 12 13 14 15 16 17 18 19 20 21 22 23 24 25 26 27 28 29 30 31 32 33 34 35 36 37 38 39 40 41 42 43 44 45 46 47 48 49 50 51 52 53 54 55 56 57 58 59 ]
