n = 60 ; 
T = 48 ; 
Init = [ 0 0 0 0 0 0 0 0 0 0 0 0 0 0 0 0 0 0 1 1 1 1 1 1 1 1 1 1 1 1 1 1 1 1 1 1 1 1 1 1 1 1 1 1 1 1 1 1 1 1 1 1 1 1 1 1 1 1 1 1 ]
L = [ 10 10 10 10 10 10 10 10 10 10 5 5 5 5 5 5 5 5 7 7 7 7 7 7 7 7 7 7 7 7 7 7 7 7 7 7 7 7 7 7 4 4 4 4 4 4 4 4 4 5 5 5 5 5 5 5 5 5 7 7 ]
l = [ 10 10 10 10 10 10 10 10 10 10 5 5 5 5 5 5 5 5 7 7 7 7 7 7 7 7 7 7 7 7 7 7 7 7 7 7 7 7 7 7 4 4 4 4 4 4 4 4 4 5 5 5 5 5 5 5 5 5 7 7 ]
Pmin = [ 100 100 100 100 100 100 100 100 100 100 49 49 49 48 48 48 48 48 69 69 69 69 69 69 69 69 69 69 69 69 70 70 70 70 70 70 70 70 70 70 44 44 44 44 44 44 44 44 44 53 53 53 53 53 53 53 53 53 74 74 ]
Pmax = [ 420 420 420 420 420 420 420 420 420 420 178 178 178 169 169 169 169 169 269 269 269 269 269 269 269 269 269 269 269 269 264 264 264 264 264 264 264 264 264 264 157 157 157 157 157 157 157 157 157 202 202 202 202 202 202 202 202 202 300 300 ]
cf = [ 31.5882 31.5882 31.5882 31.5882 31.5882 31.5882 31.5882 31.5882 31.5882 31.5882 9.49902 9.49902 9.49902 56.8603 56.8603 56.8603 56.8603 56.8603 29.5017 29.5017 29.5017 29.5017 29.5017 29.5017 29.5017 29.5017 29.5017 29.5017 29.5017 29.5017 64.3935 64.3935 64.3935 64.3935 64.3935 64.3935 64.3935 64.3935 64.3935 64.3935 42.7153 42.7153 42.7153 42.7153 42.7153 42.7153 42.7153 42.7153 42.7153 55.6187 55.6187 55.6187 55.6187 55.6187 55.6187 55.6187 55.6187 55.6187 57.0619 57.0619 ]
c0 = [ 250 250 250 250 250 250 250 250 250 250 133 133 133 140 140 140 140 140 197 197 197 197 197 197 197 197 197 197 197 197 187 187 187 187 187 187 187 187 187 187 116 116 116 116 116 116 116 116 116 155 155 155 155 155 155 155 155 155 191 191 ]
cp = [ 12.306 12.306 12.306 12.306 12.306 12.306 12.306 12.306 12.306 12.306 29.925 29.925 29.925 37.0094 37.0094 37.0094 37.0094 37.0094 24.4965 24.4965 24.4965 24.4965 24.4965 24.4965 24.4965 24.4965 24.4965 24.4965 24.4965 24.4965 16.3803 16.3803 16.3803 16.3803 16.3803 16.3803 16.3803 16.3803 16.3803 16.3803 24.6473 24.6473 24.6473 24.6473 24.6473 24.6473 24.6473 24.6473 24.6473 28.7557 28.7557 28.7557 28.7557 28.7557 28.7557 28.7557 28.7557 28.7557 31.7751 31.7751 ]
D = [ 3768 4467 5297 6168 6592 7591 8160 8941 9643 10786 11306 12460 13144 12148 10937 9636 8343 7863 8880 10309 11605 9826 7706 5529 3367 4247 4824 5334 6279 6962 7740 8919 9405 10199 10702 11567 12726 11937 11040 9990 9068 7948 9108 9988 10921 8763 7413 5334 ]
K = 8
nk = [ 1 1 1 1 1 1 1 1 1 1 2 2 2 3 3 3 3 3 4 4 4 4 4 4 4 4 4 4 4 4 5 5 5 5 5 5 5 5 5 5 6 6 6 6 6 6 6 6 6 7 7 7 7 7 7 7 7 7 8 8 ]
First = [ 1 0 0 0 0 0 0 0 0 0 1 0 0 1 0 0 0 0 1 0 0 0 0 0 0 0 0 0 0 0 1 0 0 0 0 0 0 0 0 0 1 0 0 0 0 0 0 0 0 1 0 0 0 0 0 0 0 0 1 0 ]
Last = [ 0 0 0 0 0 0 0 0 0 1 0 0 1 0 0 0 0 1 0 0 0 0 0 0 0 0 0 0 0 1 0 0 0 0 0 0 0 0 0 1 0 0 0 0 0 0 0 0 1 0 0 0 0 0 0 0 0 1 0 1 ]
nS = 1
S = [ 0 1 2 3 4 5 6 7 8 9 10 11 12 13 14 15 16 17 18 19 20 21 22 23 24 25 26 27 28 29 30 31 32 33 34 35 36 37 38 39 40 41 42 43 44 45 46 47 48 49 50 51 52 53 54 55 56 57 58 59 ]
