n = 60 ; 
T = 96 ; 
Init = [ 1 1 1 1 1 1 1 1 0 0 0 0 0 0 0 0 0 0 0 0 0 0 0 0 0 0 0 0 0 0 0 0 0 0 0 0 0 0 0 0 0 0 0 0 0 0 0 0 0 1 1 1 1 1 1 1 1 1 1 1 ]
L = [ 6 6 6 6 6 6 6 6 9 9 9 9 9 9 9 9 9 9 9 6 6 6 6 2 2 2 2 2 2 5 5 5 5 5 9 9 9 9 9 9 9 9 9 9 9 9 9 9 9 7 7 7 7 7 7 7 9 9 9 9 ]
l = [ 6 6 6 6 6 6 6 6 9 9 9 9 9 9 9 9 9 9 9 6 6 6 6 2 2 2 2 2 2 5 5 5 5 5 9 9 9 9 9 9 9 9 9 9 9 9 9 9 9 7 7 7 7 7 7 7 9 9 9 9 ]
Pmin = [ 59 59 59 59 59 59 59 59 97 97 97 97 97 97 97 97 97 97 97 55 55 55 55 22 22 22 22 22 22 48 48 48 48 48 92 92 92 92 92 92 92 92 92 95 95 95 95 95 95 75 75 75 75 75 75 75 96 96 96 96 ]
Pmax = [ 211 211 211 211 211 211 211 211 384 384 384 384 384 384 384 384 384 384 384 223 223 223 223 43 43 43 43 43 43 171 171 171 171 171 370 370 370 370 370 370 370 370 370 379 379 379 379 379 379 275 275 275 275 275 275 275 389 389 389 389 ]
cf = [ 54.5328 54.5328 54.5328 54.5328 54.5328 54.5328 54.5328 54.5328 31.532 31.532 31.532 31.532 31.532 31.532 31.532 31.532 31.532 31.532 31.532 17.8148 17.8148 17.8148 17.8148 17.0847 17.0847 17.0847 17.0847 17.0847 17.0847 8.53494 8.53494 8.53494 8.53494 8.53494 64.6527 64.6527 64.6527 64.6527 64.6527 64.6527 64.6527 64.6527 64.6527 23.8366 23.8366 23.8366 23.8366 23.8366 23.8366 36.9129 36.9129 36.9129 36.9129 36.9129 36.9129 36.9129 56.9986 56.9986 56.9986 56.9986 ]
c0 = [ 166 166 166 166 166 166 166 166 250 250 250 250 250 250 250 250 250 250 250 162 162 162 162 76 76 76 76 76 76 142 142 142 142 142 248 248 248 248 248 248 248 248 248 241 241 241 241 241 241 199 199 199 199 199 199 199 247 247 247 247 ]
cp = [ 34.5794 34.5794 34.5794 34.5794 34.5794 34.5794 34.5794 34.5794 16.4994 16.4994 16.4994 16.4994 16.4994 16.4994 16.4994 16.4994 16.4994 16.4994 16.4994 22.493 22.493 22.493 22.493 39.9407 39.9407 39.9407 39.9407 39.9407 39.9407 33.7625 33.7625 33.7625 33.7625 33.7625 10.102 10.102 10.102 10.102 10.102 10.102 10.102 10.102 10.102 15.4009 15.4009 15.4009 15.4009 15.4009 15.4009 22.1151 22.1151 22.1151 22.1151 22.1151 22.1151 22.1151 15.8139 15.8139 15.8139 15.8139 ]
D = [ 3925 4851 5902 6240 7252 7974 9065 9765 10942 11664 12811 13375 14322 12981 12136 10327 9500 8205 9740 10852 12495 10291 8551 6178 3778 4752 6008 7013 7484 8883 9346 10344 11280 12248 13547 14332 14892 13734 12444 11465 10052 8902 10029 10933 12080 10408 8366 6520 5120 5583 6632 6949 7736 8859 9395 9971 10625 11908 12488 13179 14150 12800 12017 10582 9838 8611 10077 11138 13009 10923 8675 6745 5025 6109 6314 7588 8291 8743 9374 10450 11368 11826 12806 13576 13865 12845 11897 10609 9159 8489 9347 10920 12186 9935 7850 6189 ]
K = 9
nk = [ 1 1 1 1 1 1 1 1 2 2 2 2 2 2 2 2 2 2 2 3 3 3 3 4 4 4 4 4 4 5 5 5 5 5 6 6 6 6 6 6 6 6 6 7 7 7 7 7 7 8 8 8 8 8 8 8 9 9 9 9 ]
First = [ 1 0 0 0 0 0 0 0 1 0 0 0 0 0 0 0 0 0 0 1 0 0 0 1 0 0 0 0 0 1 0 0 0 0 1 0 0 0 0 0 0 0 0 1 0 0 0 0 0 1 0 0 0 0 0 0 1 0 0 0 ]
Last = [ 0 0 0 0 0 0 0 1 0 0 0 0 0 0 0 0 0 0 1 0 0 0 1 0 0 0 0 0 1 0 0 0 0 1 0 0 0 0 0 0 0 0 1 0 0 0 0 0 1 0 0 0 0 0 0 1 0 0 0 1 ]
nS = 1
S = [ 0 1 2 3 4 5 6 7 8 9 10 11 12 13 14 15 16 17 18 19 20 21 22 23 24 25 26 27 28 29 30 31 32 33 34 35 36 37 38 39 40 41 42 43 44 45 46 47 48 49 50 51 52 53 54 55 56 57 58 59 ]
