n = 60 ; 
T = 96 ; 
Init = [ 0 0 0 0 0 0 0 0 0 0 0 0 0 1 1 1 1 1 1 1 1 1 1 1 0 0 0 0 0 0 0 0 0 0 0 0 0 0 1 1 1 0 0 0 0 0 1 1 1 1 1 1 1 1 1 1 1 0 0 0 ]
L = [ 9 9 9 9 9 9 9 9 9 9 9 9 9 10 10 10 10 6 6 8 8 8 8 8 5 5 5 5 5 5 5 5 5 5 5 5 5 5 6 6 6 2 2 2 2 2 9 9 9 9 9 9 9 9 9 9 9 7 7 7 ]
l = [ 9 9 9 9 9 9 9 9 9 9 9 9 9 10 10 10 10 6 6 8 8 8 8 8 5 5 5 5 5 5 5 5 5 5 5 5 5 5 6 6 6 2 2 2 2 2 9 9 9 9 9 9 9 9 9 9 9 7 7 7 ]
Pmin = [ 100 100 100 100 100 100 100 100 100 100 100 100 100 100 100 100 100 67 67 90 90 90 90 90 49 49 49 49 49 49 49 49 49 49 49 49 49 49 67 67 67 22 22 22 22 22 100 100 100 100 100 100 100 100 100 100 100 70 70 70 ]
Pmax = [ 406 406 406 406 406 406 406 406 406 406 406 406 406 403 403 403 403 256 256 341 341 341 341 341 177 177 177 177 177 177 177 177 177 177 177 177 177 177 238 238 238 66 66 66 66 66 410 410 410 410 410 410 410 410 410 410 410 281 281 281 ]
cf = [ 8.26703 8.26703 8.26703 8.26703 8.26703 8.26703 8.26703 8.26703 8.26703 8.26703 8.26703 8.26703 8.26703 29.802 29.802 29.802 29.802 24.185 24.185 34.3777 34.3777 34.3777 34.3777 34.3777 44.8713 44.8713 44.8713 44.8713 44.8713 44.8713 44.8713 44.8713 44.8713 44.8713 44.8713 44.8713 44.8713 44.8713 42.0539 42.0539 42.0539 38.7405 38.7405 38.7405 38.7405 38.7405 55.2601 55.2601 55.2601 55.2601 55.2601 55.2601 55.2601 55.2601 55.2601 55.2601 55.2601 56.4274 56.4274 56.4274 ]
c0 = [ 250 250 250 250 250 250 250 250 250 250 250 250 250 250 250 250 250 182 182 244 244 244 244 244 142 142 142 142 142 142 142 142 142 142 142 142 142 142 190 190 190 85 85 85 85 85 250 250 250 250 250 250 250 250 250 250 250 194 194 194 ]
cp = [ 13.9479 13.9479 13.9479 13.9479 13.9479 13.9479 13.9479 13.9479 13.9479 13.9479 13.9479 13.9479 13.9479 10.0943 10.0943 10.0943 10.0943 19.5429 19.5429 11.4504 11.4504 11.4504 11.4504 11.4504 29.4737 29.4737 29.4737 29.4737 29.4737 29.4737 29.4737 29.4737 29.4737 29.4737 29.4737 29.4737 29.4737 29.4737 28.6977 28.6977 28.6977 40.6154 40.6154 40.6154 40.6154 40.6154 10.4188 10.4188 10.4188 10.4188 10.4188 10.4188 10.4188 10.4188 10.4188 10.4188 10.4188 23.3327 23.3327 23.3327 ]
D = [ 5092 5653 6385 7300 8576 9332 9737 10536 11262 12307 12820 13847 15022 13501 12350 11041 10421 9085 10274 11703 13004 10616 8341 6394 4249 5290 6109 7282 8252 9185 10113 11036 11572 12498 14064 14843 15479 14304 13208 11907 10693 9400 10291 11991 13121 11046 8933 6633 4484 5324 6531 6889 8292 8976 9328 10687 11324 12342 13260 13846 14736 13483 12474 11485 10407 8649 10093 11371 12450 10451 8434 6943 4489 5461 6333 7376 7999 9111 10000 10469 11815 12507 13495 14303 15075 13715 12479 11757 10525 9437 10523 11855 12720 10362 8773 6194 ]
K = 9
nk = [ 1 1 1 1 1 1 1 1 1 1 1 1 1 2 2 2 2 3 3 4 4 4 4 4 5 5 5 5 5 5 5 5 5 5 5 5 5 5 6 6 6 7 7 7 7 7 8 8 8 8 8 8 8 8 8 8 8 9 9 9 ]
First = [ 1 0 0 0 0 0 0 0 0 0 0 0 0 1 0 0 0 1 0 1 0 0 0 0 1 0 0 0 0 0 0 0 0 0 0 0 0 0 1 0 0 1 0 0 0 0 1 0 0 0 0 0 0 0 0 0 0 1 0 0 ]
Last = [ 0 0 0 0 0 0 0 0 0 0 0 0 1 0 0 0 1 0 1 0 0 0 0 1 0 0 0 0 0 0 0 0 0 0 0 0 0 1 0 0 1 0 0 0 0 1 0 0 0 0 0 0 0 0 0 0 1 0 0 1 ]
nS = 1
S = [ 0 1 2 3 4 5 6 7 8 9 10 11 12 13 14 15 16 17 18 19 20 21 22 23 24 25 26 27 28 29 30 31 32 33 34 35 36 37 38 39 40 41 42 43 44 45 46 47 48 49 50 51 52 53 54 55 56 57 58 59 ]
