n = 60 ; 
T = 96 ; 
Init = [ 1 1 1 1 1 1 1 1 1 1 1 1 1 1 1 0 0 0 0 0 0 0 0 0 0 1 1 1 1 1 1 1 1 1 1 1 1 1 0 0 0 0 0 0 0 0 0 0 0 0 0 0 0 0 0 0 0 0 0 0 ]
L = [ 10 10 10 10 10 10 10 10 10 5 5 5 5 4 4 3 3 3 3 3 3 3 3 3 3 3 3 3 3 9 9 9 9 9 9 9 9 9 4 4 4 4 4 4 4 4 4 4 4 4 6 6 6 6 6 6 6 6 6 6 ]
l = [ 10 10 10 10 10 10 10 10 10 5 5 5 5 4 4 3 3 3 3 3 3 3 3 3 3 3 3 3 3 9 9 9 9 9 9 9 9 9 4 4 4 4 4 4 4 4 4 4 4 4 6 6 6 6 6 6 6 6 6 6 ]
Pmin = [ 100 100 100 100 100 100 100 100 100 47 47 47 47 40 40 34 34 34 34 34 34 34 34 34 34 24 24 24 24 92 92 92 92 92 92 92 92 92 41 41 41 41 41 41 41 41 41 41 41 41 64 64 64 64 64 64 64 64 64 64 ]
Pmax = [ 420 420 420 420 420 420 420 420 420 183 183 183 183 143 143 92 92 92 92 92 92 92 92 92 92 82 82 82 82 385 385 385 385 385 385 385 385 385 141 141 141 141 141 141 141 141 141 141 141 141 244 244 244 244 244 244 244 244 244 244 ]
cf = [ 31.2051 31.2051 31.2051 31.2051 31.2051 31.2051 31.2051 31.2051 31.2051 30.0699 30.0699 30.0699 30.0699 41.6602 41.6602 60.2691 60.2691 60.2691 60.2691 60.2691 60.2691 60.2691 60.2691 60.2691 60.2691 14.7515 14.7515 14.7515 14.7515 7.78572 7.78572 7.78572 7.78572 7.78572 7.78572 7.78572 7.78572 7.78572 28.1922 28.1922 28.1922 28.1922 28.1922 28.1922 28.1922 28.1922 28.1922 28.1922 28.1922 28.1922 57.0048 57.0048 57.0048 57.0048 57.0048 57.0048 57.0048 57.0048 57.0048 57.0048 ]
c0 = [ 250 250 250 250 250 250 250 250 250 126 126 126 126 107 107 109 109 109 109 109 109 109 109 109 109 68 68 68 68 250 250 250 250 250 250 250 250 250 130 130 130 130 130 130 130 130 130 130 130 130 165 165 165 165 165 165 165 165 165 165 ]
cp = [ 9.03255 9.03255 9.03255 9.03255 9.03255 9.03255 9.03255 9.03255 9.03255 35.5833 35.5833 35.5833 35.5833 25.9416 25.9416 38.7091 38.7091 38.7091 38.7091 38.7091 38.7091 38.7091 38.7091 38.7091 38.7091 36.9842 36.9842 36.9842 36.9842 16.1939 16.1939 16.1939 16.1939 16.1939 16.1939 16.1939 16.1939 16.1939 25.7083 25.7083 25.7083 25.7083 25.7083 25.7083 25.7083 25.7083 25.7083 25.7083 25.7083 25.7083 31.051 31.051 31.051 31.051 31.051 31.051 31.051 31.051 31.051 31.051 ]
D = [ 2510 3633 3985 4881 5369 6570 7180 7558 8763 9290 9867 10560 11443 10384 9735 8466 7726 6736 7786 9394 10462 9052 7403 5653 4236 4602 5327 6035 6579 7483 7961 8442 9237 9921 10343 10947 11490 10805 9945 8738 7797 6607 7707 8823 10056 8674 6766 4849 3630 4015 4516 5161 6178 6747 7297 8032 8440 8832 9722 10175 10895 10355 9316 8947 7990 7280 8155 9285 10299 8454 6437 5044 3124 3843 4481 5334 5920 6569 7259 7780 8344 9134 9429 10296 10796 9922 9342 8530 7377 6642 7753 8770 10048 8292 6871 5023 ]
K = 8
nk = [ 1 1 1 1 1 1 1 1 1 2 2 2 2 3 3 4 4 4 4 4 4 4 4 4 4 5 5 5 5 6 6 6 6 6 6 6 6 6 7 7 7 7 7 7 7 7 7 7 7 7 8 8 8 8 8 8 8 8 8 8 ]
First = [ 1 0 0 0 0 0 0 0 0 1 0 0 0 1 0 1 0 0 0 0 0 0 0 0 0 1 0 0 0 1 0 0 0 0 0 0 0 0 1 0 0 0 0 0 0 0 0 0 0 0 1 0 0 0 0 0 0 0 0 0 ]
Last = [ 0 0 0 0 0 0 0 0 1 0 0 0 1 0 1 0 0 0 0 0 0 0 0 0 1 0 0 0 1 0 0 0 0 0 0 0 0 1 0 0 0 0 0 0 0 0 0 0 0 1 0 0 0 0 0 0 0 0 0 1 ]
nS = 1
S = [ 0 1 2 3 4 5 6 7 8 9 10 11 12 13 14 15 16 17 18 19 20 21 22 23 24 25 26 27 28 29 30 31 32 33 34 35 36 37 38 39 40 41 42 43 44 45 46 47 48 49 50 51 52 53 54 55 56 57 58 59 ]
