n = 60 ; 
T = 96 ; 
Init = [ 0 0 0 0 0 0 0 0 0 0 0 0 0 1 1 1 1 1 1 1 1 1 1 1 1 1 1 1 1 1 1 0 0 0 0 0 0 0 0 0 0 0 0 1 1 1 1 1 1 1 1 1 1 1 1 1 1 1 1 1 ]
L = [ 5 5 5 5 5 5 5 5 5 5 5 5 5 6 6 6 6 6 6 6 10 10 10 10 10 10 10 10 10 10 10 7 7 7 7 7 7 7 7 10 10 10 10 8 8 8 8 8 8 8 5 5 5 5 5 5 5 5 5 5 ]
l = [ 5 5 5 5 5 5 5 5 5 5 5 5 5 6 6 6 6 6 6 6 10 10 10 10 10 10 10 10 10 10 10 7 7 7 7 7 7 7 7 10 10 10 10 8 8 8 8 8 8 8 5 5 5 5 5 5 5 5 5 5 ]
Pmin = [ 58 58 58 58 58 58 58 58 58 58 58 58 58 60 60 60 60 60 60 60 100 100 100 100 100 100 100 100 100 100 100 79 79 79 79 79 79 79 79 100 100 100 100 86 86 86 86 86 86 86 55 55 55 55 49 49 49 49 49 49 ]
Pmax = [ 230 230 230 230 230 230 230 230 230 230 230 230 230 235 235 235 235 235 235 235 420 420 420 420 420 420 420 420 420 420 420 313 313 313 313 313 313 313 313 417 417 417 417 338 338 338 338 338 338 338 198 198 198 198 192 192 192 192 192 192 ]
cf = [ 46.7576 46.7576 46.7576 46.7576 46.7576 46.7576 46.7576 46.7576 46.7576 46.7576 46.7576 46.7576 46.7576 14.8935 14.8935 14.8935 14.8935 14.8935 14.8935 14.8935 36.366 36.366 36.366 36.366 36.366 36.366 36.366 36.366 36.366 36.366 36.366 24.5718 24.5718 24.5718 24.5718 24.5718 24.5718 24.5718 24.5718 69.3283 69.3283 69.3283 69.3283 18.2676 18.2676 18.2676 18.2676 18.2676 18.2676 18.2676 63.4167 63.4167 63.4167 63.4167 33.5305 33.5305 33.5305 33.5305 33.5305 33.5305 ]
c0 = [ 159 159 159 159 159 159 159 159 159 159 159 159 159 175 175 175 175 175 175 175 250 250 250 250 250 250 250 250 250 250 250 202 202 202 202 202 202 202 202 250 250 250 250 229 229 229 229 229 229 229 145 145 145 145 141 141 141 141 141 141 ]
cp = [ 33.9235 33.9235 33.9235 33.9235 33.9235 33.9235 33.9235 33.9235 33.9235 33.9235 33.9235 33.9235 33.9235 19.1333 19.1333 19.1333 19.1333 19.1333 19.1333 19.1333 8.63899 8.63899 8.63899 8.63899 8.63899 8.63899 8.63899 8.63899 8.63899 8.63899 8.63899 19.9266 19.9266 19.9266 19.9266 19.9266 19.9266 19.9266 19.9266 8.21227 8.21227 8.21227 8.21227 17.5531 17.5531 17.5531 17.5531 17.5531 17.5531 17.5531 29.5546 29.5546 29.5546 29.5546 25.1705 25.1705 25.1705 25.1705 25.1705 25.1705 ]
D = [ 3278 4409 5263 6630 6884 8136 9324 10038 11076 12026 12410 13402 14257 13563 12154 10695 9960 8427 10216 11012 12486 10712 8290 5807 3752 4936 5582 6902 7314 8409 9777 10524 11181 12347 13214 14615 15247 13862 12871 10987 10119 8178 9612 11263 12554 10426 8482 5823 3670 4667 5919 7183 7872 8779 10209 11038 11649 12870 14110 14931 16065 14728 12913 11722 10768 9153 10178 11786 12563 10657 8265 6718 4579 5196 6431 7198 8072 8865 9324 10111 11338 12339 12741 13485 14730 13624 12462 10934 10040 8296 10057 11790 13604 11205 9367 6629 ]
K = 8
nk = [ 1 1 1 1 1 1 1 1 1 1 1 1 1 2 2 2 2 2 2 2 3 3 3 3 3 3 3 3 3 3 3 4 4 4 4 4 4 4 4 5 5 5 5 6 6 6 6 6 6 6 7 7 7 7 8 8 8 8 8 8 ]
First = [ 1 0 0 0 0 0 0 0 0 0 0 0 0 1 0 0 0 0 0 0 1 0 0 0 0 0 0 0 0 0 0 1 0 0 0 0 0 0 0 1 0 0 0 1 0 0 0 0 0 0 1 0 0 0 1 0 0 0 0 0 ]
Last = [ 0 0 0 0 0 0 0 0 0 0 0 0 1 0 0 0 0 0 0 1 0 0 0 0 0 0 0 0 0 0 1 0 0 0 0 0 0 0 1 0 0 0 1 0 0 0 0 0 0 1 0 0 0 1 0 0 0 0 0 1 ]
nS = 1
S = [ 0 1 2 3 4 5 6 7 8 9 10 11 12 13 14 15 16 17 18 19 20 21 22 23 24 25 26 27 28 29 30 31 32 33 34 35 36 37 38 39 40 41 42 43 44 45 46 47 48 49 50 51 52 53 54 55 56 57 58 59 ]
