n = 60 ; 
T = 96 ; 
Init = [ 1 1 1 1 1 1 1 1 1 1 1 1 1 1 1 1 1 1 1 1 1 0 0 0 0 0 0 0 0 0 0 0 0 0 0 0 0 0 0 0 0 0 0 0 0 0 0 0 0 0 0 0 0 0 0 0 0 0 1 1 ]
L = [ 10 10 10 10 10 10 10 10 10 10 10 10 10 10 10 10 10 10 10 10 8 8 8 8 8 8 8 8 8 8 8 8 8 8 8 8 8 8 8 8 8 8 8 8 8 8 8 9 9 9 9 9 9 9 9 9 9 9 7 7 ]
l = [ 10 10 10 10 10 10 10 10 10 10 10 10 10 10 10 10 10 10 10 10 8 8 8 8 8 8 8 8 8 8 8 8 8 8 8 8 8 8 8 8 8 8 8 8 8 8 8 9 9 9 9 9 9 9 9 9 9 9 7 7 ]
Pmin = [ 100 100 100 100 100 100 100 100 100 100 100 100 100 100 100 100 100 100 100 100 94 86 86 86 86 86 86 86 86 86 86 86 86 86 86 86 86 86 86 86 86 86 86 86 86 86 86 100 100 100 100 100 100 100 100 100 100 100 80 80 ]
Pmax = [ 419 419 419 419 419 419 419 419 419 419 419 419 419 419 419 419 419 419 419 419 359 338 338 338 338 338 338 338 338 338 338 338 338 338 338 338 338 338 338 338 338 338 338 338 338 338 338 420 420 420 420 420 420 420 420 420 420 420 307 307 ]
cf = [ 16.0689 16.0689 16.0689 16.0689 16.0689 16.0689 16.0689 16.0689 16.0689 16.0689 16.0689 16.0689 16.0689 16.0689 16.0689 16.0689 16.0689 16.0689 16.0689 16.0689 56.7367 40.0014 40.0014 40.0014 40.0014 40.0014 40.0014 40.0014 40.0014 40.0014 40.0014 40.0014 40.0014 40.0014 40.0014 40.0014 40.0014 40.0014 40.0014 40.0014 40.0014 40.0014 40.0014 40.0014 40.0014 40.0014 40.0014 12.7795 12.7795 12.7795 12.7795 12.7795 12.7795 12.7795 12.7795 12.7795 12.7795 12.7795 16.8642 16.8642 ]
c0 = [ 250 250 250 250 250 250 250 250 250 250 250 250 250 250 250 250 250 250 250 250 240 225 225 225 225 225 225 225 225 225 225 225 225 225 225 225 225 225 225 225 225 225 225 225 225 225 225 250 250 250 250 250 250 250 250 250 250 250 211 211 ]
cp = [ 9.99279 9.99279 9.99279 9.99279 9.99279 9.99279 9.99279 9.99279 9.99279 9.99279 9.99279 9.99279 9.99279 9.99279 9.99279 9.99279 9.99279 9.99279 9.99279 9.99279 12.975 16.1605 16.1605 16.1605 16.1605 16.1605 16.1605 16.1605 16.1605 16.1605 16.1605 16.1605 16.1605 16.1605 16.1605 16.1605 16.1605 16.1605 16.1605 16.1605 16.1605 16.1605 16.1605 16.1605 16.1605 16.1605 16.1605 15.0114 15.0114 15.0114 15.0114 15.0114 15.0114 15.0114 15.0114 15.0114 15.0114 15.0114 28.0788 28.0788 ]
D = [ 6274 7671 8114 9203 10646 12223 12977 14007 15199 16508 17943 19073 20191 18467 16302 14887 12559 10662 12347 14130 15972 13430 10961 8739 6588 6944 8136 9571 10132 11264 12082 13071 13808 15419 16451 17347 18334 16824 15166 13690 11800 10511 13213 15021 17439 14684 11093 8055 4782 6417 7915 8814 9722 11647 13010 14042 14867 16211 17881 19309 20677 18335 16751 15134 13559 12014 13862 16353 18143 15021 11330 8127 4725 6486 7178 9012 10082 11305 12769 13575 14883 16099 17363 18736 19434 17956 16527 14614 13264 11930 13920 15594 17747 14779 11705 7768 ]
K = 5
nk = [ 1 1 1 1 1 1 1 1 1 1 1 1 1 1 1 1 1 1 1 1 2 3 3 3 3 3 3 3 3 3 3 3 3 3 3 3 3 3 3 3 3 3 3 3 3 3 3 4 4 4 4 4 4 4 4 4 4 4 5 5 ]
First = [ 1 0 0 0 0 0 0 0 0 0 0 0 0 0 0 0 0 0 0 0 1 1 0 0 0 0 0 0 0 0 0 0 0 0 0 0 0 0 0 0 0 0 0 0 0 0 0 1 0 0 0 0 0 0 0 0 0 0 1 0 ]
Last = [ 0 0 0 0 0 0 0 0 0 0 0 0 0 0 0 0 0 0 0 1 1 0 0 0 0 0 0 0 0 0 0 0 0 0 0 0 0 0 0 0 0 0 0 0 0 0 1 0 0 0 0 0 0 0 0 0 0 1 0 1 ]
nS = 1
S = [ 0 1 2 3 4 5 6 7 8 9 10 11 12 13 14 15 16 17 18 19 20 21 22 23 24 25 26 27 28 29 30 31 32 33 34 35 36 37 38 39 40 41 42 43 44 45 46 47 48 49 50 51 52 53 54 55 56 57 58 59 ]
