n = 60 ; 
T = 96 ; 
Init = [ 0 0 0 0 0 0 0 0 0 0 0 0 0 0 0 0 0 0 0 0 0 0 0 0 0 0 0 0 0 0 0 0 0 0 0 0 0 1 1 1 1 1 1 1 1 1 1 1 1 1 1 0 0 0 0 0 0 0 0 0 ]
L = [ 9 9 9 9 9 9 9 9 9 9 9 9 9 9 9 9 9 9 9 9 9 9 9 9 9 9 9 9 10 10 10 10 10 10 10 10 10 4 4 4 4 4 4 4 4 4 4 4 4 4 4 3 3 3 3 5 5 5 5 5 ]
l = [ 9 9 9 9 9 9 9 9 9 9 9 9 9 9 9 9 9 9 9 9 9 9 9 9 9 9 9 9 10 10 10 10 10 10 10 10 10 4 4 4 4 4 4 4 4 4 4 4 4 4 4 3 3 3 3 5 5 5 5 5 ]
Pmin = [ 100 100 100 100 100 100 100 100 100 100 98 98 98 98 98 98 98 98 98 98 98 98 98 98 98 98 98 98 100 100 100 100 100 100 100 100 100 41 41 41 41 41 41 41 41 41 41 41 41 41 41 29 29 29 29 47 47 47 47 47 ]
Pmax = [ 417 417 417 417 417 417 417 417 417 417 392 392 392 392 392 392 392 392 392 392 392 392 392 392 392 392 392 392 408 408 408 408 408 408 408 408 408 135 135 135 135 135 135 135 135 135 135 135 135 135 135 94 94 94 94 183 183 183 183 183 ]
cf = [ 40.9694 40.9694 40.9694 40.9694 40.9694 40.9694 40.9694 40.9694 40.9694 40.9694 47.8311 47.8311 47.8311 47.8311 47.8311 47.8311 47.8311 47.8311 47.8311 47.8311 47.8311 47.8311 47.8311 47.8311 47.8311 47.8311 47.8311 47.8311 31.5707 31.5707 31.5707 31.5707 31.5707 31.5707 31.5707 31.5707 31.5707 24.892 24.892 24.892 24.892 24.892 24.892 24.892 24.892 24.892 24.892 24.892 24.892 24.892 24.892 34.828 34.828 34.828 34.828 66.6781 66.6781 66.6781 66.6781 66.6781 ]
c0 = [ 250 250 250 250 250 250 250 250 250 250 250 250 250 250 250 250 250 250 250 250 250 250 250 250 250 250 250 250 250 250 250 250 250 250 250 250 250 116 116 116 116 116 116 116 116 116 116 116 116 116 116 82 82 82 82 134 134 134 134 134 ]
cp = [ 10.0852 10.0852 10.0852 10.0852 10.0852 10.0852 10.0852 10.0852 10.0852 10.0852 9.31839 9.31839 9.31839 9.31839 9.31839 9.31839 9.31839 9.31839 9.31839 9.31839 9.31839 9.31839 9.31839 9.31839 9.31839 9.31839 9.31839 9.31839 8.22993 8.22993 8.22993 8.22993 8.22993 8.22993 8.22993 8.22993 8.22993 30.2424 30.2424 30.2424 30.2424 30.2424 30.2424 30.2424 30.2424 30.2424 30.2424 30.2424 30.2424 30.2424 30.2424 34.4483 34.4483 34.4483 34.4483 29.2735 29.2735 29.2735 29.2735 29.2735 ]
D = [ 4434 4945 6338 6653 8005 8568 9236 10004 10895 11979 12590 13935 14271 13665 12867 11406 10321 9300 11115 12599 14211 11556 9130 6664 3654 4701 5490 6639 7510 8492 9425 10737 11540 12396 13753 14794 15416 14307 12596 11382 10489 9054 10609 12548 13440 11617 8860 6469 4189 5107 6118 7091 7826 8290 9163 9908 11056 11546 12845 13877 14753 13386 12056 11081 9997 8724 10168 11686 13888 10883 8353 6324 3470 4516 5398 6983 7455 8450 9908 10707 11712 13054 14139 14773 15829 14707 12975 11436 10134 9301 10713 12173 13331 11449 8852 6287 ]
K = 6
nk = [ 1 1 1 1 1 1 1 1 1 1 2 2 2 2 2 2 2 2 2 2 2 2 2 2 2 2 2 2 3 3 3 3 3 3 3 3 3 4 4 4 4 4 4 4 4 4 4 4 4 4 4 5 5 5 5 6 6 6 6 6 ]
First = [ 1 0 0 0 0 0 0 0 0 0 1 0 0 0 0 0 0 0 0 0 0 0 0 0 0 0 0 0 1 0 0 0 0 0 0 0 0 1 0 0 0 0 0 0 0 0 0 0 0 0 0 1 0 0 0 1 0 0 0 0 ]
Last = [ 0 0 0 0 0 0 0 0 0 1 0 0 0 0 0 0 0 0 0 0 0 0 0 0 0 0 0 1 0 0 0 0 0 0 0 0 1 0 0 0 0 0 0 0 0 0 0 0 0 0 1 0 0 0 1 0 0 0 0 1 ]
nS = 1
S = [ 0 1 2 3 4 5 6 7 8 9 10 11 12 13 14 15 16 17 18 19 20 21 22 23 24 25 26 27 28 29 30 31 32 33 34 35 36 37 38 39 40 41 42 43 44 45 46 47 48 49 50 51 52 53 54 55 56 57 58 59 ]
