n = 60 ; 
T = 96 ; 
Init = [ 1 1 1 1 1 1 1 1 1 1 0 0 0 0 0 1 1 1 0 0 0 0 0 0 0 0 0 0 1 1 1 1 1 1 1 1 1 1 1 1 1 1 1 1 1 0 0 0 0 0 0 0 0 0 0 0 1 1 1 1 ]
L = [ 10 10 10 10 10 10 10 10 10 10 9 9 9 9 9 10 10 10 8 8 8 8 8 8 8 8 8 8 6 6 6 6 6 6 10 10 10 10 10 10 10 10 10 10 10 6 6 6 6 6 6 6 6 6 6 6 7 7 7 7 ]
l = [ 10 10 10 10 10 10 10 10 10 10 9 9 9 9 9 10 10 10 8 8 8 8 8 8 8 8 8 8 6 6 6 6 6 6 10 10 10 10 10 10 10 10 10 10 10 6 6 6 6 6 6 6 6 6 6 6 7 7 7 7 ]
Pmin = [ 100 100 100 100 100 100 100 100 100 100 95 95 95 95 95 100 100 100 81 81 81 81 81 81 81 81 81 81 68 68 68 68 68 68 100 100 100 100 100 100 100 100 100 100 100 59 59 59 59 59 59 59 59 59 59 59 68 68 68 68 ]
Pmax = [ 420 420 420 420 420 420 420 420 420 420 384 384 384 384 384 408 408 408 323 323 323 323 323 323 323 323 323 323 250 250 250 250 250 250 420 420 420 420 420 420 420 420 420 420 420 227 227 227 227 227 227 227 227 227 227 227 252 252 252 252 ]
cf = [ 25.0911 25.0911 25.0911 25.0911 25.0911 25.0911 25.0911 25.0911 25.0911 25.0911 21.965 21.965 21.965 21.965 21.965 23.644 23.644 23.644 17.3754 17.3754 17.3754 17.3754 17.3754 17.3754 17.3754 17.3754 17.3754 17.3754 61.7299 61.7299 61.7299 61.7299 61.7299 61.7299 30.788 30.788 30.788 30.788 30.788 30.788 30.788 30.788 30.788 30.788 30.788 66.9325 66.9325 66.9325 66.9325 66.9325 66.9325 66.9325 66.9325 66.9325 66.9325 66.9325 15.0185 15.0185 15.0185 15.0185 ]
c0 = [ 250 250 250 250 250 250 250 250 250 250 246 246 246 246 246 250 250 250 214 214 214 214 214 214 214 214 214 214 193 193 193 193 193 193 250 250 250 250 250 250 250 250 250 250 250 153 153 153 153 153 153 153 153 153 153 153 180 180 180 180 ]
cp = [ 8.44877 8.44877 8.44877 8.44877 8.44877 8.44877 8.44877 8.44877 8.44877 8.44877 18.6693 18.6693 18.6693 18.6693 18.6693 9.75213 9.75213 9.75213 14.5684 14.5684 14.5684 14.5684 14.5684 14.5684 14.5684 14.5684 14.5684 14.5684 31.5455 31.5455 31.5455 31.5455 31.5455 31.5455 11.1282 11.1282 11.1282 11.1282 11.1282 11.1282 11.1282 11.1282 11.1282 11.1282 11.1282 25.9073 25.9073 25.9073 25.9073 25.9073 25.9073 25.9073 25.9073 25.9073 25.9073 25.9073 18.8156 18.8156 18.8156 18.8156 ]
D = [ 4805 6307 7297 8062 9034 9812 10512 12081 13083 13792 14846 15817 16589 15105 13561 12388 10891 10021 11772 13757 15902 13422 10957 8056 5244 6752 7344 8999 9718 10911 11758 12284 14013 14650 16013 16672 17392 16139 14792 12777 11346 9381 11755 13724 15986 13605 10979 8670 5476 6664 7932 8940 9709 10813 11531 12482 13424 14464 15326 16702 17287 16310 14293 13742 12214 10595 12426 14363 16026 13330 10225 7703 4996 5806 6608 7627 8735 10384 11203 12446 13036 13837 15052 15713 17214 15572 14200 12787 11261 9858 11634 14015 15336 12972 10938 8680 ]
K = 8
nk = [ 1 1 1 1 1 1 1 1 1 1 2 2 2 2 2 3 3 3 4 4 4 4 4 4 4 4 4 4 5 5 5 5 5 5 6 6 6 6 6 6 6 6 6 6 6 7 7 7 7 7 7 7 7 7 7 7 8 8 8 8 ]
First = [ 1 0 0 0 0 0 0 0 0 0 1 0 0 0 0 1 0 0 1 0 0 0 0 0 0 0 0 0 1 0 0 0 0 0 1 0 0 0 0 0 0 0 0 0 0 1 0 0 0 0 0 0 0 0 0 0 1 0 0 0 ]
Last = [ 0 0 0 0 0 0 0 0 0 1 0 0 0 0 1 0 0 1 0 0 0 0 0 0 0 0 0 1 0 0 0 0 0 1 0 0 0 0 0 0 0 0 0 0 1 0 0 0 0 0 0 0 0 0 0 1 0 0 0 1 ]
nS = 1
S = [ 0 1 2 3 4 5 6 7 8 9 10 11 12 13 14 15 16 17 18 19 20 21 22 23 24 25 26 27 28 29 30 31 32 33 34 35 36 37 38 39 40 41 42 43 44 45 46 47 48 49 50 51 52 53 54 55 56 57 58 59 ]
