n = 60 ; 
T = 96 ; 
Init = [ 1 1 1 1 1 1 1 1 1 1 1 1 1 1 1 0 0 1 1 1 1 1 1 1 1 1 1 1 1 1 1 1 1 1 1 0 0 0 0 0 0 0 0 0 0 0 0 0 0 0 0 0 0 0 0 0 0 0 0 0 ]
L = [ 9 9 9 9 9 9 9 9 9 9 9 9 6 6 6 6 6 3 6 6 3 3 3 3 3 3 3 3 3 3 3 3 3 3 3 8 8 8 8 8 8 8 8 8 8 8 8 8 8 7 7 7 7 7 7 7 7 7 7 7 ]
l = [ 9 9 9 9 9 9 9 9 9 9 9 9 6 6 6 6 6 3 6 6 3 3 3 3 3 3 3 3 3 3 3 3 3 3 3 8 8 8 8 8 8 8 8 8 8 8 8 8 8 7 7 7 7 7 7 7 7 7 7 7 ]
Pmin = [ 97 97 97 97 97 97 97 97 97 97 97 97 61 61 61 70 70 25 65 65 37 37 37 37 37 37 37 37 37 37 37 37 37 37 37 94 94 94 94 94 94 94 94 94 94 94 94 94 94 78 78 78 78 78 78 78 78 78 78 78 ]
Pmax = [ 379 379 379 379 379 379 379 379 379 379 379 379 236 236 236 265 265 91 233 233 108 108 108 108 108 108 108 108 108 108 108 108 108 108 108 367 367 367 367 367 367 367 367 367 367 367 367 367 367 296 296 296 296 296 296 296 296 296 296 296 ]
cf = [ 47.3303 47.3303 47.3303 47.3303 47.3303 47.3303 47.3303 47.3303 47.3303 47.3303 47.3303 47.3303 30.0331 30.0331 30.0331 66.1997 66.1997 25.8833 30.5606 30.5606 8.40771 8.40771 8.40771 8.40771 8.40771 8.40771 8.40771 8.40771 8.40771 8.40771 8.40771 8.40771 8.40771 8.40771 8.40771 8.31823 8.31823 8.31823 8.31823 8.31823 8.31823 8.31823 8.31823 8.31823 8.31823 8.31823 8.31823 8.31823 8.31823 15.1348 15.1348 15.1348 15.1348 15.1348 15.1348 15.1348 15.1348 15.1348 15.1348 15.1348 ]
c0 = [ 250 250 250 250 250 250 250 250 250 250 250 250 161 161 161 186 186 75 167 167 116 116 116 116 116 116 116 116 116 116 116 116 116 116 116 247 247 247 247 247 247 247 247 247 247 247 247 247 247 216 216 216 216 216 216 216 216 216 216 216 ]
cp = [ 11.7526 11.7526 11.7526 11.7526 11.7526 11.7526 11.7526 11.7526 11.7526 11.7526 11.7526 11.7526 22.6736 22.6736 22.6736 24.1055 24.1055 35.3438 28.6235 28.6235 30.58 30.58 30.58 30.58 30.58 30.58 30.58 30.58 30.58 30.58 30.58 30.58 30.58 30.58 30.58 16.467 16.467 16.467 16.467 16.467 16.467 16.467 16.467 16.467 16.467 16.467 16.467 16.467 16.467 12.7704 12.7704 12.7704 12.7704 12.7704 12.7704 12.7704 12.7704 12.7704 12.7704 12.7704 ]
D = [ 4037 4693 5578 6601 7219 8010 8896 10194 10895 11942 12788 13238 14466 13320 12024 10300 9319 8167 9131 10502 12307 10064 8388 6362 4572 5196 6253 7240 7879 8436 9173 10388 10963 11474 12521 13274 14417 13116 11644 10972 9636 8355 9810 11083 12552 10572 8189 6468 4402 5140 5805 7049 7402 8268 9365 10143 10960 11831 13051 13593 14726 13074 11790 10581 9255 8442 9462 10420 11473 9316 7293 5353 3501 4792 5720 6016 7096 8392 8820 9892 10755 11740 12752 13612 14287 13502 12500 10714 9953 8396 9460 10753 11971 9932 7563 5656 ]
K = 8
nk = [ 1 1 1 1 1 1 1 1 1 1 1 1 2 2 2 3 3 4 5 5 6 6 6 6 6 6 6 6 6 6 6 6 6 6 6 7 7 7 7 7 7 7 7 7 7 7 7 7 7 8 8 8 8 8 8 8 8 8 8 8 ]
First = [ 1 0 0 0 0 0 0 0 0 0 0 0 1 0 0 1 0 1 1 0 1 0 0 0 0 0 0 0 0 0 0 0 0 0 0 1 0 0 0 0 0 0 0 0 0 0 0 0 0 1 0 0 0 0 0 0 0 0 0 0 ]
Last = [ 0 0 0 0 0 0 0 0 0 0 0 1 0 0 1 0 1 1 0 1 0 0 0 0 0 0 0 0 0 0 0 0 0 0 1 0 0 0 0 0 0 0 0 0 0 0 0 0 1 0 0 0 0 0 0 0 0 0 0 1 ]
nS = 1
S = [ 0 1 2 3 4 5 6 7 8 9 10 11 12 13 14 15 16 17 18 19 20 21 22 23 24 25 26 27 28 29 30 31 32 33 34 35 36 37 38 39 40 41 42 43 44 45 46 47 48 49 50 51 52 53 54 55 56 57 58 59 ]
