n = 60 ; 
T = 96 ; 
Init = [ 1 1 1 1 1 1 1 1 1 1 1 1 1 1 1 1 1 1 1 1 1 1 1 1 1 1 1 1 1 1 1 1 0 0 0 0 0 0 0 0 0 0 0 0 0 0 0 0 0 0 0 0 0 0 0 0 0 0 0 0 ]
L = [ 19 19 19 19 19 19 19 19 19 19 19 19 19 19 19 19 19 19 19 19 19 19 19 19 15 15 15 15 15 15 15 15 8 8 8 8 8 8 8 8 8 8 8 8 8 8 8 8 8 8 8 8 8 8 8 8 8 8 8 8 ]
l = [ 19 19 19 19 19 19 19 19 19 19 19 19 19 19 19 19 19 19 19 19 19 19 19 19 15 15 15 15 15 15 15 15 8 8 8 8 8 8 8 8 8 8 8 8 8 8 8 8 8 8 8 8 8 8 8 8 8 8 8 8 ]
Pmin = [ 100 100 100 100 100 100 100 100 100 100 100 100 100 100 100 100 100 100 100 100 100 100 100 100 79 79 79 79 79 79 79 79 41 41 41 41 41 41 41 41 41 41 41 41 41 41 41 41 41 41 41 41 41 41 41 41 41 41 41 41 ]
Pmax = [ 420 420 420 420 420 420 420 420 420 420 420 420 420 420 420 420 420 420 420 420 420 420 420 420 330 330 330 330 330 330 330 330 139 139 139 139 139 139 139 139 139 139 139 139 139 139 139 139 139 139 139 139 139 139 139 139 139 139 139 139 ]
cf = [ 17.8945 17.8945 17.8945 17.8945 17.8945 17.8945 17.8945 17.8945 17.8945 17.8945 17.8945 17.8945 17.8945 17.8945 17.8945 17.8945 17.8945 17.8945 17.8945 17.8945 17.8945 17.8945 17.8945 17.8945 64.5113 64.5113 64.5113 64.5113 64.5113 64.5113 64.5113 64.5113 39.3164 39.3164 39.3164 39.3164 39.3164 39.3164 39.3164 39.3164 39.3164 39.3164 39.3164 39.3164 39.3164 39.3164 39.3164 39.3164 39.3164 39.3164 39.3164 39.3164 39.3164 39.3164 39.3164 39.3164 39.3164 39.3164 39.3164 39.3164 ]
c0 = [ 251 254 258 263 269 276 285 295 306 319 333 348 364 381 400 420 441 464 488 513 539 566 595 625 216 218 221 225 231 237 244 253 113 114 116 118 121 125 128 133 138 144 150 157 164 172 180 189 199 209 220 231 243 255 268 282 296 310 326 341 ]
cp = [ 8.75181 8.75181 8.75181 8.75181 8.75181 8.75181 8.75181 8.75181 8.75181 8.75181 8.75181 8.75181 8.75181 8.75181 8.75181 8.75181 8.75181 8.75181 8.75181 8.75181 8.75181 8.75181 8.75181 8.75181 24.8456 24.8456 24.8456 24.8456 24.8456 24.8456 24.8456 24.8456 28.6055 28.6055 28.6055 28.6055 28.6055 28.6055 28.6055 28.6055 28.6055 28.6055 28.6055 28.6055 28.6055 28.6055 28.6055 28.6055 28.6055 28.6055 28.6055 28.6055 28.6055 28.6055 28.6055 28.6055 28.6055 28.6055 28.6055 28.6055 ]
D = [ 4508 4808 5234 5349 5968 6447 6478 7259 7643 8273 8443 8652 9123 9852 10306 10285 10947 11203 11853 11873 12536 13098 13479 14053 13970 13789 13030 12796 11930 11726 10892 10177 9853 9025 8669 9148 10310 10834 11673 12134 12868 11735 10928 9990 8501 7728 6349 5767 4435 5295 5187 5956 5961 6188 6660 7031 7658 7984 8600 8968 8842 9239 10071 10435 10308 10903 11303 11732 11880 12366 12995 13394 13525 13036 12627 12403 11293 11213 10343 9901 9640 8949 8234 9381 9654 10148 10624 11147 12254 10772 10416 9487 8025 7459 6518 5217 ]
K = 3
nk = [ 1 1 1 1 1 1 1 1 1 1 1 1 1 1 1 1 1 1 1 1 1 1 1 1 2 2 2 2 2 2 2 2 3 3 3 3 3 3 3 3 3 3 3 3 3 3 3 3 3 3 3 3 3 3 3 3 3 3 3 3 ]
First = [ 1 0 0 0 0 0 0 0 0 0 0 0 0 0 0 0 0 0 0 0 0 0 0 0 1 0 0 0 0 0 0 0 1 0 0 0 0 0 0 0 0 0 0 0 0 0 0 0 0 0 0 0 0 0 0 0 0 0 0 0 ]
Last = [ 0 0 0 0 0 0 0 0 0 0 0 0 0 0 0 0 0 0 0 0 0 0 0 1 0 0 0 0 0 0 0 1 0 0 0 0 0 0 0 0 0 0 0 0 0 0 0 0 0 0 0 0 0 0 0 0 0 0 0 1 ]
nS = 1
S = [ 0 1 2 3 4 5 6 7 8 9 10 11 12 13 14 15 16 17 18 19 20 21 22 23 24 25 26 27 28 29 30 31 32 33 34 35 36 37 38 39 40 41 42 43 44 45 46 47 48 49 50 51 52 53 54 55 56 57 58 59 ]
