n = 80 ; 
T = 48 ; 
Init = [ 0 0 0 0 0 0 0 0 0 1 1 1 0 0 0 0 0 0 0 0 0 0 0 0 1 1 1 1 1 1 1 1 1 1 1 1 1 1 1 1 0 0 0 0 0 0 0 0 0 0 0 0 0 0 0 0 0 0 0 0 0 0 0 0 0 1 1 1 1 1 1 1 1 1 1 1 0 0 0 0 ]
L = [ 6 6 6 6 6 6 6 6 6 7 7 7 4 4 4 8 8 8 9 9 9 9 9 9 9 9 9 9 9 9 6 6 6 6 6 6 6 6 6 6 2 2 2 2 2 2 2 2 2 2 2 10 10 10 10 10 10 10 10 10 9 9 9 9 9 3 3 3 3 3 3 3 3 3 3 3 7 7 7 7 ]
l = [ 6 6 6 6 6 6 6 6 6 7 7 7 4 4 4 8 8 8 9 9 9 9 9 9 9 9 9 9 9 9 6 6 6 6 6 6 6 6 6 6 2 2 2 2 2 2 2 2 2 2 2 10 10 10 10 10 10 10 10 10 9 9 9 9 9 3 3 3 3 3 3 3 3 3 3 3 7 7 7 7 ]
Pmin = [ 68 68 68 68 68 68 68 68 68 78 78 78 41 41 41 91 91 91 93 93 93 93 93 93 99 99 99 99 99 99 61 61 61 61 61 61 61 61 61 61 16 16 16 16 16 16 16 16 16 16 16 100 100 100 100 100 100 100 100 100 95 95 95 95 95 22 22 22 22 22 22 22 22 22 22 22 80 80 80 80 ]
Pmax = [ 244 244 244 244 244 244 244 244 244 292 292 292 139 139 139 345 345 345 376 376 376 376 376 376 391 391 391 391 391 391 247 247 247 247 247 247 247 247 247 247 51 51 51 51 51 51 51 51 51 51 51 419 419 419 419 419 419 419 419 419 372 372 372 372 372 68 68 68 68 68 68 68 68 68 68 68 300 300 300 300 ]
cf = [ 61.896 61.896 61.896 61.896 61.896 61.896 61.896 61.896 61.896 10.6196 10.6196 10.6196 66.6308 66.6308 66.6308 24.0252 24.0252 24.0252 50.5933 50.5933 50.5933 50.5933 50.5933 50.5933 44.8914 44.8914 44.8914 44.8914 44.8914 44.8914 45.5654 45.5654 45.5654 45.5654 45.5654 45.5654 45.5654 45.5654 45.5654 45.5654 33.8131 33.8131 33.8131 33.8131 33.8131 33.8131 33.8131 33.8131 33.8131 33.8131 33.8131 60.7258 60.7258 60.7258 60.7258 60.7258 60.7258 60.7258 60.7258 60.7258 34.0395 34.0395 34.0395 34.0395 34.0395 54.9177 54.9177 54.9177 54.9177 54.9177 54.9177 54.9177 54.9177 54.9177 54.9177 54.9177 20.5623 20.5623 20.5623 20.5623 ]
c0 = [ 173 173 173 173 173 173 173 173 173 197 197 197 120 120 120 235 235 235 250 250 250 250 250 250 250 250 250 250 250 250 160 160 160 160 160 160 160 160 160 160 70 70 70 70 70 70 70 70 70 70 70 250 250 250 250 250 250 250 250 250 250 250 250 250 250 69 69 69 69 69 69 69 69 69 69 69 209 209 209 209 ]
cp = [ 18.7212 18.7212 18.7212 18.7212 18.7212 18.7212 18.7212 18.7212 18.7212 22.8964 22.8964 22.8964 28.6161 28.6161 28.6161 19.4361 19.4361 19.4361 17.9138 17.9138 17.9138 17.9138 17.9138 17.9138 8.70149 8.70149 8.70149 8.70149 8.70149 8.70149 22.893 22.893 22.893 22.893 22.893 22.893 22.893 22.893 22.893 22.893 40.1276 40.1276 40.1276 40.1276 40.1276 40.1276 40.1276 40.1276 40.1276 40.1276 40.1276 8.32539 8.32539 8.32539 8.32539 8.32539 8.32539 8.32539 8.32539 8.32539 9.89422 9.89422 9.89422 9.89422 9.89422 39.678 39.678 39.678 39.678 39.678 39.678 39.678 39.678 39.678 39.678 39.678 23.3877 23.3877 23.3877 23.3877 ]
D = [ 4236 4887 6398 6858 8514 9460 10785 11640 12474 13695 15015 15654 16924 15069 13764 12625 11590 9609 11574 12873 14133 11758 9137 7120 4382 5783 6951 7740 8788 10133 10714 11635 13232 13595 15066 16021 16631 15262 14010 12540 11258 10257 11765 12517 13924 11951 9973 7207 ]
K = 12
nk = [ 1 1 1 1 1 1 1 1 1 2 2 2 3 3 3 4 4 4 5 5 5 5 5 5 6 6 6 6 6 6 7 7 7 7 7 7 7 7 7 7 8 8 8 8 8 8 8 8 8 8 8 9 9 9 9 9 9 9 9 9 10 10 10 10 10 11 11 11 11 11 11 11 11 11 11 11 12 12 12 12 ]
First = [ 1 0 0 0 0 0 0 0 0 1 0 0 1 0 0 1 0 0 1 0 0 0 0 0 1 0 0 0 0 0 1 0 0 0 0 0 0 0 0 0 1 0 0 0 0 0 0 0 0 0 0 1 0 0 0 0 0 0 0 0 1 0 0 0 0 1 0 0 0 0 0 0 0 0 0 0 1 0 0 0 ]
Last = [ 0 0 0 0 0 0 0 0 1 0 0 1 0 0 1 0 0 1 0 0 0 0 0 1 0 0 0 0 0 1 0 0 0 0 0 0 0 0 0 1 0 0 0 0 0 0 0 0 0 0 1 0 0 0 0 0 0 0 0 1 0 0 0 0 1 0 0 0 0 0 0 0 0 0 0 1 0 0 0 1 ]
nS = 1
S = [ 0 1 2 3 4 5 6 7 8 9 10 11 12 13 14 15 16 17 18 19 20 21 22 23 24 25 26 27 28 29 30 31 32 33 34 35 36 37 38 39 40 41 42 43 44 45 46 47 48 49 50 51 52 53 54 55 56 57 58 59 60 61 62 63 64 65 66 67 68 69 70 71 72 73 74 75 76 77 78 79 ]
