n = 80 ; 
T = 48 ; 
Init = [ 1 1 1 1 1 1 1 1 1 1 1 0 0 0 0 0 0 0 1 1 1 0 0 0 0 0 0 0 0 0 0 0 0 0 0 0 0 0 0 0 0 0 0 0 0 0 0 0 0 0 0 0 0 0 0 0 0 0 0 0 0 0 0 0 0 0 0 0 0 0 0 0 0 0 0 0 0 0 0 0 ]
L = [ 9 9 9 9 9 9 9 9 9 9 9 8 8 8 8 8 8 8 7 7 7 2 2 2 2 2 2 2 2 2 2 2 2 2 2 2 2 2 2 2 8 8 8 8 8 8 8 8 8 8 8 8 8 8 8 5 5 5 5 5 5 5 5 5 5 5 5 5 5 5 5 5 9 9 9 9 9 9 9 9 ]
l = [ 9 9 9 9 9 9 9 9 9 9 9 8 8 8 8 8 8 8 7 7 7 2 2 2 2 2 2 2 2 2 2 2 2 2 2 2 2 2 2 2 8 8 8 8 8 8 8 8 8 8 8 8 8 8 8 5 5 5 5 5 5 5 5 5 5 5 5 5 5 5 5 5 9 9 9 9 9 9 9 9 ]
Pmin = [ 97 97 97 97 97 97 97 97 97 97 97 79 79 79 79 79 79 79 78 78 78 25 25 25 25 25 25 25 25 25 25 25 25 25 25 25 25 25 25 25 86 86 86 86 86 86 86 86 86 86 86 86 86 86 86 57 57 57 57 57 57 57 57 57 57 57 57 57 57 57 57 57 91 91 91 91 91 91 91 91 ]
Pmax = [ 397 397 397 397 397 397 397 397 397 397 397 322 322 322 322 322 322 322 310 310 310 70 70 70 70 70 70 70 70 70 70 70 70 70 70 70 70 70 70 70 358 358 358 358 358 358 358 358 358 358 358 358 358 358 358 197 197 197 197 197 197 197 197 197 197 197 197 197 197 197 197 197 367 367 367 367 367 367 367 367 ]
cf = [ 45.925 45.925 45.925 45.925 45.925 45.925 45.925 45.925 45.925 45.925 45.925 12.9035 12.9035 12.9035 12.9035 12.9035 12.9035 12.9035 39.448 39.448 39.448 60.914 60.914 60.914 60.914 60.914 60.914 60.914 60.914 60.914 60.914 60.914 60.914 60.914 60.914 60.914 60.914 60.914 60.914 60.914 9.33113 9.33113 9.33113 9.33113 9.33113 9.33113 9.33113 9.33113 9.33113 9.33113 9.33113 9.33113 9.33113 9.33113 9.33113 61.9977 61.9977 61.9977 61.9977 61.9977 61.9977 61.9977 61.9977 61.9977 61.9977 61.9977 61.9977 61.9977 61.9977 61.9977 61.9977 61.9977 34.3993 34.3993 34.3993 34.3993 34.3993 34.3993 34.3993 34.3993 ]
c0 = [ 250 250 250 250 250 250 250 250 250 250 250 212 212 212 212 212 212 212 218 218 218 92 92 92 92 92 92 92 92 92 92 92 92 92 92 92 92 92 92 92 235 235 235 235 235 235 235 235 235 235 235 235 235 235 235 168 168 168 168 168 168 168 168 168 168 168 168 168 168 168 168 168 237 237 237 237 237 237 237 237 ]
cp = [ 14.4849 14.4849 14.4849 14.4849 14.4849 14.4849 14.4849 14.4849 14.4849 14.4849 14.4849 19.7528 19.7528 19.7528 19.7528 19.7528 19.7528 19.7528 15.9589 15.9589 15.9589 40.7863 40.7863 40.7863 40.7863 40.7863 40.7863 40.7863 40.7863 40.7863 40.7863 40.7863 40.7863 40.7863 40.7863 40.7863 40.7863 40.7863 40.7863 40.7863 12.0951 12.0951 12.0951 12.0951 12.0951 12.0951 12.0951 12.0951 12.0951 12.0951 12.0951 12.0951 12.0951 12.0951 12.0951 32.6946 32.6946 32.6946 32.6946 32.6946 32.6946 32.6946 32.6946 32.6946 32.6946 32.6946 32.6946 32.6946 32.6946 32.6946 32.6946 32.6946 18.5397 18.5397 18.5397 18.5397 18.5397 18.5397 18.5397 18.5397 ]
D = [ 6016 6693 7190 8090 9555 10565 10835 12214 12926 13505 15095 15797 16954 15140 14452 13238 11518 10390 11783 13849 15261 12379 10579 8056 5558 6352 7819 8392 9601 11067 12201 12697 14351 15141 16268 17599 18254 16445 15292 13446 11356 10219 12473 14254 16734 13788 10536 7653 ]
K = 7
nk = [ 1 1 1 1 1 1 1 1 1 1 1 2 2 2 2 2 2 2 3 3 3 4 4 4 4 4 4 4 4 4 4 4 4 4 4 4 4 4 4 4 5 5 5 5 5 5 5 5 5 5 5 5 5 5 5 6 6 6 6 6 6 6 6 6 6 6 6 6 6 6 6 6 7 7 7 7 7 7 7 7 ]
First = [ 1 0 0 0 0 0 0 0 0 0 0 1 0 0 0 0 0 0 1 0 0 1 0 0 0 0 0 0 0 0 0 0 0 0 0 0 0 0 0 0 1 0 0 0 0 0 0 0 0 0 0 0 0 0 0 1 0 0 0 0 0 0 0 0 0 0 0 0 0 0 0 0 1 0 0 0 0 0 0 0 ]
Last = [ 0 0 0 0 0 0 0 0 0 0 1 0 0 0 0 0 0 1 0 0 1 0 0 0 0 0 0 0 0 0 0 0 0 0 0 0 0 0 0 1 0 0 0 0 0 0 0 0 0 0 0 0 0 0 1 0 0 0 0 0 0 0 0 0 0 0 0 0 0 0 0 1 0 0 0 0 0 0 0 1 ]
nS = 1
S = [ 0 1 2 3 4 5 6 7 8 9 10 11 12 13 14 15 16 17 18 19 20 21 22 23 24 25 26 27 28 29 30 31 32 33 34 35 36 37 38 39 40 41 42 43 44 45 46 47 48 49 50 51 52 53 54 55 56 57 58 59 60 61 62 63 64 65 66 67 68 69 70 71 72 73 74 75 76 77 78 79 ]
