n = 80 ; 
T = 48 ; 
Init = [ 0 0 0 0 0 0 0 0 0 0 0 0 0 0 0 0 0 0 1 1 1 1 1 0 0 0 0 0 0 0 0 1 1 1 1 1 1 0 0 0 0 0 0 0 0 0 0 0 0 0 0 0 0 0 0 0 0 0 0 0 0 0 0 0 0 0 0 0 1 1 1 1 1 1 1 1 0 0 1 1 ]
L = [ 8 8 8 8 8 8 5 5 5 5 5 5 5 5 5 5 5 5 8 8 8 8 8 10 10 10 10 10 10 10 10 3 3 3 3 3 3 4 4 4 4 4 4 4 4 4 4 9 9 9 9 9 9 9 9 9 9 9 9 9 9 9 9 9 9 9 9 4 6 6 6 6 6 6 6 6 8 8 6 6 ]
l = [ 8 8 8 8 8 8 5 5 5 5 5 5 5 5 5 5 5 5 8 8 8 8 8 10 10 10 10 10 10 10 10 3 3 3 3 3 3 4 4 4 4 4 4 4 4 4 4 9 9 9 9 9 9 9 9 9 9 9 9 9 9 9 9 9 9 9 9 4 6 6 6 6 6 6 6 6 8 8 6 6 ]
Pmin = [ 85 85 85 85 85 85 61 61 61 61 61 61 61 61 61 61 61 61 84 84 84 84 84 100 100 100 100 100 100 100 100 35 35 35 35 35 35 36 36 36 36 36 36 36 36 36 36 96 96 96 95 95 95 95 95 95 95 95 95 95 95 95 95 94 94 94 94 50 63 63 63 63 63 63 63 63 85 85 69 69 ]
Pmax = [ 325 325 325 325 325 325 210 210 210 210 210 210 210 210 210 210 210 210 332 332 332 332 332 416 416 416 416 416 416 416 416 117 117 117 117 117 117 120 120 120 120 120 120 120 120 120 120 395 395 395 387 387 387 387 387 387 387 387 387 387 387 387 387 361 361 361 361 166 234 234 234 234 234 234 234 234 332 332 251 251 ]
cf = [ 15.5626 15.5626 15.5626 15.5626 15.5626 15.5626 32.2769 32.2769 32.2769 32.2769 32.2769 32.2769 32.2769 32.2769 32.2769 32.2769 32.2769 32.2769 60.1155 60.1155 60.1155 60.1155 60.1155 57.976 57.976 57.976 57.976 57.976 57.976 57.976 57.976 13.1214 13.1214 13.1214 13.1214 13.1214 13.1214 21.9279 21.9279 21.9279 21.9279 21.9279 21.9279 21.9279 21.9279 21.9279 21.9279 68.1644 68.1644 68.1644 68.6757 68.6757 68.6757 68.6757 68.6757 68.6757 68.6757 68.6757 68.6757 68.6757 68.6757 68.6757 68.6757 8.17665 8.17665 8.17665 8.17665 61.3405 24.9121 24.9121 24.9121 24.9121 24.9121 24.9121 24.9121 24.9121 18.5605 18.5605 63.5982 63.5982 ]
c0 = [ 218 218 218 218 218 218 173 173 173 173 173 173 173 173 173 173 173 173 224 224 224 224 224 250 250 250 250 250 250 250 250 101 101 101 101 101 101 111 111 111 111 111 111 111 111 111 111 250 250 250 240 240 240 240 240 240 240 240 240 240 240 240 240 236 236 236 236 144 177 177 177 177 177 177 177 177 230 230 193 193 ]
cp = [ 21.5963 21.5963 21.5963 21.5963 21.5963 21.5963 22.1252 22.1252 22.1252 22.1252 22.1252 22.1252 22.1252 22.1252 22.1252 22.1252 22.1252 22.1252 12.9615 12.9615 12.9615 12.9615 12.9615 9.18701 9.18701 9.18701 9.18701 9.18701 9.18701 9.18701 9.18701 36.8665 36.8665 36.8665 36.8665 36.8665 36.8665 31.8718 31.8718 31.8718 31.8718 31.8718 31.8718 31.8718 31.8718 31.8718 31.8718 10.2436 10.2436 10.2436 14.6011 14.6011 14.6011 14.6011 14.6011 14.6011 14.6011 14.6011 14.6011 14.6011 14.6011 14.6011 14.6011 12.0637 12.0637 12.0637 12.0637 33.0748 29.2591 29.2591 29.2591 29.2591 29.2591 29.2591 29.2591 29.2591 11.4294 11.4294 24.814 24.814 ]
D = [ 5978 6550 7539 8711 10126 10967 11992 13790 14339 15289 16514 17486 18688 17596 15887 14097 12583 11224 13584 15392 17318 15008 11463 8878 5905 6639 8078 8678 10173 10777 12563 13784 14295 15873 16526 17759 18557 17225 15815 14367 12901 11275 12789 15329 17688 14494 11555 8486 ]
K = 13
nk = [ 1 1 1 1 1 1 2 2 2 2 2 2 2 2 2 2 2 2 3 3 3 3 3 4 4 4 4 4 4 4 4 5 5 5 5 5 5 6 6 6 6 6 6 6 6 6 6 7 7 7 8 8 8 8 8 8 8 8 8 8 8 8 8 9 9 9 9 10 11 11 11 11 11 11 11 11 12 12 13 13 ]
First = [ 1 0 0 0 0 0 1 0 0 0 0 0 0 0 0 0 0 0 1 0 0 0 0 1 0 0 0 0 0 0 0 1 0 0 0 0 0 1 0 0 0 0 0 0 0 0 0 1 0 0 1 0 0 0 0 0 0 0 0 0 0 0 0 1 0 0 0 1 1 0 0 0 0 0 0 0 1 0 1 0 ]
Last = [ 0 0 0 0 0 1 0 0 0 0 0 0 0 0 0 0 0 1 0 0 0 0 1 0 0 0 0 0 0 0 1 0 0 0 0 0 1 0 0 0 0 0 0 0 0 0 1 0 0 1 0 0 0 0 0 0 0 0 0 0 0 0 1 0 0 0 1 1 0 0 0 0 0 0 0 1 0 1 0 1 ]
nS = 1
S = [ 0 1 2 3 4 5 6 7 8 9 10 11 12 13 14 15 16 17 18 19 20 21 22 23 24 25 26 27 28 29 30 31 32 33 34 35 36 37 38 39 40 41 42 43 44 45 46 47 48 49 50 51 52 53 54 55 56 57 58 59 60 61 62 63 64 65 66 67 68 69 70 71 72 73 74 75 76 77 78 79 ]
