n = 80 ; 
T = 48 ; 
Init = [ 1 1 1 1 1 1 1 1 1 1 1 1 1 1 1 1 0 0 0 0 0 0 0 0 0 0 0 1 1 1 1 1 1 1 1 1 1 1 1 1 0 0 0 0 0 0 0 0 0 0 0 0 0 0 0 0 0 0 0 0 1 1 1 1 1 1 1 1 1 1 1 1 0 0 0 0 0 0 0 0 ]
L = [ 8 8 8 8 8 8 8 8 8 8 8 8 8 8 8 8 10 10 10 10 10 10 10 10 10 10 10 4 4 4 4 4 4 4 4 4 4 4 4 4 3 3 3 3 3 3 3 3 3 3 3 3 3 3 3 3 3 3 3 3 9 9 9 9 9 9 9 9 9 9 9 9 9 9 9 3 3 3 3 3 ]
l = [ 8 8 8 8 8 8 8 8 8 8 8 8 8 8 8 8 10 10 10 10 10 10 10 10 10 10 10 4 4 4 4 4 4 4 4 4 4 4 4 4 3 3 3 3 3 3 3 3 3 3 3 3 3 3 3 3 3 3 3 3 9 9 9 9 9 9 9 9 9 9 9 9 9 9 9 3 3 3 3 3 ]
Pmin = [ 78 78 78 78 78 78 78 78 78 78 78 78 78 78 78 78 100 100 100 100 100 100 100 100 100 100 100 37 37 37 37 37 37 37 37 37 37 37 37 37 32 32 32 32 32 32 32 32 32 27 27 27 27 27 27 27 27 27 27 27 99 99 99 99 99 99 99 99 99 99 99 99 89 89 89 23 23 23 23 23 ]
Pmax = [ 298 298 298 298 298 298 298 298 298 298 298 298 298 298 298 298 420 420 420 420 420 420 420 420 420 420 420 110 110 110 110 110 110 110 110 110 110 110 110 110 122 122 122 122 122 122 122 122 122 72 72 72 72 72 72 72 72 72 72 72 397 397 397 397 397 397 397 397 397 397 397 397 366 366 366 77 77 77 77 77 ]
cf = [ 69.7637 69.7637 69.7637 69.7637 69.7637 69.7637 69.7637 69.7637 69.7637 69.7637 69.7637 69.7637 69.7637 69.7637 69.7637 69.7637 7.49149 7.49149 7.49149 7.49149 7.49149 7.49149 7.49149 7.49149 7.49149 7.49149 7.49149 26.4172 26.4172 26.4172 26.4172 26.4172 26.4172 26.4172 26.4172 26.4172 26.4172 26.4172 26.4172 26.4172 62.0916 62.0916 62.0916 62.0916 62.0916 62.0916 62.0916 62.0916 62.0916 14.5894 14.5894 14.5894 14.5894 14.5894 14.5894 14.5894 14.5894 14.5894 14.5894 14.5894 9.45585 9.45585 9.45585 9.45585 9.45585 9.45585 9.45585 9.45585 9.45585 9.45585 9.45585 9.45585 12.5114 12.5114 12.5114 62.1722 62.1722 62.1722 62.1722 62.1722 ]
c0 = [ 205 205 205 205 205 205 205 205 205 205 205 205 205 205 205 205 250 250 250 250 250 250 250 250 250 250 250 111 111 111 111 111 111 111 111 111 111 111 111 111 105 105 105 105 105 105 105 105 105 83 83 83 83 83 83 83 83 83 83 83 250 250 250 250 250 250 250 250 250 250 250 250 239 239 239 67 67 67 67 67 ]
cp = [ 17.0429 17.0429 17.0429 17.0429 17.0429 17.0429 17.0429 17.0429 17.0429 17.0429 17.0429 17.0429 17.0429 17.0429 17.0429 17.0429 13.6914 13.6914 13.6914 13.6914 13.6914 13.6914 13.6914 13.6914 13.6914 13.6914 13.6914 33.2186 33.2186 33.2186 33.2186 33.2186 33.2186 33.2186 33.2186 33.2186 33.2186 33.2186 33.2186 33.2186 33.2844 33.2844 33.2844 33.2844 33.2844 33.2844 33.2844 33.2844 33.2844 35.8878 35.8878 35.8878 35.8878 35.8878 35.8878 35.8878 35.8878 35.8878 35.8878 35.8878 12.9427 12.9427 12.9427 12.9427 12.9427 12.9427 12.9427 12.9427 12.9427 12.9427 12.9427 12.9427 12.5201 12.5201 12.5201 37.6028 37.6028 37.6028 37.6028 37.6028 ]
D = [ 4277 5177 6361 7165 8434 9194 10140 11611 12486 13965 14941 16142 17217 15144 13610 12147 11094 9555 10907 12694 14798 12492 9990 7652 5391 6648 7458 8664 9284 10593 11247 12322 13515 13820 15465 16316 17292 15942 14428 12443 11047 9558 11805 13397 14533 11886 9659 7390 ]
K = 8
nk = [ 1 1 1 1 1 1 1 1 1 1 1 1 1 1 1 1 2 2 2 2 2 2 2 2 2 2 2 3 3 3 3 3 3 3 3 3 3 3 3 3 4 4 4 4 4 4 4 4 4 5 5 5 5 5 5 5 5 5 5 5 6 6 6 6 6 6 6 6 6 6 6 6 7 7 7 8 8 8 8 8 ]
First = [ 1 0 0 0 0 0 0 0 0 0 0 0 0 0 0 0 1 0 0 0 0 0 0 0 0 0 0 1 0 0 0 0 0 0 0 0 0 0 0 0 1 0 0 0 0 0 0 0 0 1 0 0 0 0 0 0 0 0 0 0 1 0 0 0 0 0 0 0 0 0 0 0 1 0 0 1 0 0 0 0 ]
Last = [ 0 0 0 0 0 0 0 0 0 0 0 0 0 0 0 1 0 0 0 0 0 0 0 0 0 0 1 0 0 0 0 0 0 0 0 0 0 0 0 1 0 0 0 0 0 0 0 0 1 0 0 0 0 0 0 0 0 0 0 1 0 0 0 0 0 0 0 0 0 0 0 1 0 0 1 0 0 0 0 1 ]
nS = 1
S = [ 0 1 2 3 4 5 6 7 8 9 10 11 12 13 14 15 16 17 18 19 20 21 22 23 24 25 26 27 28 29 30 31 32 33 34 35 36 37 38 39 40 41 42 43 44 45 46 47 48 49 50 51 52 53 54 55 56 57 58 59 60 61 62 63 64 65 66 67 68 69 70 71 72 73 74 75 76 77 78 79 ]
