n = 80 ; 
T = 48 ; 
Init = [ 0 0 0 0 0 0 0 0 0 0 1 1 1 1 1 1 1 1 1 1 1 1 1 1 1 1 1 1 1 1 1 1 1 1 1 1 1 1 1 1 1 1 0 0 0 0 0 0 0 0 0 1 1 1 1 1 1 1 1 1 1 1 1 1 1 1 1 1 1 1 1 1 1 1 1 1 1 1 1 1 ]
L = [ 8 8 8 8 8 8 8 8 8 8 3 3 3 3 3 3 3 3 3 3 3 3 3 3 3 3 5 5 5 5 5 5 5 5 5 5 5 5 5 5 8 8 9 9 9 9 9 9 9 9 9 5 5 5 5 5 5 5 5 5 5 5 5 5 5 5 5 5 5 5 5 5 5 5 5 5 5 5 5 5 ]
l = [ 8 8 8 8 8 8 8 8 8 8 3 3 3 3 3 3 3 3 3 3 3 3 3 3 3 3 5 5 5 5 5 5 5 5 5 5 5 5 5 5 8 8 9 9 9 9 9 9 9 9 9 5 5 5 5 5 5 5 5 5 5 5 5 5 5 5 5 5 5 5 5 5 5 5 5 5 5 5 5 5 ]
Pmin = [ 84 84 84 84 84 84 84 84 84 84 31 31 31 31 31 31 31 31 31 31 31 31 31 31 31 31 53 53 53 53 53 53 53 53 53 53 53 53 53 53 93 93 89 89 89 89 89 89 89 89 89 57 57 57 57 57 57 57 57 57 54 54 54 54 54 54 54 54 50 50 50 50 50 50 50 50 50 50 50 50 ]
Pmax = [ 331 331 331 331 331 331 331 331 331 331 102 102 102 102 102 102 102 102 102 102 102 102 102 102 102 102 209 209 209 209 209 209 209 209 209 209 209 209 209 209 362 362 372 372 372 372 372 372 372 372 372 207 207 207 207 207 207 207 207 207 210 210 210 210 210 210 210 210 163 163 163 163 163 163 163 163 163 163 163 163 ]
cf = [ 64.1717 64.1717 64.1717 64.1717 64.1717 64.1717 64.1717 64.1717 64.1717 64.1717 16.8879 16.8879 16.8879 16.8879 16.8879 16.8879 16.8879 16.8879 16.8879 16.8879 16.8879 16.8879 16.8879 16.8879 16.8879 16.8879 56.632 56.632 56.632 56.632 56.632 56.632 56.632 56.632 56.632 56.632 56.632 56.632 56.632 56.632 57.9729 57.9729 61.07 61.07 61.07 61.07 61.07 61.07 61.07 61.07 61.07 9.38309 9.38309 9.38309 9.38309 9.38309 9.38309 9.38309 9.38309 9.38309 68.6373 68.6373 68.6373 68.6373 68.6373 68.6373 68.6373 68.6373 36.5354 36.5354 36.5354 36.5354 36.5354 36.5354 36.5354 36.5354 36.5354 36.5354 36.5354 36.5354 ]
c0 = [ 223 223 223 223 223 223 223 223 223 223 103 103 103 103 103 103 103 103 103 103 103 103 103 103 103 103 150 150 150 150 150 150 150 150 150 150 150 150 150 150 250 250 238 238 238 238 238 238 238 238 238 161 161 161 161 161 161 161 161 161 149 149 149 149 149 149 149 149 138 138 138 138 138 138 138 138 138 138 138 138 ]
cp = [ 12.1176 12.1176 12.1176 12.1176 12.1176 12.1176 12.1176 12.1176 12.1176 12.1176 32.1774 32.1774 32.1774 32.1774 32.1774 32.1774 32.1774 32.1774 32.1774 32.1774 32.1774 32.1774 32.1774 32.1774 32.1774 32.1774 28.1654 28.1654 28.1654 28.1654 28.1654 28.1654 28.1654 28.1654 28.1654 28.1654 28.1654 28.1654 28.1654 28.1654 15.3046 15.3046 15.9686 15.9686 15.9686 15.9686 15.9686 15.9686 15.9686 15.9686 15.9686 26.2042 26.2042 26.2042 26.2042 26.2042 26.2042 26.2042 26.2042 26.2042 29.7257 29.7257 29.7257 29.7257 29.7257 29.7257 29.7257 29.7257 29.9054 29.9054 29.9054 29.9054 29.9054 29.9054 29.9054 29.9054 29.9054 29.9054 29.9054 29.9054 ]
D = [ 3460 4926 5380 6671 7351 8126 9413 10039 10913 11794 12840 14306 15110 13547 12427 10895 10041 8752 9883 11212 13282 10756 8625 6373 4026 4965 6020 7322 7781 8495 9542 10539 11606 12345 13281 14295 15146 13784 12535 11688 10506 9024 10371 11644 12242 10143 8709 6343 ]
K = 8
nk = [ 1 1 1 1 1 1 1 1 1 1 2 2 2 2 2 2 2 2 2 2 2 2 2 2 2 2 3 3 3 3 3 3 3 3 3 3 3 3 3 3 4 4 5 5 5 5 5 5 5 5 5 6 6 6 6 6 6 6 6 6 7 7 7 7 7 7 7 7 8 8 8 8 8 8 8 8 8 8 8 8 ]
First = [ 1 0 0 0 0 0 0 0 0 0 1 0 0 0 0 0 0 0 0 0 0 0 0 0 0 0 1 0 0 0 0 0 0 0 0 0 0 0 0 0 1 0 1 0 0 0 0 0 0 0 0 1 0 0 0 0 0 0 0 0 1 0 0 0 0 0 0 0 1 0 0 0 0 0 0 0 0 0 0 0 ]
Last = [ 0 0 0 0 0 0 0 0 0 1 0 0 0 0 0 0 0 0 0 0 0 0 0 0 0 1 0 0 0 0 0 0 0 0 0 0 0 0 0 1 0 1 0 0 0 0 0 0 0 0 1 0 0 0 0 0 0 0 0 1 0 0 0 0 0 0 0 1 0 0 0 0 0 0 0 0 0 0 0 1 ]
nS = 1
S = [ 0 1 2 3 4 5 6 7 8 9 10 11 12 13 14 15 16 17 18 19 20 21 22 23 24 25 26 27 28 29 30 31 32 33 34 35 36 37 38 39 40 41 42 43 44 45 46 47 48 49 50 51 52 53 54 55 56 57 58 59 60 61 62 63 64 65 66 67 68 69 70 71 72 73 74 75 76 77 78 79 ]
