n = 80 ; 
T = 48 ; 
Init = [ 1 1 1 1 1 1 1 1 1 1 1 1 1 0 0 0 1 1 1 1 1 1 1 1 1 1 1 1 1 1 1 1 1 1 1 1 1 1 1 1 1 1 1 1 1 1 1 1 1 1 1 0 0 0 0 1 1 1 1 1 1 1 1 1 1 1 1 1 1 1 0 0 0 0 0 0 0 0 0 0 ]
L = [ 6 6 6 6 6 6 6 6 9 9 9 9 9 7 7 7 3 3 3 3 3 3 3 3 3 3 3 3 3 3 3 3 3 9 9 9 9 9 9 9 9 9 9 9 9 9 9 9 9 9 9 3 3 3 3 3 3 3 3 3 3 3 3 3 3 6 6 5 5 5 2 2 2 2 2 2 2 2 2 2 ]
l = [ 6 6 6 6 6 6 6 6 9 9 9 9 9 7 7 7 3 3 3 3 3 3 3 3 3 3 3 3 3 3 3 3 3 9 9 9 9 9 9 9 9 9 9 9 9 9 9 9 9 9 9 3 3 3 3 3 3 3 3 3 3 3 3 3 3 6 6 5 5 5 2 2 2 2 2 2 2 2 2 2 ]
Pmin = [ 53 53 53 53 53 53 53 53 91 91 91 91 91 76 76 76 31 31 31 31 31 31 31 31 31 31 31 31 31 31 31 31 31 100 100 100 100 100 100 100 100 100 100 100 100 100 100 100 100 100 100 39 39 39 39 34 34 34 34 34 34 34 34 34 34 61 61 51 51 51 17 17 17 17 17 17 17 17 17 17 ]
Pmax = [ 208 208 208 208 208 208 208 208 359 359 359 359 359 283 283 283 98 98 98 98 98 98 98 98 98 98 98 98 98 98 98 98 98 420 420 420 420 420 420 420 420 420 420 420 420 420 420 420 420 420 420 117 117 117 117 93 93 93 93 93 93 93 93 93 93 212 212 191 191 191 50 50 50 50 50 50 50 50 50 50 ]
cf = [ 44.7192 44.7192 44.7192 44.7192 44.7192 44.7192 44.7192 44.7192 57.5555 57.5555 57.5555 57.5555 57.5555 28.1601 28.1601 28.1601 33.5703 33.5703 33.5703 33.5703 33.5703 33.5703 33.5703 33.5703 33.5703 33.5703 33.5703 33.5703 33.5703 33.5703 33.5703 33.5703 33.5703 14.4188 14.4188 14.4188 14.4188 14.4188 14.4188 14.4188 14.4188 14.4188 14.4188 14.4188 14.4188 14.4188 14.4188 14.4188 14.4188 14.4188 14.4188 60.3091 60.3091 60.3091 60.3091 23.8504 23.8504 23.8504 23.8504 23.8504 23.8504 23.8504 23.8504 23.8504 23.8504 23.5214 23.5214 62.2344 62.2344 62.2344 43.5655 43.5655 43.5655 43.5655 43.5655 43.5655 43.5655 43.5655 43.5655 43.5655 ]
c0 = [ 150 150 150 150 150 150 150 150 232 232 232 232 232 208 208 208 95 95 95 95 95 95 95 95 95 95 95 95 95 95 95 95 95 250 250 250 250 250 250 250 250 250 250 250 250 250 250 250 250 250 250 121 121 121 121 98 98 98 98 98 98 98 98 98 98 174 174 135 135 135 67 67 67 67 67 67 67 67 67 67 ]
cp = [ 31.8797 31.8797 31.8797 31.8797 31.8797 31.8797 31.8797 31.8797 9.28576 9.28576 9.28576 9.28576 9.28576 30.5625 30.5625 30.5625 36.8988 36.8988 36.8988 36.8988 36.8988 36.8988 36.8988 36.8988 36.8988 36.8988 36.8988 36.8988 36.8988 36.8988 36.8988 36.8988 36.8988 9.44281 9.44281 9.44281 9.44281 9.44281 9.44281 9.44281 9.44281 9.44281 9.44281 9.44281 9.44281 9.44281 9.44281 9.44281 9.44281 9.44281 9.44281 39.911 39.911 39.911 39.911 36.7605 36.7605 36.7605 36.7605 36.7605 36.7605 36.7605 36.7605 36.7605 36.7605 24.5353 24.5353 29.4925 29.4925 29.4925 40.4748 40.4748 40.4748 40.4748 40.4748 40.4748 40.4748 40.4748 40.4748 40.4748 ]
D = [ 4120 4761 5722 6870 7581 8516 8771 10157 10624 11664 12054 12980 13654 12550 11892 10426 9630 8359 9344 10801 12093 9986 7613 5888 3921 4662 5174 6481 7372 8221 8770 9785 10735 11202 11873 13052 13756 12581 11661 10423 9056 7794 9531 11322 12537 10156 8320 5651 ]
K = 10
nk = [ 1 1 1 1 1 1 1 1 2 2 2 2 2 3 3 3 4 4 4 4 4 4 4 4 4 4 4 4 4 4 4 4 4 5 5 5 5 5 5 5 5 5 5 5 5 5 5 5 5 5 5 6 6 6 6 7 7 7 7 7 7 7 7 7 7 8 8 9 9 9 10 10 10 10 10 10 10 10 10 10 ]
First = [ 1 0 0 0 0 0 0 0 1 0 0 0 0 1 0 0 1 0 0 0 0 0 0 0 0 0 0 0 0 0 0 0 0 1 0 0 0 0 0 0 0 0 0 0 0 0 0 0 0 0 0 1 0 0 0 1 0 0 0 0 0 0 0 0 0 1 0 1 0 0 1 0 0 0 0 0 0 0 0 0 ]
Last = [ 0 0 0 0 0 0 0 1 0 0 0 0 1 0 0 1 0 0 0 0 0 0 0 0 0 0 0 0 0 0 0 0 1 0 0 0 0 0 0 0 0 0 0 0 0 0 0 0 0 0 1 0 0 0 1 0 0 0 0 0 0 0 0 0 1 0 1 0 0 1 0 0 0 0 0 0 0 0 0 1 ]
nS = 1
S = [ 0 1 2 3 4 5 6 7 8 9 10 11 12 13 14 15 16 17 18 19 20 21 22 23 24 25 26 27 28 29 30 31 32 33 34 35 36 37 38 39 40 41 42 43 44 45 46 47 48 49 50 51 52 53 54 55 56 57 58 59 60 61 62 63 64 65 66 67 68 69 70 71 72 73 74 75 76 77 78 79 ]
