n = 80 ; 
T = 48 ; 
Init = [ 1 1 1 1 1 1 1 1 1 1 1 1 1 1 1 1 1 1 1 1 1 1 1 1 1 1 1 1 1 1 1 0 0 0 0 0 0 0 0 0 0 0 0 0 0 0 0 0 0 0 0 0 0 0 0 0 0 0 0 0 0 0 0 0 0 0 0 0 0 0 0 0 0 0 0 0 0 0 0 0 ]
L = [ 7 7 7 7 7 7 7 7 7 7 7 7 7 7 7 7 6 5 5 5 5 5 5 5 5 5 5 5 5 10 10 8 8 8 8 8 8 8 8 8 8 8 8 8 8 8 8 8 8 8 8 8 8 8 7 7 7 7 7 7 7 7 7 7 7 7 7 7 7 7 7 7 7 7 7 7 7 7 7 7 ]
l = [ 7 7 7 7 7 7 7 7 7 7 7 7 7 7 7 7 6 5 5 5 5 5 5 5 5 5 5 5 5 10 10 8 8 8 8 8 8 8 8 8 8 8 8 8 8 8 8 8 8 8 8 8 8 8 7 7 7 7 7 7 7 7 7 7 7 7 7 7 7 7 7 7 7 7 7 7 7 7 7 7 ]
Pmin = [ 76 76 76 76 76 76 76 76 76 76 76 76 76 76 76 76 72 53 53 53 53 53 53 53 53 53 53 53 53 100 100 95 95 95 95 95 95 95 95 95 95 95 95 95 95 95 95 95 95 95 95 95 95 95 75 75 75 75 75 75 75 75 75 75 75 75 75 75 75 75 75 75 75 75 75 75 75 75 74 74 ]
Pmax = [ 288 288 288 288 288 288 288 288 288 288 288 288 288 288 288 288 274 193 193 193 193 193 193 193 193 193 193 193 193 420 420 365 365 365 365 365 365 365 365 365 365 365 365 365 365 365 365 365 365 365 365 365 365 365 297 297 297 297 297 297 297 297 297 297 297 297 297 297 297 297 297 297 297 297 297 297 297 297 281 281 ]
cf = [ 26.5037 26.5037 26.5037 26.5037 26.5037 26.5037 26.5037 26.5037 26.5037 26.5037 26.5037 26.5037 26.5037 26.5037 26.5037 26.5037 62.4518 32.2595 32.2595 32.2595 32.2595 32.2595 32.2595 32.2595 32.2595 32.2595 32.2595 32.2595 32.2595 49.1809 49.1809 45.7914 45.7914 45.7914 45.7914 45.7914 45.7914 45.7914 45.7914 45.7914 45.7914 45.7914 45.7914 45.7914 45.7914 45.7914 45.7914 45.7914 45.7914 45.7914 45.7914 45.7914 45.7914 45.7914 16.1401 16.1401 16.1401 16.1401 16.1401 16.1401 16.1401 16.1401 16.1401 16.1401 16.1401 16.1401 16.1401 16.1401 16.1401 16.1401 16.1401 16.1401 16.1401 16.1401 16.1401 16.1401 16.1401 16.1401 12.6777 12.6777 ]
c0 = [ 203 203 203 203 203 203 203 203 203 203 203 203 203 203 203 203 200 146 146 146 146 146 146 146 146 146 146 146 146 250 250 250 250 250 250 250 250 250 250 250 250 250 250 250 250 250 250 250 250 250 250 250 250 250 195 195 195 195 195 195 195 195 195 195 195 195 195 195 195 195 195 195 195 195 195 195 195 195 190 190 ]
cp = [ 12.1545 12.1545 12.1545 12.1545 12.1545 12.1545 12.1545 12.1545 12.1545 12.1545 12.1545 12.1545 12.1545 12.1545 12.1545 12.1545 20.1629 23.1685 23.1685 23.1685 23.1685 23.1685 23.1685 23.1685 23.1685 23.1685 23.1685 23.1685 23.1685 8.21124 8.21124 11.382 11.382 11.382 11.382 11.382 11.382 11.382 11.382 11.382 11.382 11.382 11.382 11.382 11.382 11.382 11.382 11.382 11.382 11.382 11.382 11.382 11.382 11.382 24.0167 24.0167 24.0167 24.0167 24.0167 24.0167 24.0167 24.0167 24.0167 24.0167 24.0167 24.0167 24.0167 24.0167 24.0167 24.0167 24.0167 24.0167 24.0167 24.0167 24.0167 24.0167 24.0167 24.0167 27.8656 27.8656 ]
D = [ 6953 8462 9364 9791 11413 12090 13376 14222 15254 16627 18242 18537 20138 18119 16829 15836 14261 12940 14276 16359 18458 15099 12251 8618 5799 6955 8327 9489 11415 12118 13804 14346 16203 17640 18117 19285 21241 18794 17380 15731 13496 11625 14086 16214 19000 15495 12640 9817 ]
K = 7
nk = [ 1 1 1 1 1 1 1 1 1 1 1 1 1 1 1 1 2 3 3 3 3 3 3 3 3 3 3 3 3 4 4 5 5 5 5 5 5 5 5 5 5 5 5 5 5 5 5 5 5 5 5 5 5 5 6 6 6 6 6 6 6 6 6 6 6 6 6 6 6 6 6 6 6 6 6 6 6 6 7 7 ]
First = [ 1 0 0 0 0 0 0 0 0 0 0 0 0 0 0 0 1 1 0 0 0 0 0 0 0 0 0 0 0 1 0 1 0 0 0 0 0 0 0 0 0 0 0 0 0 0 0 0 0 0 0 0 0 0 1 0 0 0 0 0 0 0 0 0 0 0 0 0 0 0 0 0 0 0 0 0 0 0 1 0 ]
Last = [ 0 0 0 0 0 0 0 0 0 0 0 0 0 0 0 1 1 0 0 0 0 0 0 0 0 0 0 0 1 0 1 0 0 0 0 0 0 0 0 0 0 0 0 0 0 0 0 0 0 0 0 0 0 1 0 0 0 0 0 0 0 0 0 0 0 0 0 0 0 0 0 0 0 0 0 0 0 1 0 1 ]
nS = 1
S = [ 0 1 2 3 4 5 6 7 8 9 10 11 12 13 14 15 16 17 18 19 20 21 22 23 24 25 26 27 28 29 30 31 32 33 34 35 36 37 38 39 40 41 42 43 44 45 46 47 48 49 50 51 52 53 54 55 56 57 58 59 60 61 62 63 64 65 66 67 68 69 70 71 72 73 74 75 76 77 78 79 ]
