n = 80 ; 
T = 48 ; 
Init = [ 1 1 1 1 1 1 1 1 1 1 1 1 1 0 0 0 0 0 0 0 0 0 0 0 0 0 0 0 0 0 0 0 0 0 0 1 1 1 0 0 0 0 0 0 0 0 0 0 0 1 1 1 1 1 1 1 1 1 1 1 1 1 1 1 1 1 1 1 1 0 0 0 0 0 0 0 0 0 0 0 ]
L = [ 3 3 3 3 3 3 3 3 3 3 3 3 3 10 6 6 6 6 6 6 10 10 10 10 10 10 10 10 10 10 10 10 6 6 6 9 9 9 2 2 2 2 2 2 2 2 2 2 2 9 9 9 9 9 9 9 9 9 9 9 9 9 9 9 9 9 9 9 9 5 2 2 8 8 8 8 8 8 8 8 ]
l = [ 3 3 3 3 3 3 3 3 3 3 3 3 3 10 6 6 6 6 6 6 10 10 10 10 10 10 10 10 10 10 10 10 6 6 6 9 9 9 2 2 2 2 2 2 2 2 2 2 2 9 9 9 9 9 9 9 9 9 9 9 9 9 9 9 9 9 9 9 9 5 2 2 8 8 8 8 8 8 8 8 ]
Pmin = [ 24 24 24 24 24 24 24 24 24 24 24 24 24 100 63 63 63 63 63 63 100 100 100 100 100 100 100 100 100 100 100 100 66 66 66 89 89 89 13 13 13 13 13 13 13 13 13 13 13 94 94 94 94 94 94 94 94 94 94 94 94 94 94 94 94 94 94 94 94 53 16 16 80 80 80 80 80 80 80 80 ]
Pmax = [ 85 85 85 85 85 85 85 85 85 85 85 85 85 420 249 249 249 249 249 249 415 415 415 415 415 415 415 415 415 415 415 415 234 234 234 355 355 355 31 31 31 31 31 31 31 31 31 31 31 382 382 382 382 382 382 382 386 386 386 386 386 386 386 386 386 386 386 386 386 202 49 49 303 303 303 303 303 303 303 303 ]
cf = [ 40.3071 40.3071 40.3071 40.3071 40.3071 40.3071 40.3071 40.3071 40.3071 40.3071 40.3071 40.3071 40.3071 23.9035 37.4334 37.4334 37.4334 37.4334 37.4334 37.4334 51.0526 51.0526 51.0526 51.0526 51.0526 51.0526 51.0526 51.0526 51.0526 51.0526 51.0526 51.0526 39.7572 39.7572 39.7572 69.2616 69.2616 69.2616 15.0284 15.0284 15.0284 15.0284 15.0284 15.0284 15.0284 15.0284 15.0284 15.0284 15.0284 42.458 42.458 42.458 42.458 42.458 42.458 42.458 43.4405 43.4405 43.4405 43.4405 43.4405 43.4405 43.4405 43.4405 43.4405 43.4405 43.4405 43.4405 43.4405 46.7343 13.0652 13.0652 14.8754 14.8754 14.8754 14.8754 14.8754 14.8754 14.8754 14.8754 ]
c0 = [ 79 79 79 79 79 79 79 79 79 79 79 79 79 250 183 183 183 183 183 183 250 250 250 250 250 250 250 250 250 250 250 250 175 175 175 237 237 237 54 54 54 54 54 54 54 54 54 54 54 238 238 238 238 238 238 238 241 241 241 241 241 241 241 241 241 241 241 241 241 159 53 53 203 203 203 203 203 203 203 203 ]
cp = [ 40.885 40.885 40.885 40.885 40.885 40.885 40.885 40.885 40.885 40.885 40.885 40.885 40.885 9.68409 27.5799 27.5799 27.5799 27.5799 27.5799 27.5799 9.40501 9.40501 9.40501 9.40501 9.40501 9.40501 9.40501 9.40501 9.40501 9.40501 9.40501 9.40501 21.1367 21.1367 21.1367 30.3142 30.3142 30.3142 41.6533 41.6533 41.6533 41.6533 41.6533 41.6533 41.6533 41.6533 41.6533 41.6533 41.6533 17.9684 17.9684 17.9684 17.9684 17.9684 17.9684 17.9684 10.429 10.429 10.429 10.429 10.429 10.429 10.429 10.429 10.429 10.429 10.429 10.429 10.429 28.8709 41.1748 41.1748 29.3214 29.3214 29.3214 29.3214 29.3214 29.3214 29.3214 29.3214 ]
D = [ 5502 6199 7213 8243 9620 10324 11269 12295 13609 13981 15443 16001 16805 15899 14577 13200 11801 10548 12669 14407 15789 13650 10633 8395 5821 7242 7758 9224 9850 11227 12259 13422 13934 15004 16491 17207 18750 17167 15059 13582 12023 10705 12437 13411 15580 12659 9447 6727 ]
K = 12
nk = [ 1 1 1 1 1 1 1 1 1 1 1 1 1 2 3 3 3 3 3 3 4 4 4 4 4 4 4 4 4 4 4 4 5 5 5 6 6 6 7 7 7 7 7 7 7 7 7 7 7 8 8 8 8 8 8 8 9 9 9 9 9 9 9 9 9 9 9 9 9 10 11 11 12 12 12 12 12 12 12 12 ]
First = [ 1 0 0 0 0 0 0 0 0 0 0 0 0 1 1 0 0 0 0 0 1 0 0 0 0 0 0 0 0 0 0 0 1 0 0 1 0 0 1 0 0 0 0 0 0 0 0 0 0 1 0 0 0 0 0 0 1 0 0 0 0 0 0 0 0 0 0 0 0 1 1 0 1 0 0 0 0 0 0 0 ]
Last = [ 0 0 0 0 0 0 0 0 0 0 0 0 1 1 0 0 0 0 0 1 0 0 0 0 0 0 0 0 0 0 0 1 0 0 1 0 0 1 0 0 0 0 0 0 0 0 0 0 1 0 0 0 0 0 0 1 0 0 0 0 0 0 0 0 0 0 0 0 1 1 0 1 0 0 0 0 0 0 0 1 ]
nS = 1
S = [ 0 1 2 3 4 5 6 7 8 9 10 11 12 13 14 15 16 17 18 19 20 21 22 23 24 25 26 27 28 29 30 31 32 33 34 35 36 37 38 39 40 41 42 43 44 45 46 47 48 49 50 51 52 53 54 55 56 57 58 59 60 61 62 63 64 65 66 67 68 69 70 71 72 73 74 75 76 77 78 79 ]
