n = 80 ; 
T = 48 ; 
Init = [ 1 1 1 1 1 1 1 1 1 1 1 1 1 1 1 1 1 1 1 1 1 1 1 1 0 0 0 0 0 0 0 0 0 0 0 0 0 0 0 0 0 0 0 0 0 0 0 0 0 0 0 0 0 0 0 0 0 0 0 0 0 0 0 0 0 0 0 0 0 0 0 0 0 0 0 1 1 1 1 1 ]
L = [ 7 7 9 9 9 9 9 9 9 9 9 9 9 9 9 9 9 9 9 9 9 9 9 9 5 5 5 5 5 5 5 5 5 5 5 5 6 6 6 6 6 6 6 6 6 6 6 6 6 6 6 6 6 6 6 6 6 6 4 4 4 4 4 4 4 4 4 4 4 4 4 4 4 4 4 5 5 5 5 5 ]
l = [ 7 7 9 9 9 9 9 9 9 9 9 9 9 9 9 9 9 9 9 9 9 9 9 9 5 5 5 5 5 5 5 5 5 5 5 5 6 6 6 6 6 6 6 6 6 6 6 6 6 6 6 6 6 6 6 6 6 6 4 4 4 4 4 4 4 4 4 4 4 4 4 4 4 4 4 5 5 5 5 5 ]
Pmin = [ 68 68 97 97 97 97 97 97 97 97 97 97 97 97 97 97 97 97 97 97 97 97 97 97 63 63 63 63 63 63 63 63 63 63 63 63 67 67 67 67 67 67 67 67 67 67 67 67 67 67 67 67 67 67 67 67 67 67 40 40 40 40 40 40 40 40 40 40 40 40 40 40 40 40 40 47 47 47 47 47 ]
Pmax = [ 280 280 405 405 405 405 405 405 405 405 405 405 405 405 405 405 405 405 405 405 405 405 405 405 221 221 221 221 221 221 221 221 221 221 221 221 241 241 241 241 241 241 241 241 241 241 241 241 241 241 241 241 241 241 241 241 241 241 137 137 137 137 137 137 137 137 137 137 137 137 137 137 137 137 137 163 163 163 163 163 ]
cf = [ 62.8357 62.8357 57.2883 57.2883 57.2883 57.2883 57.2883 57.2883 57.2883 57.2883 57.2883 57.2883 57.2883 57.2883 57.2883 57.2883 57.2883 57.2883 57.2883 57.2883 57.2883 57.2883 57.2883 57.2883 64.3243 64.3243 64.3243 64.3243 64.3243 64.3243 64.3243 64.3243 64.3243 64.3243 64.3243 64.3243 10.5309 10.5309 10.5309 10.5309 10.5309 10.5309 10.5309 10.5309 10.5309 10.5309 10.5309 10.5309 10.5309 10.5309 10.5309 10.5309 10.5309 10.5309 10.5309 10.5309 10.5309 10.5309 50.4725 50.4725 50.4725 50.4725 50.4725 50.4725 50.4725 50.4725 50.4725 50.4725 50.4725 50.4725 50.4725 50.4725 50.4725 50.4725 50.4725 25.6452 25.6452 25.6452 25.6452 25.6452 ]
c0 = [ 187 187 248 248 248 248 248 248 248 248 248 248 248 248 248 248 248 248 248 248 248 248 248 248 180 180 180 180 180 180 180 180 180 180 180 180 182 182 182 182 182 182 182 182 182 182 182 182 182 182 182 182 182 182 182 182 182 182 118 118 118 118 118 118 118 118 118 118 118 118 118 118 118 118 118 145 145 145 145 145 ]
cp = [ 28.5905 28.5905 9.01954 9.01954 9.01954 9.01954 9.01954 9.01954 9.01954 9.01954 9.01954 9.01954 9.01954 9.01954 9.01954 9.01954 9.01954 9.01954 9.01954 9.01954 9.01954 9.01954 9.01954 9.01954 31.3998 31.3998 31.3998 31.3998 31.3998 31.3998 31.3998 31.3998 31.3998 31.3998 31.3998 31.3998 23.2502 23.2502 23.2502 23.2502 23.2502 23.2502 23.2502 23.2502 23.2502 23.2502 23.2502 23.2502 23.2502 23.2502 23.2502 23.2502 23.2502 23.2502 23.2502 23.2502 23.2502 23.2502 37.5576 37.5576 37.5576 37.5576 37.5576 37.5576 37.5576 37.5576 37.5576 37.5576 37.5576 37.5576 37.5576 37.5576 37.5576 37.5576 37.5576 28.8572 28.8572 28.8572 28.8572 28.8572 ]
D = [ 4560 5055 6783 7911 8774 10194 11195 12228 13331 14246 16163 17063 18456 16420 14716 13415 11242 10026 11994 13877 15443 13144 10475 7624 4807 6248 6786 7896 9089 9603 11246 11883 13067 13767 15177 16123 16765 15462 14188 12765 11365 9574 11719 13198 15623 12589 10217 7858 ]
K = 6
nk = [ 1 1 2 2 2 2 2 2 2 2 2 2 2 2 2 2 2 2 2 2 2 2 2 2 3 3 3 3 3 3 3 3 3 3 3 3 4 4 4 4 4 4 4 4 4 4 4 4 4 4 4 4 4 4 4 4 4 4 5 5 5 5 5 5 5 5 5 5 5 5 5 5 5 5 5 6 6 6 6 6 ]
First = [ 1 0 1 0 0 0 0 0 0 0 0 0 0 0 0 0 0 0 0 0 0 0 0 0 1 0 0 0 0 0 0 0 0 0 0 0 1 0 0 0 0 0 0 0 0 0 0 0 0 0 0 0 0 0 0 0 0 0 1 0 0 0 0 0 0 0 0 0 0 0 0 0 0 0 0 1 0 0 0 0 ]
Last = [ 0 1 0 0 0 0 0 0 0 0 0 0 0 0 0 0 0 0 0 0 0 0 0 1 0 0 0 0 0 0 0 0 0 0 0 1 0 0 0 0 0 0 0 0 0 0 0 0 0 0 0 0 0 0 0 0 0 1 0 0 0 0 0 0 0 0 0 0 0 0 0 0 0 0 1 0 0 0 0 1 ]
nS = 1
S = [ 0 1 2 3 4 5 6 7 8 9 10 11 12 13 14 15 16 17 18 19 20 21 22 23 24 25 26 27 28 29 30 31 32 33 34 35 36 37 38 39 40 41 42 43 44 45 46 47 48 49 50 51 52 53 54 55 56 57 58 59 60 61 62 63 64 65 66 67 68 69 70 71 72 73 74 75 76 77 78 79 ]
