n = 80 ; 
T = 48 ; 
Init = [ 0 0 0 0 0 0 0 0 1 1 1 1 1 1 1 1 1 1 1 0 0 0 0 0 0 0 0 0 1 1 1 1 0 0 1 1 1 1 0 0 0 0 0 0 0 0 0 0 0 0 0 0 0 0 0 0 0 0 0 0 1 1 1 1 1 1 1 1 1 1 1 1 1 1 1 1 1 1 1 1 ]
L = [ 10 10 10 10 10 10 10 10 4 4 4 4 4 4 4 4 4 4 4 8 8 8 8 8 8 8 8 8 9 9 9 9 3 3 7 7 7 7 7 7 7 7 7 7 7 7 7 7 6 6 6 6 6 6 6 6 6 6 6 6 5 5 5 5 5 5 2 2 2 2 2 2 2 2 2 7 7 7 7 7 ]
l = [ 10 10 10 10 10 10 10 10 4 4 4 4 4 4 4 4 4 4 4 8 8 8 8 8 8 8 8 8 9 9 9 9 3 3 7 7 7 7 7 7 7 7 7 7 7 7 7 7 6 6 6 6 6 6 6 6 6 6 6 6 5 5 5 5 5 5 2 2 2 2 2 2 2 2 2 7 7 7 7 7 ]
Pmin = [ 100 100 100 100 100 100 100 100 39 39 39 39 39 39 39 39 39 39 39 89 89 89 89 89 89 89 89 89 100 100 100 100 33 33 68 68 68 68 77 77 77 77 77 77 77 77 77 77 55 55 55 55 55 55 55 55 55 55 55 55 46 46 46 46 46 46 20 20 20 20 20 20 20 20 20 85 85 85 85 85 ]
Pmax = [ 403 403 403 403 403 403 403 403 139 139 139 139 139 139 139 139 139 139 139 367 367 367 367 367 367 367 367 367 395 395 395 395 98 98 256 256 256 256 289 289 289 289 289 289 289 289 289 289 210 210 210 210 210 210 210 210 210 210 210 210 175 175 175 175 175 175 56 56 56 56 56 56 56 56 56 326 326 326 326 326 ]
cf = [ 53.6327 53.6327 53.6327 53.6327 53.6327 53.6327 53.6327 53.6327 58.6145 58.6145 58.6145 58.6145 58.6145 58.6145 58.6145 58.6145 58.6145 58.6145 58.6145 32.0131 32.0131 32.0131 32.0131 32.0131 32.0131 32.0131 32.0131 32.0131 18.4644 18.4644 18.4644 18.4644 37.2887 37.2887 38.5601 38.5601 38.5601 38.5601 11.4205 11.4205 11.4205 11.4205 11.4205 11.4205 11.4205 11.4205 11.4205 11.4205 25.3103 25.3103 25.3103 25.3103 25.3103 25.3103 25.3103 25.3103 25.3103 25.3103 25.3103 25.3103 11.8952 11.8952 11.8952 11.8952 11.8952 11.8952 12.1378 12.1378 12.1378 12.1378 12.1378 12.1378 12.1378 12.1378 12.1378 44.9863 44.9863 44.9863 44.9863 44.9863 ]
c0 = [ 250 250 250 250 250 250 250 250 107 107 107 107 107 107 107 107 107 107 107 227 227 227 227 227 227 227 227 227 250 250 250 250 98 98 192 192 192 192 215 215 215 215 215 215 215 215 215 215 147 147 147 147 147 147 147 147 147 147 147 147 128 128 128 128 128 128 58 58 58 58 58 58 58 58 58 235 235 235 235 235 ]
cp = [ 8.44865 8.44865 8.44865 8.44865 8.44865 8.44865 8.44865 8.44865 29.5431 29.5431 29.5431 29.5431 29.5431 29.5431 29.5431 29.5431 29.5431 29.5431 29.5431 20.1468 20.1468 20.1468 20.1468 20.1468 20.1468 20.1468 20.1468 20.1468 12.0395 12.0395 12.0395 12.0395 33.6531 33.6531 30.4391 30.4391 30.4391 30.4391 12.3291 12.3291 12.3291 12.3291 12.3291 12.3291 12.3291 12.3291 12.3291 12.3291 26.1675 26.1675 26.1675 26.1675 26.1675 26.1675 26.1675 26.1675 26.1675 26.1675 26.1675 26.1675 26.8248 26.8248 26.8248 26.8248 26.8248 26.8248 40.6542 40.6542 40.6542 40.6542 40.6542 40.6542 40.6542 40.6542 40.6542 25.3126 25.3126 25.3126 25.3126 25.3126 ]
D = [ 4561 5504 6664 7614 8568 9785 10572 11128 12800 13295 14271 15072 16157 15362 13719 12646 11437 10272 11153 12717 14352 11662 9541 7116 4474 5802 6193 7779 8515 9658 10446 11423 12378 13524 14421 15673 16819 15148 14114 12564 11298 9685 11378 13399 15156 12389 10019 7037 ]
K = 11
nk = [ 1 1 1 1 1 1 1 1 2 2 2 2 2 2 2 2 2 2 2 3 3 3 3 3 3 3 3 3 4 4 4 4 5 5 6 6 6 6 7 7 7 7 7 7 7 7 7 7 8 8 8 8 8 8 8 8 8 8 8 8 9 9 9 9 9 9 10 10 10 10 10 10 10 10 10 11 11 11 11 11 ]
First = [ 1 0 0 0 0 0 0 0 1 0 0 0 0 0 0 0 0 0 0 1 0 0 0 0 0 0 0 0 1 0 0 0 1 0 1 0 0 0 1 0 0 0 0 0 0 0 0 0 1 0 0 0 0 0 0 0 0 0 0 0 1 0 0 0 0 0 1 0 0 0 0 0 0 0 0 1 0 0 0 0 ]
Last = [ 0 0 0 0 0 0 0 1 0 0 0 0 0 0 0 0 0 0 1 0 0 0 0 0 0 0 0 1 0 0 0 1 0 1 0 0 0 1 0 0 0 0 0 0 0 0 0 1 0 0 0 0 0 0 0 0 0 0 0 1 0 0 0 0 0 1 0 0 0 0 0 0 0 0 1 0 0 0 0 1 ]
nS = 1
S = [ 0 1 2 3 4 5 6 7 8 9 10 11 12 13 14 15 16 17 18 19 20 21 22 23 24 25 26 27 28 29 30 31 32 33 34 35 36 37 38 39 40 41 42 43 44 45 46 47 48 49 50 51 52 53 54 55 56 57 58 59 60 61 62 63 64 65 66 67 68 69 70 71 72 73 74 75 76 77 78 79 ]
