n = 80 ; 
T = 48 ; 
Init = [ 1 1 1 1 1 1 1 1 1 1 0 0 0 0 0 0 0 0 0 0 0 0 0 0 0 0 0 0 0 0 0 0 0 0 0 0 0 0 0 0 0 0 0 1 1 1 1 1 1 1 1 0 0 0 0 0 0 0 0 0 1 1 1 1 1 1 1 1 1 1 1 1 0 0 0 0 0 0 0 0 ]
L = [ 7 7 7 7 7 7 7 7 7 7 7 7 7 7 7 7 7 7 7 7 7 7 7 7 7 7 7 7 7 7 8 8 8 8 8 8 8 8 8 8 8 8 8 7 7 7 7 7 9 9 9 4 4 6 6 6 6 10 10 10 3 3 3 3 3 3 3 3 3 3 3 3 4 4 4 4 4 4 4 4 ]
l = [ 7 7 7 7 7 7 7 7 7 7 7 7 7 7 7 7 7 7 7 7 7 7 7 7 7 7 7 7 7 7 8 8 8 8 8 8 8 8 8 8 8 8 8 7 7 7 7 7 9 9 9 4 4 6 6 6 6 10 10 10 3 3 3 3 3 3 3 3 3 3 3 3 4 4 4 4 4 4 4 4 ]
Pmin = [ 75 75 75 75 75 75 75 75 75 75 73 73 73 73 73 73 73 73 73 73 73 73 73 73 73 73 73 73 73 73 85 85 85 85 85 85 85 85 85 85 85 85 85 74 74 74 74 74 100 100 100 38 38 54 54 54 54 100 100 100 33 33 33 33 33 33 33 33 33 33 33 33 48 48 48 48 48 48 48 48 ]
Pmax = [ 283 283 283 283 283 283 283 283 283 283 304 304 304 304 304 304 304 304 304 304 304 304 304 304 304 304 304 304 304 304 347 347 347 347 347 347 347 347 347 347 347 347 347 275 275 275 275 275 407 407 407 132 132 217 217 217 217 412 412 412 96 96 96 96 96 96 96 96 96 96 96 96 157 157 157 157 157 157 157 157 ]
cf = [ 39.1852 39.1852 39.1852 39.1852 39.1852 39.1852 39.1852 39.1852 39.1852 39.1852 38.5677 38.5677 38.5677 38.5677 38.5677 38.5677 38.5677 38.5677 38.5677 38.5677 38.5677 38.5677 38.5677 38.5677 38.5677 38.5677 38.5677 38.5677 38.5677 38.5677 58.3495 58.3495 58.3495 58.3495 58.3495 58.3495 58.3495 58.3495 58.3495 58.3495 58.3495 58.3495 58.3495 22.0132 22.0132 22.0132 22.0132 22.0132 22.0937 22.0937 22.0937 43.8722 43.8722 25.4243 25.4243 25.4243 25.4243 26.0706 26.0706 26.0706 22.0891 22.0891 22.0891 22.0891 22.0891 22.0891 22.0891 22.0891 22.0891 22.0891 22.0891 22.0891 39.264 39.264 39.264 39.264 39.264 39.264 39.264 39.264 ]
c0 = [ 197 197 197 197 197 197 197 197 197 197 207 207 207 207 207 207 207 207 207 207 207 207 207 207 207 207 207 207 207 207 220 220 220 220 220 220 220 220 220 220 220 220 220 208 208 208 208 208 250 250 250 119 119 145 145 145 145 250 250 250 100 100 100 100 100 100 100 100 100 100 100 100 141 141 141 141 141 141 141 141 ]
cp = [ 23.3625 23.3625 23.3625 23.3625 23.3625 23.3625 23.3625 23.3625 23.3625 23.3625 18.2735 18.2735 18.2735 18.2735 18.2735 18.2735 18.2735 18.2735 18.2735 18.2735 18.2735 18.2735 18.2735 18.2735 18.2735 18.2735 18.2735 18.2735 18.2735 18.2735 25.9637 25.9637 25.9637 25.9637 25.9637 25.9637 25.9637 25.9637 25.9637 25.9637 25.9637 25.9637 25.9637 19.4057 19.4057 19.4057 19.4057 19.4057 9.40979 9.40979 9.40979 34.1687 34.1687 24.0192 24.0192 24.0192 24.0192 10.0225 10.0225 10.0225 37.1391 37.1391 37.1391 37.1391 37.1391 37.1391 37.1391 37.1391 37.1391 37.1391 37.1391 37.1391 33.5861 33.5861 33.5861 33.5861 33.5861 33.5861 33.5861 33.5861 ]
D = [ 4939 5953 6751 8497 8965 10508 10973 12461 13854 14448 15455 16989 17457 15799 14883 13178 11055 9768 11990 13161 15414 13354 10491 8409 5952 6476 7519 8510 9599 10493 11721 13289 13585 15237 16304 16962 17726 16801 15235 13450 12351 10651 12278 14593 15580 12826 10179 6948 ]
K = 10
nk = [ 1 1 1 1 1 1 1 1 1 1 2 2 2 2 2 2 2 2 2 2 2 2 2 2 2 2 2 2 2 2 3 3 3 3 3 3 3 3 3 3 3 3 3 4 4 4 4 4 5 5 5 6 6 7 7 7 7 8 8 8 9 9 9 9 9 9 9 9 9 9 9 9 10 10 10 10 10 10 10 10 ]
First = [ 1 0 0 0 0 0 0 0 0 0 1 0 0 0 0 0 0 0 0 0 0 0 0 0 0 0 0 0 0 0 1 0 0 0 0 0 0 0 0 0 0 0 0 1 0 0 0 0 1 0 0 1 0 1 0 0 0 1 0 0 1 0 0 0 0 0 0 0 0 0 0 0 1 0 0 0 0 0 0 0 ]
Last = [ 0 0 0 0 0 0 0 0 0 1 0 0 0 0 0 0 0 0 0 0 0 0 0 0 0 0 0 0 0 1 0 0 0 0 0 0 0 0 0 0 0 0 1 0 0 0 0 1 0 0 1 0 1 0 0 0 1 0 0 1 0 0 0 0 0 0 0 0 0 0 0 1 0 0 0 0 0 0 0 1 ]
nS = 1
S = [ 0 1 2 3 4 5 6 7 8 9 10 11 12 13 14 15 16 17 18 19 20 21 22 23 24 25 26 27 28 29 30 31 32 33 34 35 36 37 38 39 40 41 42 43 44 45 46 47 48 49 50 51 52 53 54 55 56 57 58 59 60 61 62 63 64 65 66 67 68 69 70 71 72 73 74 75 76 77 78 79 ]
