n = 80 ; 
T = 48 ; 
Init = [ 0 0 0 0 0 0 0 0 0 0 0 0 0 0 0 0 0 0 0 0 0 0 0 0 0 0 0 0 0 0 0 0 0 0 0 0 0 0 0 0 0 0 0 0 0 0 1 1 1 1 1 1 1 1 1 1 1 1 1 1 1 0 0 0 0 0 0 0 0 0 0 0 0 0 0 0 0 0 0 0 ]
L = [ 6 6 6 6 6 6 6 6 6 6 6 6 6 6 6 6 6 9 9 9 9 9 9 9 9 9 9 9 9 9 9 9 4 4 4 4 4 4 4 4 4 4 4 4 4 9 5 5 5 5 5 5 5 7 7 7 7 7 7 7 7 7 7 7 7 7 7 7 7 7 7 7 7 7 7 7 7 7 9 9 ]
l = [ 6 6 6 6 6 6 6 6 6 6 6 6 6 6 6 6 6 9 9 9 9 9 9 9 9 9 9 9 9 9 9 9 4 4 4 4 4 4 4 4 4 4 4 4 4 9 5 5 5 5 5 5 5 7 7 7 7 7 7 7 7 7 7 7 7 7 7 7 7 7 7 7 7 7 7 7 7 7 9 9 ]
Pmin = [ 68 68 68 68 68 68 68 68 68 68 68 68 68 68 68 68 68 100 100 100 100 100 100 100 100 100 100 100 100 100 100 100 36 36 36 36 36 36 36 36 36 36 36 36 36 92 52 52 52 52 52 52 52 78 78 78 78 78 78 78 78 83 83 83 83 83 83 83 83 83 83 83 83 83 83 83 83 83 98 98 ]
Pmax = [ 262 262 262 262 262 262 262 262 262 262 262 262 262 262 262 262 262 391 391 391 391 391 391 391 391 391 391 391 391 391 391 391 121 121 121 121 121 121 121 121 121 121 121 121 121 368 200 200 200 200 200 200 200 286 286 286 286 286 286 286 286 306 306 306 306 306 306 306 306 306 306 306 306 306 306 306 306 306 404 404 ]
cf = [ 14.8391 14.8391 14.8391 14.8391 14.8391 14.8391 14.8391 14.8391 14.8391 14.8391 14.8391 14.8391 14.8391 14.8391 14.8391 14.8391 14.8391 19.585 19.585 19.585 19.585 19.585 19.585 19.585 19.585 19.585 19.585 19.585 19.585 19.585 19.585 19.585 11.6651 11.6651 11.6651 11.6651 11.6651 11.6651 11.6651 11.6651 11.6651 11.6651 11.6651 11.6651 11.6651 16.4798 40.2589 40.2589 40.2589 40.2589 40.2589 40.2589 40.2589 15.6478 15.6478 15.6478 15.6478 15.6478 15.6478 15.6478 15.6478 9.38304 9.38304 9.38304 9.38304 9.38304 9.38304 9.38304 9.38304 9.38304 9.38304 9.38304 9.38304 9.38304 9.38304 9.38304 9.38304 9.38304 47.2093 47.2093 ]
c0 = [ 184 184 184 184 184 184 184 184 184 184 184 184 184 184 184 184 184 250 250 250 250 250 250 250 250 250 250 250 250 250 250 250 117 117 117 117 117 117 117 117 117 117 117 117 117 247 135 135 135 135 135 135 135 213 213 213 213 213 213 213 213 220 220 220 220 220 220 220 220 220 220 220 220 220 220 220 220 220 246 246 ]
cp = [ 27.9176 27.9176 27.9176 27.9176 27.9176 27.9176 27.9176 27.9176 27.9176 27.9176 27.9176 27.9176 27.9176 27.9176 27.9176 27.9176 27.9176 15.1427 15.1427 15.1427 15.1427 15.1427 15.1427 15.1427 15.1427 15.1427 15.1427 15.1427 15.1427 15.1427 15.1427 15.1427 35.1422 35.1422 35.1422 35.1422 35.1422 35.1422 35.1422 35.1422 35.1422 35.1422 35.1422 35.1422 35.1422 18.6386 23.684 23.684 23.684 23.684 23.684 23.684 23.684 23.4275 23.4275 23.4275 23.4275 23.4275 23.4275 23.4275 23.4275 18.4928 18.4928 18.4928 18.4928 18.4928 18.4928 18.4928 18.4928 18.4928 18.4928 18.4928 18.4928 18.4928 18.4928 18.4928 18.4928 18.4928 9.93461 9.93461 ]
D = [ 6660 7685 8522 9677 10788 11757 12056 13316 13904 14850 16212 16852 17645 16501 15322 14350 13187 11966 13766 14821 16844 14379 11668 8780 6224 7443 7885 8824 9929 10577 11676 12800 13676 15084 15845 16718 17659 16769 15264 14107 12427 11217 13217 14637 16478 13915 10860 8252 ]
K = 8
nk = [ 1 1 1 1 1 1 1 1 1 1 1 1 1 1 1 1 1 2 2 2 2 2 2 2 2 2 2 2 2 2 2 2 3 3 3 3 3 3 3 3 3 3 3 3 3 4 5 5 5 5 5 5 5 6 6 6 6 6 6 6 6 7 7 7 7 7 7 7 7 7 7 7 7 7 7 7 7 7 8 8 ]
First = [ 1 0 0 0 0 0 0 0 0 0 0 0 0 0 0 0 0 1 0 0 0 0 0 0 0 0 0 0 0 0 0 0 1 0 0 0 0 0 0 0 0 0 0 0 0 1 1 0 0 0 0 0 0 1 0 0 0 0 0 0 0 1 0 0 0 0 0 0 0 0 0 0 0 0 0 0 0 0 1 0 ]
Last = [ 0 0 0 0 0 0 0 0 0 0 0 0 0 0 0 0 1 0 0 0 0 0 0 0 0 0 0 0 0 0 0 1 0 0 0 0 0 0 0 0 0 0 0 0 1 1 0 0 0 0 0 0 1 0 0 0 0 0 0 0 1 0 0 0 0 0 0 0 0 0 0 0 0 0 0 0 0 1 0 1 ]
nS = 1
S = [ 0 1 2 3 4 5 6 7 8 9 10 11 12 13 14 15 16 17 18 19 20 21 22 23 24 25 26 27 28 29 30 31 32 33 34 35 36 37 38 39 40 41 42 43 44 45 46 47 48 49 50 51 52 53 54 55 56 57 58 59 60 61 62 63 64 65 66 67 68 69 70 71 72 73 74 75 76 77 78 79 ]
