n = 80 ; 
T = 48 ; 
Init = [ 1 1 1 1 1 1 1 1 1 1 1 1 1 1 1 1 1 1 1 1 1 1 1 1 1 1 1 1 1 1 1 1 1 1 1 1 1 0 0 0 0 1 1 1 1 1 1 1 1 1 1 1 1 1 1 1 1 1 1 1 1 1 0 0 0 0 0 0 0 0 0 0 0 0 1 1 1 1 0 0 ]
L = [ 6 6 6 6 6 6 6 6 6 6 6 6 4 4 4 4 4 4 4 4 4 4 4 4 3 7 7 7 7 7 7 7 7 7 7 7 7 2 2 2 2 10 10 10 10 10 10 10 10 10 10 2 2 2 2 2 2 2 2 2 2 2 5 5 5 5 5 5 5 5 5 5 5 5 6 6 6 6 4 4 ]
l = [ 6 6 6 6 6 6 6 6 6 6 6 6 4 4 4 4 4 4 4 4 4 4 4 4 3 7 7 7 7 7 7 7 7 7 7 7 7 2 2 2 2 10 10 10 10 10 10 10 10 10 10 2 2 2 2 2 2 2 2 2 2 2 5 5 5 5 5 5 5 5 5 5 5 5 6 6 6 6 4 4 ]
Pmin = [ 64 64 64 64 64 64 64 64 64 64 64 64 35 35 35 35 35 35 35 35 35 35 35 35 30 77 77 77 77 77 77 77 77 77 77 77 77 24 24 24 24 99 99 99 99 99 99 99 99 100 100 24 24 24 24 24 24 24 24 24 24 24 54 54 54 54 54 54 54 54 54 54 54 54 57 57 57 57 40 40 ]
Pmax = [ 239 239 239 239 239 239 239 239 239 239 239 239 120 120 120 120 120 120 120 120 120 120 120 120 84 313 313 313 313 313 313 313 313 313 313 313 313 63 63 63 63 410 410 410 410 410 410 410 410 420 420 66 66 66 66 66 66 66 66 66 66 66 193 193 193 193 193 193 193 193 193 193 193 193 233 233 233 233 131 131 ]
cf = [ 44.4652 44.4652 44.4652 44.4652 44.4652 44.4652 44.4652 44.4652 44.4652 44.4652 44.4652 44.4652 22.0033 22.0033 22.0033 22.0033 22.0033 22.0033 22.0033 22.0033 22.0033 22.0033 22.0033 22.0033 56.7098 40.0761 40.0761 40.0761 40.0761 40.0761 40.0761 40.0761 40.0761 40.0761 40.0761 40.0761 40.0761 64.6533 64.6533 64.6533 64.6533 41.3156 41.3156 41.3156 41.3156 41.3156 41.3156 41.3156 41.3156 48.1739 48.1739 37.6482 37.6482 37.6482 37.6482 37.6482 37.6482 37.6482 37.6482 37.6482 37.6482 37.6482 31.0386 31.0386 31.0386 31.0386 31.0386 31.0386 31.0386 31.0386 31.0386 31.0386 31.0386 31.0386 10.9127 10.9127 10.9127 10.9127 7.12461 7.12461 ]
c0 = [ 166 166 166 166 166 166 166 166 166 166 166 166 109 109 109 109 109 109 109 109 109 109 109 109 97 201 201 201 201 201 201 201 201 201 201 201 201 86 86 86 86 250 250 250 250 250 250 250 250 250 250 79 79 79 79 79 79 79 79 79 79 79 147 147 147 147 147 147 147 147 147 147 147 147 151 151 151 151 121 121 ]
cp = [ 14.2499 14.2499 14.2499 14.2499 14.2499 14.2499 14.2499 14.2499 14.2499 14.2499 14.2499 14.2499 34.2518 34.2518 34.2518 34.2518 34.2518 34.2518 34.2518 34.2518 34.2518 34.2518 34.2518 34.2518 35.7928 32.5638 32.5638 32.5638 32.5638 32.5638 32.5638 32.5638 32.5638 32.5638 32.5638 32.5638 32.5638 34.7465 34.7465 34.7465 34.7465 10.7245 10.7245 10.7245 10.7245 10.7245 10.7245 10.7245 10.7245 8.28039 8.28039 39.8137 39.8137 39.8137 39.8137 39.8137 39.8137 39.8137 39.8137 39.8137 39.8137 39.8137 31.0207 31.0207 31.0207 31.0207 31.0207 31.0207 31.0207 31.0207 31.0207 31.0207 31.0207 31.0207 22.3748 22.3748 22.3748 22.3748 38.2165 38.2165 ]
D = [ 4592 5130 5917 6644 7988 8488 9521 10317 11134 11370 12646 12866 14145 12873 11870 10772 10127 8644 10106 11134 11971 10117 8065 5757 3702 4693 5183 6394 7398 7843 8954 9685 10389 11524 12298 13136 14103 12946 12242 10913 9777 8329 10051 11129 12717 10568 8253 6299 ]
K = 11
nk = [ 1 1 1 1 1 1 1 1 1 1 1 1 2 2 2 2 2 2 2 2 2 2 2 2 3 4 4 4 4 4 4 4 4 4 4 4 4 5 5 5 5 6 6 6 6 6 6 6 6 7 7 8 8 8 8 8 8 8 8 8 8 8 9 9 9 9 9 9 9 9 9 9 9 9 10 10 10 10 11 11 ]
First = [ 1 0 0 0 0 0 0 0 0 0 0 0 1 0 0 0 0 0 0 0 0 0 0 0 1 1 0 0 0 0 0 0 0 0 0 0 0 1 0 0 0 1 0 0 0 0 0 0 0 1 0 1 0 0 0 0 0 0 0 0 0 0 1 0 0 0 0 0 0 0 0 0 0 0 1 0 0 0 1 0 ]
Last = [ 0 0 0 0 0 0 0 0 0 0 0 1 0 0 0 0 0 0 0 0 0 0 0 1 1 0 0 0 0 0 0 0 0 0 0 0 1 0 0 0 1 0 0 0 0 0 0 0 1 0 1 0 0 0 0 0 0 0 0 0 0 1 0 0 0 0 0 0 0 0 0 0 0 1 0 0 0 1 0 1 ]
nS = 1
S = [ 0 1 2 3 4 5 6 7 8 9 10 11 12 13 14 15 16 17 18 19 20 21 22 23 24 25 26 27 28 29 30 31 32 33 34 35 36 37 38 39 40 41 42 43 44 45 46 47 48 49 50 51 52 53 54 55 56 57 58 59 60 61 62 63 64 65 66 67 68 69 70 71 72 73 74 75 76 77 78 79 ]
