n = 80 ; 
T = 48 ; 
Init = [ 0 0 0 0 0 0 0 0 0 0 1 1 1 1 1 1 1 1 1 1 1 1 1 1 1 1 1 1 1 1 1 1 1 1 1 1 1 1 1 1 0 0 0 0 0 0 0 0 0 0 0 0 0 0 0 0 0 0 0 0 1 1 1 1 1 1 1 1 1 1 0 0 0 0 0 0 0 0 0 0 ]
L = [ 4 4 4 4 4 4 4 4 4 4 6 6 6 6 6 6 6 6 6 7 7 7 7 7 7 7 7 7 7 4 4 4 4 4 4 4 4 4 4 8 3 3 3 3 3 3 3 3 3 3 3 6 6 6 6 6 6 6 6 6 7 7 7 7 7 7 7 7 7 7 4 4 4 4 4 4 4 4 4 4 ]
l = [ 4 4 4 4 4 4 4 4 4 4 6 6 6 6 6 6 6 6 6 7 7 7 7 7 7 7 7 7 7 4 4 4 4 4 4 4 4 4 4 8 3 3 3 3 3 3 3 3 3 3 3 6 6 6 6 6 6 6 6 6 7 7 7 7 7 7 7 7 7 7 4 4 4 4 4 4 4 4 4 4 ]
Pmin = [ 38 38 38 38 38 38 38 38 38 38 63 63 63 63 63 63 63 63 63 81 81 81 81 81 81 81 81 81 81 43 43 43 43 43 43 43 43 43 43 76 35 35 35 35 35 35 35 35 35 35 35 61 61 61 61 61 61 61 61 61 78 78 78 78 78 78 78 78 78 78 41 41 41 41 41 41 41 36 36 36 ]
Pmax = [ 132 132 132 132 132 132 132 132 132 132 249 249 249 249 249 249 249 249 249 301 301 301 301 301 301 301 301 301 301 170 170 170 170 170 170 170 170 170 170 317 102 102 102 102 102 102 102 102 102 102 102 229 229 229 229 229 229 229 229 229 291 291 291 291 291 291 291 291 291 291 132 132 132 132 132 132 132 129 129 129 ]
cf = [ 64.4962 64.4962 64.4962 64.4962 64.4962 64.4962 64.4962 64.4962 64.4962 64.4962 11.8871 11.8871 11.8871 11.8871 11.8871 11.8871 11.8871 11.8871 11.8871 10.494 10.494 10.494 10.494 10.494 10.494 10.494 10.494 10.494 10.494 30.7563 30.7563 30.7563 30.7563 30.7563 30.7563 30.7563 30.7563 30.7563 30.7563 17.2718 67.7299 67.7299 67.7299 67.7299 67.7299 67.7299 67.7299 67.7299 67.7299 67.7299 67.7299 9.14401 9.14401 9.14401 9.14401 9.14401 9.14401 9.14401 9.14401 9.14401 55.6893 55.6893 55.6893 55.6893 55.6893 55.6893 55.6893 55.6893 55.6893 55.6893 24.893 24.893 24.893 24.893 24.893 24.893 24.893 36.5357 36.5357 36.5357 ]
c0 = [ 102 102 102 102 102 102 102 102 102 102 175 175 175 175 175 175 175 175 175 217 217 217 217 217 217 217 217 217 217 120 120 120 120 120 120 120 120 120 120 207 104 104 104 104 104 104 104 104 104 104 104 174 174 174 174 174 174 174 174 174 203 203 203 203 203 203 203 203 203 203 123 123 123 123 123 123 123 116 116 116 ]
cp = [ 30.0252 30.0252 30.0252 30.0252 30.0252 30.0252 30.0252 30.0252 30.0252 30.0252 14.8977 14.8977 14.8977 14.8977 14.8977 14.8977 14.8977 14.8977 14.8977 28.906 28.906 28.906 28.906 28.906 28.906 28.906 28.906 28.906 28.906 31.1161 31.1161 31.1161 31.1161 31.1161 31.1161 31.1161 31.1161 31.1161 31.1161 28.4675 39.2938 39.2938 39.2938 39.2938 39.2938 39.2938 39.2938 39.2938 39.2938 39.2938 39.2938 25.9685 25.9685 25.9685 25.9685 25.9685 25.9685 25.9685 25.9685 25.9685 19.8097 19.8097 19.8097 19.8097 19.8097 19.8097 19.8097 19.8097 19.8097 19.8097 32.7987 32.7987 32.7987 32.7987 32.7987 32.7987 32.7987 32.4063 32.4063 32.4063 ]
D = [ 3533 4463 5185 6274 7280 7851 8840 9780 10361 11283 11998 12957 13705 12563 11044 9998 9028 7549 9271 10410 12362 10325 7802 6436 4408 4927 5396 6058 7124 7868 8721 8905 9823 10802 11393 12417 12658 11716 10997 10232 8944 8354 9241 10376 11516 9694 7655 5687 ]
K = 10
nk = [ 1 1 1 1 1 1 1 1 1 1 2 2 2 2 2 2 2 2 2 3 3 3 3 3 3 3 3 3 3 4 4 4 4 4 4 4 4 4 4 5 6 6 6 6 6 6 6 6 6 6 6 7 7 7 7 7 7 7 7 7 8 8 8 8 8 8 8 8 8 8 9 9 9 9 9 9 9 10 10 10 ]
First = [ 1 0 0 0 0 0 0 0 0 0 1 0 0 0 0 0 0 0 0 1 0 0 0 0 0 0 0 0 0 1 0 0 0 0 0 0 0 0 0 1 1 0 0 0 0 0 0 0 0 0 0 1 0 0 0 0 0 0 0 0 1 0 0 0 0 0 0 0 0 0 1 0 0 0 0 0 0 1 0 0 ]
Last = [ 0 0 0 0 0 0 0 0 0 1 0 0 0 0 0 0 0 0 1 0 0 0 0 0 0 0 0 0 1 0 0 0 0 0 0 0 0 0 1 1 0 0 0 0 0 0 0 0 0 0 1 0 0 0 0 0 0 0 0 1 0 0 0 0 0 0 0 0 0 1 0 0 0 0 0 0 1 0 0 1 ]
nS = 1
S = [ 0 1 2 3 4 5 6 7 8 9 10 11 12 13 14 15 16 17 18 19 20 21 22 23 24 25 26 27 28 29 30 31 32 33 34 35 36 37 38 39 40 41 42 43 44 45 46 47 48 49 50 51 52 53 54 55 56 57 58 59 60 61 62 63 64 65 66 67 68 69 70 71 72 73 74 75 76 77 78 79 ]
