n = 80 ; 
T = 48 ; 
Init = [ 1 1 1 1 0 0 0 0 0 1 1 1 1 1 1 1 1 1 1 1 1 1 1 1 1 1 0 0 0 0 1 1 1 1 1 1 1 0 0 0 0 0 0 0 0 0 1 1 1 1 1 1 1 1 1 1 1 1 1 1 1 1 1 1 1 1 1 1 1 1 1 1 1 1 1 1 1 1 1 1 ]
L = [ 5 5 5 5 5 5 5 5 5 5 5 5 5 5 5 5 5 6 6 6 6 6 6 6 6 6 6 6 6 6 6 6 6 6 6 6 6 10 10 3 3 3 3 3 3 3 6 6 6 6 6 5 5 5 5 9 3 3 3 3 3 3 3 3 3 3 3 2 2 2 2 2 2 2 6 6 6 6 6 6 ]
l = [ 5 5 5 5 5 5 5 5 5 5 5 5 5 5 5 5 5 6 6 6 6 6 6 6 6 6 6 6 6 6 6 6 6 6 6 6 6 10 10 3 3 3 3 3 3 3 6 6 6 6 6 5 5 5 5 9 3 3 3 3 3 3 3 3 3 3 3 2 2 2 2 2 2 2 6 6 6 6 6 6 ]
Pmin = [ 52 52 52 52 51 51 51 51 51 50 50 50 50 50 50 50 50 69 69 69 69 69 69 69 69 69 63 63 63 63 69 69 69 69 69 69 69 100 100 31 31 31 31 31 31 31 62 62 62 62 62 48 48 48 48 100 28 28 28 28 28 28 28 30 30 30 30 13 13 13 13 13 13 13 57 57 57 57 57 57 ]
Pmax = [ 206 206 206 206 191 191 191 191 191 179 179 179 179 179 179 179 179 250 250 250 250 250 250 250 250 250 241 241 241 241 254 254 254 254 254 254 254 420 420 99 99 99 99 99 99 99 228 228 228 228 228 177 177 177 177 401 86 86 86 86 86 86 86 77 77 77 77 38 38 38 38 38 38 38 218 218 218 218 218 218 ]
cf = [ 47.7914 47.7914 47.7914 47.7914 15.8302 15.8302 15.8302 15.8302 15.8302 21.2062 21.2062 21.2062 21.2062 21.2062 21.2062 21.2062 21.2062 22.1927 22.1927 22.1927 22.1927 22.1927 22.1927 22.1927 22.1927 22.1927 8.38147 8.38147 8.38147 8.38147 37.0443 37.0443 37.0443 37.0443 37.0443 37.0443 37.0443 25.3418 25.3418 58.4667 58.4667 58.4667 58.4667 58.4667 58.4667 58.4667 15.3696 15.3696 15.3696 15.3696 15.3696 60.6392 60.6392 60.6392 60.6392 57.2762 57.2752 57.2752 57.2752 57.2752 57.2752 57.2752 57.2752 26.5495 26.5495 26.5495 26.5495 27.622 27.622 27.622 27.622 27.622 27.622 27.622 64.6271 64.6271 64.6271 64.6271 64.6271 64.6271 ]
c0 = [ 144 144 144 144 143 143 143 143 143 138 138 138 138 138 138 138 138 184 184 184 184 184 184 184 184 184 171 171 171 171 193 193 193 193 193 193 193 250 250 98 98 98 98 98 98 98 174 174 174 174 174 136 136 136 136 250 93 93 93 93 93 93 93 82 82 82 82 51 51 51 51 51 51 51 148 148 148 148 148 148 ]
cp = [ 30.3774 30.3774 30.3774 30.3774 27.5933 27.5933 27.5933 27.5933 27.5933 33.4441 33.4441 33.4441 33.4441 33.4441 33.4441 33.4441 33.4441 34.6031 34.6031 34.6031 34.6031 34.6031 34.6031 34.6031 34.6031 34.6031 18.146 18.146 18.146 18.146 23.4612 23.4612 23.4612 23.4612 23.4612 23.4612 23.4612 8.06056 8.06056 34.5428 34.5428 34.5428 34.5428 34.5428 34.5428 34.5428 23.442 23.442 23.442 23.442 23.442 30.5859 30.5859 30.5859 30.5859 12.7816 40.0943 40.0943 40.0943 40.0943 40.0943 40.0943 40.0943 40.9826 40.9826 40.9826 40.9826 40.6844 40.6844 40.6844 40.6844 40.6844 40.6844 40.6844 32.0181 32.0181 32.0181 32.0181 32.0181 32.0181 ]
D = [ 3699 4683 5300 5943 6779 7740 8237 8990 9964 10661 11445 12112 12651 11547 10915 9524 8809 7426 9134 9871 11414 9616 7333 5599 3966 4461 5186 5827 6793 7437 8190 8814 9231 10013 10888 11857 12120 11242 10331 9367 8273 7544 8335 9484 10695 8576 7043 4787 ]
K = 15
nk = [ 1 1 1 1 2 2 2 2 2 3 3 3 3 3 3 3 3 4 4 4 4 4 4 4 4 4 5 5 5 5 6 6 6 6 6 6 6 7 7 8 8 8 8 8 8 8 9 9 9 9 9 10 10 10 10 11 12 12 12 12 12 12 12 13 13 13 13 14 14 14 14 14 14 14 15 15 15 15 15 15 ]
First = [ 1 0 0 0 1 0 0 0 0 1 0 0 0 0 0 0 0 1 0 0 0 0 0 0 0 0 1 0 0 0 1 0 0 0 0 0 0 1 0 1 0 0 0 0 0 0 1 0 0 0 0 1 0 0 0 1 1 0 0 0 0 0 0 1 0 0 0 1 0 0 0 0 0 0 1 0 0 0 0 0 ]
Last = [ 0 0 0 1 0 0 0 0 1 0 0 0 0 0 0 0 1 0 0 0 0 0 0 0 0 1 0 0 0 1 0 0 0 0 0 0 1 0 1 0 0 0 0 0 0 1 0 0 0 0 1 0 0 0 1 1 0 0 0 0 0 0 1 0 0 0 1 0 0 0 0 0 0 1 0 0 0 0 0 1 ]
nS = 1
S = [ 0 1 2 3 4 5 6 7 8 9 10 11 12 13 14 15 16 17 18 19 20 21 22 23 24 25 26 27 28 29 30 31 32 33 34 35 36 37 38 39 40 41 42 43 44 45 46 47 48 49 50 51 52 53 54 55 56 57 58 59 60 61 62 63 64 65 66 67 68 69 70 71 72 73 74 75 76 77 78 79 ]
