n = 80 ; 
T = 48 ; 
Init = [ 0 0 0 0 0 0 0 0 0 0 0 0 0 0 0 0 0 0 0 0 0 0 0 0 0 0 1 1 1 1 0 0 0 0 0 0 0 0 0 0 0 0 0 0 0 0 0 0 0 0 0 0 0 0 0 0 0 1 1 1 1 0 0 0 0 0 0 0 0 0 1 1 1 0 0 0 0 0 1 1 ]
L = [ 3 3 3 3 9 9 9 9 9 9 9 9 9 9 9 9 9 9 9 9 9 9 3 3 3 3 4 4 4 4 9 9 3 3 3 3 3 3 3 3 3 3 3 3 3 3 3 3 3 3 3 3 3 3 3 3 3 9 9 9 9 8 8 8 8 8 8 8 8 8 10 10 10 10 10 10 10 10 6 6 ]
l = [ 3 3 3 3 9 9 9 9 9 9 9 9 9 9 9 9 9 9 9 9 9 9 3 3 3 3 4 4 4 4 9 9 3 3 3 3 3 3 3 3 3 3 3 3 3 3 3 3 3 3 3 3 3 3 3 3 3 9 9 9 9 8 8 8 8 8 8 8 8 8 10 10 10 10 10 10 10 10 6 6 ]
Pmin = [ 24 24 24 24 90 90 90 90 90 90 90 90 90 90 90 99 99 99 99 99 99 99 21 21 21 21 44 44 44 44 100 100 31 31 31 31 31 31 31 31 31 31 31 31 22 22 22 22 22 22 22 22 22 22 22 22 22 95 95 95 95 82 82 82 82 82 82 82 82 82 100 100 100 100 100 100 100 100 64 64 ]
Pmax = [ 76 76 76 76 354 354 354 354 354 354 354 354 354 354 354 393 393 393 393 393 393 393 56 56 56 56 166 166 166 166 406 406 117 117 117 117 117 117 117 117 117 117 117 117 77 77 77 77 77 77 77 77 77 77 77 77 77 395 395 395 395 313 313 313 313 313 313 313 313 313 420 420 420 420 420 420 420 420 230 230 ]
cf = [ 13.4175 13.4175 13.4175 13.4175 39.3243 39.3243 39.3243 39.3243 39.3243 39.3243 39.3243 39.3243 39.3243 39.3243 39.3243 43.3969 43.3969 43.3969 43.3969 43.3969 43.3969 43.3969 9.24359 9.24359 9.24359 9.24359 46.8761 46.8761 46.8761 46.8761 24.2633 24.2633 53.0311 53.0311 53.0311 53.0311 53.0311 53.0311 53.0311 53.0311 53.0311 53.0311 53.0311 53.0311 9.89934 9.89934 9.89934 9.89934 9.89934 9.89934 9.89934 9.89934 9.89934 9.89934 9.89934 9.89934 9.89934 53.1463 53.1463 53.1463 53.1463 66.4632 66.4632 66.4632 66.4632 66.4632 66.4632 66.4632 66.4632 66.4632 26.6759 26.6759 26.6759 44.2391 44.2391 44.2391 44.2391 44.2391 14.1089 14.1089 ]
c0 = [ 87 87 87 87 237 237 237 237 237 237 237 237 237 237 237 250 250 250 250 250 250 250 64 64 64 64 137 137 137 137 250 250 99 99 99 99 99 99 99 99 99 99 99 99 79 79 79 79 79 79 79 79 79 79 79 79 79 238 238 238 238 218 218 218 218 218 218 218 218 218 250 250 250 250 250 250 250 250 180 180 ]
cp = [ 33.0212 33.0212 33.0212 33.0212 14.6093 14.6093 14.6093 14.6093 14.6093 14.6093 14.6093 14.6093 14.6093 14.6093 14.6093 19.7526 19.7526 19.7526 19.7526 19.7526 19.7526 19.7526 40.7768 40.7768 40.7768 40.7768 32.0193 32.0193 32.0193 32.0193 13.2532 13.2532 35.2505 35.2505 35.2505 35.2505 35.2505 35.2505 35.2505 35.2505 35.2505 35.2505 35.2505 35.2505 38.4238 38.4238 38.4238 38.4238 38.4238 38.4238 38.4238 38.4238 38.4238 38.4238 38.4238 38.4238 38.4238 14.2002 14.2002 14.2002 14.2002 13.4754 13.4754 13.4754 13.4754 13.4754 13.4754 13.4754 13.4754 13.4754 10.8567 10.8567 10.8567 11.8796 11.8796 11.8796 11.8796 11.8796 24.1087 24.1087 ]
D = [ 4427 5579 6597 7558 8301 9645 10917 11830 12397 13358 14297 15651 16911 15134 13783 12332 11041 9844 11468 13315 15538 12672 10748 8249 5836 6344 7209 7996 9289 10111 10637 11500 12590 13026 14224 15271 15642 14428 13740 12433 11187 10366 11933 13657 15526 12612 9460 7101 ]
K = 13
nk = [ 1 1 1 1 2 2 2 2 2 2 2 2 2 2 2 3 3 3 3 3 3 3 4 4 4 4 5 5 5 5 6 6 7 7 7 7 7 7 7 7 7 7 7 7 8 8 8 8 8 8 8 8 8 8 8 8 8 9 9 9 9 10 10 10 10 10 10 10 10 10 11 11 11 12 12 12 12 12 13 13 ]
First = [ 1 0 0 0 1 0 0 0 0 0 0 0 0 0 0 1 0 0 0 0 0 0 1 0 0 0 1 0 0 0 1 0 1 0 0 0 0 0 0 0 0 0 0 0 1 0 0 0 0 0 0 0 0 0 0 0 0 1 0 0 0 1 0 0 0 0 0 0 0 0 1 0 0 1 0 0 0 0 1 0 ]
Last = [ 0 0 0 1 0 0 0 0 0 0 0 0 0 0 1 0 0 0 0 0 0 1 0 0 0 1 0 0 0 1 0 1 0 0 0 0 0 0 0 0 0 0 0 1 0 0 0 0 0 0 0 0 0 0 0 0 1 0 0 0 1 0 0 0 0 0 0 0 0 1 0 0 1 0 0 0 0 1 0 1 ]
nS = 1
S = [ 0 1 2 3 4 5 6 7 8 9 10 11 12 13 14 15 16 17 18 19 20 21 22 23 24 25 26 27 28 29 30 31 32 33 34 35 36 37 38 39 40 41 42 43 44 45 46 47 48 49 50 51 52 53 54 55 56 57 58 59 60 61 62 63 64 65 66 67 68 69 70 71 72 73 74 75 76 77 78 79 ]
