n = 80 ; 
T = 48 ; 
Init = [ 0 0 0 0 0 1 1 1 1 1 1 1 1 1 1 1 1 1 1 1 1 1 1 1 1 1 1 1 1 1 1 0 0 0 0 0 0 0 0 0 0 0 0 0 0 0 0 0 0 0 0 0 0 0 0 0 0 1 1 1 1 1 1 1 1 1 1 1 1 1 1 1 1 0 0 0 0 0 0 0 ]
L = [ 3 3 3 3 3 6 6 6 6 6 6 6 6 3 3 3 3 3 3 3 3 3 3 3 3 4 4 4 4 4 4 8 8 6 9 9 9 9 9 2 2 2 2 2 2 2 2 2 2 7 7 7 3 3 3 3 7 7 7 7 7 7 7 7 7 7 7 7 7 8 8 8 8 10 10 10 10 10 10 10 ]
l = [ 3 3 3 3 3 6 6 6 6 6 6 6 6 3 3 3 3 3 3 3 3 3 3 3 3 4 4 4 4 4 4 8 8 6 9 9 9 9 9 2 2 2 2 2 2 2 2 2 2 7 7 7 3 3 3 3 7 7 7 7 7 7 7 7 7 7 7 7 7 8 8 8 8 10 10 10 10 10 10 10 ]
Pmin = [ 22 22 22 22 22 69 69 69 69 69 69 69 69 25 25 25 25 25 25 25 25 25 25 25 25 34 34 34 34 34 34 85 85 64 95 95 95 95 95 17 17 17 17 17 17 17 17 17 17 79 79 79 27 27 27 27 71 71 71 71 71 71 71 71 71 71 71 71 71 85 85 85 85 100 100 100 100 100 100 100 ]
Pmax = [ 51 51 51 51 51 251 251 251 251 251 251 251 251 92 92 92 92 92 92 92 92 92 92 92 92 111 111 111 111 111 111 324 324 245 398 398 398 398 398 32 32 32 32 32 32 32 32 32 32 302 302 302 100 100 100 100 283 275 275 275 275 275 275 275 275 275 275 275 275 346 346 346 346 420 420 420 420 420 420 420 ]
cf = [ 65.007 65.007 65.007 65.007 65.007 50.7912 50.7912 50.7912 50.7912 50.7912 50.7912 50.7912 50.7912 64.6645 64.6645 64.6645 64.6645 64.6645 64.6645 64.6645 64.6645 64.6645 64.6645 64.6645 64.6645 43.4003 43.4003 43.4003 43.4003 43.4003 43.4003 44.8892 44.8892 58.6832 52.7993 52.7993 52.7993 52.7993 52.7993 22.3172 22.3172 22.3172 22.3172 22.3172 22.3172 22.3172 22.3172 22.3172 22.3172 64.607 64.607 64.607 9.88764 9.88764 9.88764 9.88764 47.4278 25.3817 25.3817 25.3817 25.3817 25.3817 25.3817 25.3817 25.3817 25.3817 25.3817 25.3817 25.3817 45.6889 45.6889 45.6889 45.6889 14.4223 14.4223 14.4223 14.4223 14.4223 14.4223 14.4223 ]
c0 = [ 70 70 70 70 70 184 184 184 184 184 184 184 184 71 71 71 71 71 71 71 71 71 71 71 71 101 101 101 101 101 101 225 225 177 250 250 250 250 250 71 71 71 71 71 71 71 71 71 71 202 202 202 82 82 82 82 190 188 188 188 188 188 188 188 188 188 188 188 188 228 228 228 228 250 250 250 250 250 250 250 ]
cp = [ 39.3787 39.3787 39.3787 39.3787 39.3787 27.978 27.978 27.978 27.978 27.978 27.978 27.978 27.978 40.2552 40.2552 40.2552 40.2552 40.2552 40.2552 40.2552 40.2552 40.2552 40.2552 40.2552 40.2552 33.2061 33.2061 33.2061 33.2061 33.2061 33.2061 17.2876 17.2876 24.133 11.3312 11.3312 11.3312 11.3312 11.3312 41.8291 41.8291 41.8291 41.8291 41.8291 41.8291 41.8291 41.8291 41.8291 41.8291 10.7279 10.7279 10.7279 40.4942 40.4942 40.4942 40.4942 28.7092 24.2202 24.2202 24.2202 24.2202 24.2202 24.2202 24.2202 24.2202 24.2202 24.2202 24.2202 24.2202 23.3884 23.3884 23.3884 23.3884 15.1611 15.1611 15.1611 15.1611 15.1611 15.1611 15.1611 ]
D = [ 4956 5439 6524 7206 8327 9166 9943 10846 11268 12310 12939 13868 14701 13643 11806 10790 9422 7930 9731 11257 12857 10654 8057 5985 3573 4150 5000 6282 7113 7815 8729 9567 10215 11201 11630 12488 13272 12647 11696 10942 9811 8518 9749 10479 12096 9642 8077 6130 ]
K = 14
nk = [ 1 1 1 1 1 2 2 2 2 2 2 2 2 3 3 3 3 3 3 3 3 3 3 3 3 4 4 4 4 4 4 5 5 6 7 7 7 7 7 8 8 8 8 8 8 8 8 8 8 9 9 9 10 10 10 10 11 12 12 12 12 12 12 12 12 12 12 12 12 13 13 13 13 14 14 14 14 14 14 14 ]
First = [ 1 0 0 0 0 1 0 0 0 0 0 0 0 1 0 0 0 0 0 0 0 0 0 0 0 1 0 0 0 0 0 1 0 1 1 0 0 0 0 1 0 0 0 0 0 0 0 0 0 1 0 0 1 0 0 0 1 1 0 0 0 0 0 0 0 0 0 0 0 1 0 0 0 1 0 0 0 0 0 0 ]
Last = [ 0 0 0 0 1 0 0 0 0 0 0 0 1 0 0 0 0 0 0 0 0 0 0 0 1 0 0 0 0 0 1 0 1 1 0 0 0 0 1 0 0 0 0 0 0 0 0 0 1 0 0 1 0 0 0 1 1 0 0 0 0 0 0 0 0 0 0 0 1 0 0 0 1 0 0 0 0 0 0 1 ]
nS = 1
S = [ 0 1 2 3 4 5 6 7 8 9 10 11 12 13 14 15 16 17 18 19 20 21 22 23 24 25 26 27 28 29 30 31 32 33 34 35 36 37 38 39 40 41 42 43 44 45 46 47 48 49 50 51 52 53 54 55 56 57 58 59 60 61 62 63 64 65 66 67 68 69 70 71 72 73 74 75 76 77 78 79 ]
