n = 80 ; 
T = 48 ; 
Init = [ 0 0 0 0 0 0 0 0 0 0 0 0 0 0 0 0 0 0 0 0 0 0 0 1 1 1 1 1 1 1 1 1 1 1 1 1 1 1 1 1 1 1 1 1 0 0 0 0 0 0 0 0 0 0 0 0 0 0 0 0 0 0 0 0 0 1 0 0 0 0 0 0 0 0 0 0 0 0 0 0 ]
L = [ 8 8 8 8 8 8 8 8 8 8 8 8 8 8 10 10 4 4 4 4 4 4 4 6 6 6 6 6 6 6 6 6 6 6 6 6 6 6 6 6 6 6 6 6 7 7 7 7 7 7 7 7 7 7 7 7 7 7 7 7 8 8 8 8 8 8 2 2 2 2 2 2 2 2 2 2 2 2 2 2 ]
l = [ 8 8 8 8 8 8 8 8 8 8 8 8 8 8 10 10 4 4 4 4 4 4 4 6 6 6 6 6 6 6 6 6 6 6 6 6 6 6 6 6 6 6 6 6 7 7 7 7 7 7 7 7 7 7 7 7 7 7 7 7 8 8 8 8 8 8 2 2 2 2 2 2 2 2 2 2 2 2 2 2 ]
Pmin = [ 81 81 81 81 81 81 81 81 81 81 81 81 81 81 100 100 46 46 46 46 46 46 46 65 65 65 65 65 65 65 65 65 65 65 65 65 65 65 65 65 65 65 65 65 79 79 79 79 79 79 79 79 79 79 79 79 79 79 79 79 91 91 91 91 91 84 14 14 14 14 14 14 14 14 14 14 14 14 14 14 ]
Pmax = [ 331 331 331 331 331 331 331 331 331 331 331 331 331 331 420 420 147 147 147 147 147 147 147 257 257 257 257 257 257 257 257 257 257 257 257 257 257 257 257 257 257 257 257 257 298 298 298 298 298 298 298 298 298 298 298 298 298 298 298 298 357 357 357 357 357 326 30 30 30 30 30 30 30 30 30 30 30 30 30 30 ]
cf = [ 28.7891 28.7891 28.7891 28.7891 28.7891 28.7891 28.7891 28.7891 28.7891 28.7891 28.7891 28.7891 28.7891 28.7891 67.5987 67.5987 16.8203 16.8203 16.8203 16.8203 16.8203 16.8203 16.8203 12.148 12.148 12.148 12.148 12.148 12.148 12.148 12.148 12.148 12.148 12.148 12.148 12.148 12.148 12.148 12.148 12.148 12.148 12.148 12.148 12.148 31.5753 31.5753 31.5753 31.5753 31.5753 31.5753 31.5753 31.5753 31.5753 31.5753 31.5753 31.5753 31.5753 31.5753 31.5753 31.5753 27.448 27.448 27.448 27.448 27.448 16.0927 8.65095 8.65095 8.65095 8.65095 8.65095 8.65095 8.65095 8.65095 8.65095 8.65095 8.65095 8.65095 8.65095 8.65095 ]
c0 = [ 215 215 215 215 215 215 215 215 215 215 215 215 215 215 250 250 140 140 140 140 140 140 140 179 179 179 179 179 179 179 179 179 179 179 179 179 179 179 179 179 179 179 179 179 201 201 201 201 201 201 201 201 201 201 201 201 201 201 201 201 230 230 230 230 230 223 47 47 47 47 47 47 47 47 47 47 47 47 47 47 ]
cp = [ 21.008 21.008 21.008 21.008 21.008 21.008 21.008 21.008 21.008 21.008 21.008 21.008 21.008 21.008 10.9273 10.9273 33.4182 33.4182 33.4182 33.4182 33.4182 33.4182 33.4182 21.6121 21.6121 21.6121 21.6121 21.6121 21.6121 21.6121 21.6121 21.6121 21.6121 21.6121 21.6121 21.6121 21.6121 21.6121 21.6121 21.6121 21.6121 21.6121 21.6121 21.6121 28.8698 28.8698 28.8698 28.8698 28.8698 28.8698 28.8698 28.8698 28.8698 28.8698 28.8698 28.8698 28.8698 28.8698 28.8698 28.8698 25.3938 25.3938 25.3938 25.3938 25.3938 15.6199 40.9079 40.9079 40.9079 40.9079 40.9079 40.9079 40.9079 40.9079 40.9079 40.9079 40.9079 40.9079 40.9079 40.9079 ]
D = [ 4235 5421 6132 7122 8498 9512 10266 11741 12935 13637 14502 15696 16767 15322 13722 13014 11236 9572 11171 13079 14864 12588 9462 6886 4391 5856 6857 8016 9133 10064 10771 11842 13236 14359 14796 15832 16760 15581 14108 12490 11126 9595 11149 12306 13501 10966 8680 6513 ]
K = 8
nk = [ 1 1 1 1 1 1 1 1 1 1 1 1 1 1 2 2 3 3 3 3 3 3 3 4 4 4 4 4 4 4 4 4 4 4 4 4 4 4 4 4 4 4 4 4 5 5 5 5 5 5 5 5 5 5 5 5 5 5 5 5 6 6 6 6 6 7 8 8 8 8 8 8 8 8 8 8 8 8 8 8 ]
First = [ 1 0 0 0 0 0 0 0 0 0 0 0 0 0 1 0 1 0 0 0 0 0 0 1 0 0 0 0 0 0 0 0 0 0 0 0 0 0 0 0 0 0 0 0 1 0 0 0 0 0 0 0 0 0 0 0 0 0 0 0 1 0 0 0 0 1 1 0 0 0 0 0 0 0 0 0 0 0 0 0 ]
Last = [ 0 0 0 0 0 0 0 0 0 0 0 0 0 1 0 1 0 0 0 0 0 0 1 0 0 0 0 0 0 0 0 0 0 0 0 0 0 0 0 0 0 0 0 1 0 0 0 0 0 0 0 0 0 0 0 0 0 0 0 1 0 0 0 0 1 1 0 0 0 0 0 0 0 0 0 0 0 0 0 1 ]
nS = 1
S = [ 0 1 2 3 4 5 6 7 8 9 10 11 12 13 14 15 16 17 18 19 20 21 22 23 24 25 26 27 28 29 30 31 32 33 34 35 36 37 38 39 40 41 42 43 44 45 46 47 48 49 50 51 52 53 54 55 56 57 58 59 60 61 62 63 64 65 66 67 68 69 70 71 72 73 74 75 76 77 78 79 ]
