n = 80 ; 
T = 48 ; 
Init = [ 1 1 1 1 1 1 1 1 1 1 1 1 1 1 1 1 1 1 1 1 1 1 1 1 1 1 1 1 0 0 0 0 0 0 0 0 0 0 1 1 1 1 1 1 1 1 1 1 1 1 1 0 0 0 0 0 0 0 1 1 1 1 1 1 1 0 0 0 0 0 0 0 1 1 1 1 1 1 1 0 ]
L = [ 9 9 9 9 9 9 9 9 7 7 7 7 7 7 7 7 7 7 7 7 7 7 7 7 7 7 7 7 2 2 2 2 2 2 2 2 2 2 2 2 2 2 2 2 2 2 2 2 2 2 2 9 8 8 8 8 8 8 3 3 3 3 3 3 5 3 3 3 3 3 3 3 10 10 10 10 10 10 10 9 ]
l = [ 9 9 9 9 9 9 9 9 7 7 7 7 7 7 7 7 7 7 7 7 7 7 7 7 7 7 7 7 2 2 2 2 2 2 2 2 2 2 2 2 2 2 2 2 2 2 2 2 2 2 2 9 8 8 8 8 8 8 3 3 3 3 3 3 5 3 3 3 3 3 3 3 10 10 10 10 10 10 10 9 ]
Pmin = [ 100 100 100 100 100 100 100 100 74 74 74 74 74 74 74 74 74 74 76 76 76 76 76 76 76 76 76 76 16 16 16 16 16 16 16 16 16 16 22 22 22 22 22 22 22 22 22 22 22 22 22 100 96 96 96 96 96 96 26 26 26 26 26 26 43 26 26 27 27 27 27 27 100 100 100 100 100 100 100 97 ]
Pmax = [ 405 405 405 405 405 405 405 405 302 302 302 302 302 302 302 302 302 302 292 292 292 292 292 292 292 292 292 292 46 46 46 46 46 46 46 46 46 46 43 43 43 43 43 43 43 43 43 43 43 43 43 389 366 366 366 366 366 366 83 83 83 83 83 83 171 95 95 66 66 66 66 66 420 420 420 420 420 420 420 378 ]
cf = [ 22.9065 22.9065 22.9065 22.9065 22.9065 22.9065 22.9065 22.9065 8.93676 8.93676 8.93676 8.93676 8.93676 8.93676 8.93676 8.93676 8.93676 8.93676 49.9854 49.9854 49.9854 49.9854 49.9854 49.9854 49.9854 49.9854 49.9854 49.9854 22.675 22.675 22.675 22.675 22.675 22.675 22.675 22.675 22.675 22.675 17.7448 17.7448 17.7448 17.7448 17.7448 17.7448 17.7448 17.7448 17.7448 17.7448 17.7448 17.7448 17.7448 7.3686 54.007 54.007 54.007 54.007 54.007 54.007 45.6122 45.6122 45.6122 45.6122 45.6122 45.6122 29.2723 59.7718 59.7718 49.1245 49.1245 49.1245 49.1245 49.1245 24.9297 24.9297 24.9297 24.9297 24.9297 24.9297 24.9297 64.1698 ]
c0 = [ 250 250 250 250 250 250 250 250 194 194 194 194 194 194 194 194 194 194 215 215 215 215 215 215 215 215 215 215 51 51 51 51 51 51 51 51 51 51 72 72 72 72 72 72 72 72 72 72 72 72 72 250 250 250 250 250 250 250 79 79 79 79 79 79 125 91 91 75 75 75 75 75 250 250 250 250 250 250 250 250 ]
cp = [ 19.469 19.469 19.469 19.469 19.469 19.469 19.469 19.469 16.0373 16.0373 16.0373 16.0373 16.0373 16.0373 16.0373 16.0373 16.0373 16.0373 15.6428 15.6428 15.6428 15.6428 15.6428 15.6428 15.6428 15.6428 15.6428 15.6428 39.9116 39.9116 39.9116 39.9116 39.9116 39.9116 39.9116 39.9116 39.9116 39.9116 38.0942 38.0942 38.0942 38.0942 38.0942 38.0942 38.0942 38.0942 38.0942 38.0942 38.0942 38.0942 38.0942 14.852 13.7519 13.7519 13.7519 13.7519 13.7519 13.7519 39.7948 39.7948 39.7948 39.7948 39.7948 39.7948 29.4702 38.1278 38.1278 37.2502 37.2502 37.2502 37.2502 37.2502 10.6384 10.6384 10.6384 10.6384 10.6384 10.6384 10.6384 11.1696 ]
D = [ 4845 5874 6678 7064 8046 8738 9793 10848 11318 12364 13366 13900 14892 13598 12291 11086 10470 9078 10389 11343 12309 10330 8322 6284 3707 4707 5470 6256 7215 8211 9135 9940 10455 11588 12711 13426 14026 12810 11644 10776 9417 8210 9915 11735 12761 10646 8660 6809 ]
K = 13
nk = [ 1 1 1 1 1 1 1 1 2 2 2 2 2 2 2 2 2 2 3 3 3 3 3 3 3 3 3 3 4 4 4 4 4 4 4 4 4 4 5 5 5 5 5 5 5 5 5 5 5 5 5 6 7 7 7 7 7 7 8 8 8 8 8 8 9 10 10 11 11 11 11 11 12 12 12 12 12 12 12 13 ]
First = [ 1 0 0 0 0 0 0 0 1 0 0 0 0 0 0 0 0 0 1 0 0 0 0 0 0 0 0 0 1 0 0 0 0 0 0 0 0 0 1 0 0 0 0 0 0 0 0 0 0 0 0 1 1 0 0 0 0 0 1 0 0 0 0 0 1 1 0 1 0 0 0 0 1 0 0 0 0 0 0 1 ]
Last = [ 0 0 0 0 0 0 0 1 0 0 0 0 0 0 0 0 0 1 0 0 0 0 0 0 0 0 0 1 0 0 0 0 0 0 0 0 0 1 0 0 0 0 0 0 0 0 0 0 0 0 1 1 0 0 0 0 0 1 0 0 0 0 0 1 1 0 1 0 0 0 0 1 0 0 0 0 0 0 1 1 ]
nS = 1
S = [ 0 1 2 3 4 5 6 7 8 9 10 11 12 13 14 15 16 17 18 19 20 21 22 23 24 25 26 27 28 29 30 31 32 33 34 35 36 37 38 39 40 41 42 43 44 45 46 47 48 49 50 51 52 53 54 55 56 57 58 59 60 61 62 63 64 65 66 67 68 69 70 71 72 73 74 75 76 77 78 79 ]
