n = 15 ; 
T = 288 ; 
Init = [ 0 0 0 0 0 0 0 1 1 1 1 1 0 0 1 ]
L = [ 11 11 18 18 20 20 20 4 4 4 4 4 20 20 10 ]
l = [ 11 11 18 18 20 20 20 4 4 4 4 4 20 20 10 ]
Pmin = [ 55 55 94 94 100 100 100 22 22 22 22 22 100 100 50 ]
Pmax = [ 211 211 373 373 420 420 420 65 65 65 65 65 420 420 200 ]
cf = [ 61.4771 61.4771 23.3966 23.3966 18.5962 18.5962 18.5962 53.0773 53.0773 53.0773 53.0773 53.0773 46.1467 46.1467 8.23027 ]
c0 = [ 154 154 250 250 250 250 250 80 80 80 80 80 250 250 136 ]
cp = [ 17.2946 17.2946 10.5683 10.5683 8.40489 8.40489 8.40489 41.1103 41.1103 41.1103 41.1103 41.1103 8.10587 8.10587 32.6299 ]
D = [ 1045 1175 1209 1348 1411 1520 1535 1680 1718 1779 1885 1953 2073 2169 2319 2423 2427 2537 2610 2756 2787 2921 3013 3009 3053 2958 2835 2805 2647 2516 2373 2329 2244 2049 1909 2069 2166 2376 2596 2646 2832 2525 2312 2136 1840 1541 1383 1157 874 948 1126 1179 1248 1363 1376 1585 1674 1762 1852 1864 1930 2030 2142 2268 2287 2450 2460 2571 2768 2848 2910 3055 3073 2936 2835 2711 2504 2473 2323 2206 2004 1941 1784 2039 2175 2420 2640 2773 3012 2777 2529 2289 2062 1832 1474 1326 1032 1067 1186 1357 1417 1388 1479 1636 1736 1837 1919 1932 2154 2140 2239 2352 2507 2537 2688 2709 2741 2903 2948 3153 3210 2983 2905 2701 2595 2561 2309 2294 2053 1982 1895 2046 2126 2311 2378 2468 2663 2501 2140 1943 1676 1476 1302 949 808 949 1066 1151 1194 1393 1505 1495 1574 1803 1837 1977 2101 2148 2231 2402 2530 2564 2793 2843 2904 3020 3190 3287 3312 3265 3086 2982 2748 2638 2578 2415 2186 2136 1950 2083 2247 2341 2508 2643 2706 2443 2254 1978 1806 1592 1379 1075 892 1026 1186 1157 1256 1456 1488 1621 1753 1765 1965 2039 2161 2210 2317 2402 2487 2597 2766 2812 2959 3076 3175 3332 3310 3233 3080 2942 2728 2618 2469 2331 2254 2012 1894 2139 2319 2456 2580 2791 2990 2637 2396 2192 1938 1703 1481 1211 942 998 1222 1299 1349 1429 1439 1526 1605 1775 1780 1915 1964 2036 2175 2334 2355 2527 2557 2623 2650 2874 2933 2973 3071 2895 2743 2723 2621 2383 2320 2138 2020 1942 1750 2061 2139 2336 2647 2716 2996 2792 2474 2282 1911 1796 1525 1239 ]
K = 6
nk = [ 1 1 2 2 3 3 3 4 4 4 4 4 5 5 6 ]
First = [ 1 0 1 0 1 0 0 1 0 0 0 0 1 0 1 ]
Last = [ 0 1 0 1 0 0 1 0 0 0 0 1 0 1 1 ]
nS = 1
S = [ 0 1 2 3 4 5 6 7 8 9 10 11 12 13 14 ]
