n = 15 ; 
T = 288 ; 
Init = [ 0 0 0 0 1 1 1 1 1 0 0 0 0 0 0 ]
L = [ 16 16 16 16 16 16 16 16 16 19 19 19 4 4 4 ]
l = [ 16 16 16 16 16 16 16 16 16 19 19 19 4 4 4 ]
Pmin = [ 86 86 86 86 83 83 83 83 83 100 100 100 15 15 15 ]
Pmax = [ 343 343 343 343 326 326 326 326 326 407 407 407 49 49 49 ]
cf = [ 68.7253 68.7253 68.7253 68.7253 68.2573 68.2573 68.2573 68.2573 68.2573 52.8586 52.8586 52.8586 54.2213 54.2213 54.2213 ]
c0 = [ 225 225 225 225 229 229 229 229 229 250 250 250 56 56 56 ]
cp = [ 22.1594 22.1594 22.1594 22.1594 19.4043 19.4043 19.4043 19.4043 19.4043 8.88544 8.88544 8.88544 41.5652 41.5652 41.5652 ]
D = [ 1280 1289 1417 1513 1589 1854 1818 2030 2149 2256 2398 2479 2586 2685 2770 2924 3067 3159 3136 3384 3359 3616 3672 3824 3972 3677 3558 3383 3272 3032 2867 2743 2575 2426 2112 2467 2679 2775 3056 3275 3542 3172 2855 2610 2229 2060 1683 1508 1100 1217 1290 1473 1641 1708 1775 1872 1943 2055 2154 2420 2387 2628 2718 2742 2876 2972 3049 3281 3353 3478 3622 3642 3683 3674 3353 3255 3151 2972 2801 2546 2375 2344 2162 2378 2458 2561 2765 2982 3088 2875 2667 2399 2142 1915 1737 1505 1251 1402 1486 1558 1550 1697 1826 1975 2113 2149 2289 2383 2398 2588 2595 2722 2949 3006 3074 3153 3242 3457 3521 3623 3725 3552 3409 3298 3080 3074 2835 2783 2649 2390 2306 2557 2662 2924 3045 3184 3378 3078 2925 2573 2358 1933 1779 1512 1214 1287 1420 1442 1687 1674 1795 1999 2063 2272 2309 2428 2518 2625 2669 2840 3061 3063 3247 3270 3394 3502 3586 3735 3792 3770 3433 3287 3074 3050 2751 2657 2419 2316 2132 2263 2620 2854 3078 3212 3543 3136 2897 2476 2239 1932 1570 1268 843 1092 1185 1187 1452 1575 1542 1786 1788 2012 2021 2272 2316 2398 2599 2644 2718 2820 2964 3130 3316 3361 3440 3641 3648 3647 3479 3244 3176 2926 2721 2556 2438 2382 2102 2315 2624 2727 2892 3085 3295 3012 2824 2446 2127 1847 1571 1210 830 941 1113 1172 1273 1542 1515 1699 1746 1887 2109 2258 2275 2334 2590 2684 2705 2952 3053 3103 3299 3334 3552 3604 3675 3559 3342 3190 3071 2938 2775 2615 2474 2190 2145 2350 2407 2581 2850 3011 3207 2910 2605 2380 2023 1855 1429 1150 ]
K = 4
nk = [ 1 1 1 1 2 2 2 2 2 3 3 3 4 4 4 ]
First = [ 1 0 0 0 1 0 0 0 0 1 0 0 1 0 0 ]
Last = [ 0 0 0 1 0 0 0 0 1 0 0 1 0 0 1 ]
nS = 1
S = [ 0 1 2 3 4 5 6 7 8 9 10 11 12 13 14 ]
