n = 15 ; 
T = 288 ; 
Init = [ 0 0 0 1 0 1 1 1 1 1 1 1 0 0 0 ]
L = [ 9 9 9 17 19 8 8 8 8 10 10 10 5 18 18 ]
l = [ 9 9 9 17 19 8 8 8 8 10 10 10 5 18 18 ]
Pmin = [ 45 45 45 94 98 38 38 38 38 52 52 52 22 96 96 ]
Pmax = [ 152 152 152 357 411 119 119 119 119 176 176 176 46 401 401 ]
cf = [ 51.3666 51.3666 51.3666 8.2406 55.9423 54.8402 54.8402 54.8402 54.8402 59.7164 59.7164 59.7164 44.9789 48.6053 48.6053 ]
c0 = [ 123 123 123 240 250 119 119 119 119 144 144 144 84 250 250 ]
cp = [ 27.3361 27.3361 27.3361 26.2471 9.98926 22.5584 22.5584 22.5584 22.5584 29.3304 29.3304 29.3304 41.7294 9.04012 9.04012 ]
D = [ 869 889 985 1099 1145 1152 1277 1297 1414 1531 1610 1593 1748 1797 1901 1943 1963 2074 2143 2184 2270 2379 2424 2536 2538 2480 2381 2217 2217 2130 1987 1885 1746 1628 1569 1745 1780 1993 2116 2197 2333 2140 1932 1706 1491 1315 1059 916 692 773 889 891 970 1142 1242 1209 1336 1432 1480 1586 1721 1702 1845 1950 2057 2038 2159 2276 2375 2471 2452 2578 2621 2595 2473 2392 2272 2109 2008 1891 1849 1658 1583 1766 1771 1941 2009 2180 2364 2067 1930 1712 1436 1237 1042 791 675 727 835 891 930 1064 1108 1214 1232 1390 1439 1497 1564 1676 1742 1859 1919 2036 2093 2191 2259 2310 2343 2424 2490 2433 2375 2321 2136 2129 2020 1852 1816 1734 1666 1691 1889 2009 2184 2319 2394 2214 2004 1865 1594 1493 1267 1099 912 978 1071 1050 1151 1283 1294 1357 1474 1533 1654 1659 1743 1880 1950 2022 2078 2152 2166 2233 2288 2353 2463 2608 2638 2461 2425 2335 2197 2029 1974 1829 1777 1619 1503 1620 1787 1995 2104 2314 2385 2191 1981 1835 1581 1370 1222 952 827 820 959 1050 1119 1157 1223 1237 1333 1490 1565 1617 1647 1688 1755 1842 1963 1966 2096 2100 2217 2278 2353 2459 2450 2420 2357 2184 2202 2110 1925 1904 1857 1739 1616 1744 1771 1944 2015 2067 2202 2009 1772 1598 1497 1256 1098 925 689 836 901 974 1024 1126 1182 1228 1355 1355 1442 1539 1626 1629 1787 1833 1941 1938 2030 2124 2187 2284 2334 2459 2453 2338 2283 2186 2132 1994 1845 1734 1671 1636 1525 1681 1795 1910 2039 2207 2371 2182 1920 1764 1629 1451 1269 1045 ]
K = 7
nk = [ 1 1 1 2 3 4 4 4 4 5 5 5 6 7 7 ]
First = [ 1 0 0 1 1 1 0 0 0 1 0 0 1 1 0 ]
Last = [ 0 0 1 1 1 0 0 0 1 0 0 1 1 0 1 ]
nS = 1
S = [ 0 1 2 3 4 5 6 7 8 9 10 11 12 13 14 ]
