n = 15 ; 
T = 288 ; 
Init = [ 1 1 1 0 0 0 0 0 0 1 1 1 1 1 1 ]
L = [ 5 5 5 19 19 19 19 19 19 9 9 9 9 9 9 ]
l = [ 5 5 5 19 19 19 19 19 19 9 9 9 9 9 9 ]
Pmin = [ 17 17 17 100 100 100 100 100 100 44 44 44 44 44 44 ]
Pmax = [ 51 51 51 399 399 399 399 399 399 172 172 172 172 172 172 ]
cf = [ 8.58894 8.58894 8.58894 45.9859 45.9859 45.9859 45.9859 45.9859 45.9859 68.9855 68.9855 68.9855 68.9855 68.9855 68.9855 ]
c0 = [ 62 62 62 250 250 250 250 250 250 134 134 134 134 134 134 ]
cp = [ 40.2608 40.2608 40.2608 15.8958 15.8958 15.8958 15.8958 15.8958 15.8958 34.631 34.631 34.631 34.631 34.631 34.631 ]
D = [ 1028 1177 1257 1338 1442 1529 1590 1645 1805 1770 1961 1925 2119 2218 2204 2402 2364 2477 2574 2633 2809 2843 2890 2988 3123 2978 2802 2680 2583 2514 2396 2248 2099 1974 1820 1977 2142 2252 2521 2616 2748 2605 2348 2072 1941 1726 1562 1307 1122 1189 1186 1290 1454 1459 1596 1679 1697 1816 1879 2046 2142 2203 2232 2279 2451 2559 2579 2678 2743 2844 2883 2946 3096 3020 2746 2738 2594 2433 2290 2180 2002 1915 1682 1883 2018 2280 2480 2548 2703 2498 2265 2048 1821 1677 1422 1282 1047 1036 1094 1276 1268 1453 1480 1589 1621 1672 1736 1816 1910 2009 2057 2104 2236 2329 2364 2508 2586 2621 2754 2761 2902 2790 2716 2578 2414 2417 2194 2220 2134 1892 1879 1940 2183 2209 2445 2499 2642 2368 2214 2021 1768 1585 1361 1163 867 948 1021 1108 1215 1394 1418 1628 1684 1691 1916 1974 2069 2079 2248 2379 2493 2584 2583 2787 2802 2972 3000 3054 3221 3044 2924 2819 2731 2521 2473 2243 2161 1947 1850 2035 2159 2245 2400 2484 2623 2426 2134 1934 1794 1573 1409 1142 984 942 1133 1168 1280 1353 1433 1610 1624 1748 1833 1907 2066 2212 2286 2264 2441 2475 2611 2662 2760 2911 3035 3127 3183 3014 2854 2765 2651 2397 2334 2206 1959 1848 1662 1857 2008 2087 2223 2437 2546 2335 2049 1886 1727 1563 1284 1066 868 934 1005 1183 1235 1363 1430 1517 1585 1671 1800 1904 1949 1996 2116 2248 2296 2351 2458 2498 2612 2759 2842 2852 2922 2792 2726 2709 2520 2436 2298 2224 2120 1966 1842 1948 2082 2328 2435 2551 2652 2443 2217 2061 1813 1477 1367 1082 ]
K = 3
nk = [ 1 1 1 2 2 2 2 2 2 3 3 3 3 3 3 ]
First = [ 1 0 0 1 0 0 0 0 0 1 0 0 0 0 0 ]
Last = [ 0 0 1 0 0 0 0 0 1 0 0 0 0 0 1 ]
nS = 1
S = [ 0 1 2 3 4 5 6 7 8 9 10 11 12 13 14 ]
