n = 15 ; 
T = 288 ; 
Init = [ 0 0 0 0 0 0 0 1 1 1 1 1 1 1 1 ]
L = [ 18 18 18 18 18 18 18 7 7 6 6 6 6 6 9 ]
l = [ 18 18 18 18 18 18 18 7 7 6 6 6 6 6 9 ]
Pmin = [ 100 100 100 100 100 100 100 42 42 27 27 27 27 27 47 ]
Pmax = [ 387 387 387 387 387 387 387 131 131 79 79 79 79 79 176 ]
cf = [ 38.9452 38.9452 38.9452 38.9452 38.9452 38.9452 38.9452 41.4312 41.4312 43.501 43.501 43.501 43.501 43.501 12.6388 ]
c0 = [ 250 250 250 250 250 250 250 121 121 77 77 77 77 77 125 ]
cp = [ 9.96165 9.96165 9.96165 9.96165 9.96165 9.96165 9.96165 30.2823 30.2823 40.7821 40.7821 40.7821 40.7821 40.7821 35.2552 ]
D = [ 926 1013 1036 1102 1148 1257 1436 1547 1644 1652 1774 1843 1999 1984 2125 2258 2353 2338 2507 2530 2673 2685 2819 2956 3000 2868 2694 2600 2538 2362 2207 2136 1957 1735 1640 1832 1903 2029 2242 2320 2506 2270 2127 1897 1699 1465 1279 1086 844 1032 1086 1157 1164 1258 1402 1508 1581 1647 1707 1834 1940 1911 2111 2204 2250 2246 2386 2539 2594 2706 2720 2743 2870 2832 2658 2536 2439 2323 2217 2106 1953 1819 1696 1873 2015 2075 2276 2407 2592 2423 2110 1971 1832 1635 1364 1188 914 1116 1121 1175 1322 1466 1542 1550 1707 1791 1907 1907 1986 2133 2271 2264 2466 2447 2621 2712 2721 2816 2969 2982 3147 2967 2823 2758 2673 2560 2367 2308 2166 2030 1794 1992 2192 2367 2484 2610 2779 2531 2317 2084 1894 1586 1399 1179 868 1043 1062 1178 1334 1415 1429 1599 1612 1693 1847 1850 1963 2016 2204 2195 2350 2366 2510 2653 2690 2837 2882 2988 3042 2883 2728 2696 2553 2420 2243 2180 1992 1886 1709 1878 2052 2232 2340 2581 2753 2399 2169 1982 1734 1603 1318 1136 828 905 1015 1130 1184 1250 1355 1548 1568 1599 1735 1781 1907 2054 2117 2123 2220 2365 2386 2497 2639 2699 2790 2887 3030 2823 2743 2683 2575 2467 2321 2269 2149 2025 1858 1967 2227 2340 2413 2603 2802 2541 2308 2022 1819 1560 1334 1141 987 1015 1059 1109 1311 1265 1461 1526 1588 1702 1759 1809 1870 2026 2042 2206 2284 2339 2409 2455 2508 2663 2737 2760 2919 2689 2682 2579 2409 2342 2147 2040 1920 1830 1692 1829 2031 2143 2264 2448 2594 2456 2231 1981 1776 1487 1320 1112 ]
K = 4
nk = [ 1 1 1 1 1 1 1 2 2 3 3 3 3 3 4 ]
First = [ 1 0 0 0 0 0 0 1 0 1 0 0 0 0 1 ]
Last = [ 0 0 0 0 0 0 1 0 1 0 0 0 0 1 1 ]
nS = 1
S = [ 0 1 2 3 4 5 6 7 8 9 10 11 12 13 14 ]
