n = 15 ; 
T = 288 ; 
Init = [ 0 0 0 0 0 0 0 0 0 0 0 0 0 0 0 ]
L = [ 18 18 15 10 12 12 12 12 12 6 6 5 5 16 16 ]
l = [ 18 18 15 10 12 12 12 12 12 6 6 5 5 16 16 ]
Pmin = [ 89 89 84 55 63 63 63 63 63 18 18 21 21 92 92 ]
Pmax = [ 372 372 319 202 248 248 248 248 248 62 62 52 52 350 350 ]
cf = [ 7.98934 7.98934 21.9943 8.71174 40.5291 40.5291 40.5291 40.5291 40.5291 39.7673 39.7673 11.2098 11.2098 12.6492 12.6492 ]
c0 = [ 240 240 231 158 173 173 173 173 173 63 63 76 76 244 244 ]
cp = [ 14.8055 14.8055 13.6059 21.126 24.3948 24.3948 24.3948 24.3948 24.3948 35.4455 35.4455 39.9082 39.9082 20.8549 20.8549 ]
D = [ 1002 1024 1104 1152 1234 1338 1510 1492 1573 1645 1769 1822 1924 2019 2141 2241 2274 2400 2405 2561 2662 2720 2761 2855 2898 2865 2656 2541 2393 2348 2116 1973 1868 1771 1595 1783 2001 2209 2297 2514 2712 2447 2240 1926 1674 1507 1211 1048 839 922 935 1075 1077 1241 1361 1447 1507 1613 1585 1677 1872 1866 2011 2111 2166 2225 2357 2377 2458 2505 2639 2783 2763 2766 2543 2457 2324 2227 2110 2076 1840 1791 1676 1790 1976 2191 2444 2607 2707 2427 2313 1965 1734 1544 1213 1090 821 862 910 1088 1158 1234 1257 1343 1554 1520 1622 1761 1864 1902 2049 2189 2165 2297 2358 2435 2561 2655 2745 2787 2932 2804 2675 2579 2509 2408 2238 2140 1990 1916 1770 2007 2053 2247 2480 2648 2719 2429 2247 2069 1727 1466 1339 1021 734 830 921 1039 1118 1226 1250 1341 1391 1567 1621 1710 1715 1848 1965 2007 2080 2207 2301 2326 2378 2536 2600 2633 2770 2705 2573 2468 2317 2245 2095 1995 1938 1798 1598 1812 1972 2125 2348 2477 2587 2399 2153 1940 1804 1592 1340 1058 836 901 1101 1099 1278 1346 1439 1518 1546 1649 1781 1916 1927 1973 2104 2241 2347 2443 2526 2526 2595 2686 2769 2984 3042 2844 2756 2575 2533 2333 2208 2030 1943 1793 1661 1783 2007 2135 2248 2274 2416 2250 2136 1878 1669 1460 1250 1059 901 949 985 1186 1276 1260 1413 1432 1560 1664 1727 1834 1937 1996 2063 2169 2215 2319 2440 2517 2567 2626 2691 2729 2913 2778 2605 2566 2347 2288 2095 2062 1830 1727 1676 1852 1914 2058 2172 2416 2444 2333 2121 1827 1691 1464 1329 1020 ]
K = 7
nk = [ 1 1 2 3 4 4 4 4 4 5 5 6 6 7 7 ]
First = [ 1 0 1 1 1 0 0 0 0 1 0 1 0 1 0 ]
Last = [ 0 1 1 1 0 0 0 0 1 0 1 0 1 0 1 ]
nS = 1
S = [ 0 1 2 3 4 5 6 7 8 9 10 11 12 13 14 ]
