n = 15 ; 
T = 288 ; 
Init = [ 1 1 1 0 0 0 0 0 0 0 0 0 0 0 0 ]
L = [ 12 12 12 11 11 11 11 11 16 16 16 9 13 13 13 ]
l = [ 12 12 12 11 11 11 11 11 16 16 16 9 13 13 13 ]
Pmin = [ 62 62 62 54 54 54 59 59 83 83 83 51 65 65 65 ]
Pmax = [ 229 229 229 217 217 217 206 206 343 343 343 170 236 236 236 ]
cf = [ 60.8715 60.8715 60.8715 8.97366 8.97366 8.97366 30.6528 30.6528 53.0503 53.0503 53.0503 14.6035 28.0073 28.0073 28.0073 ]
c0 = [ 172 172 172 149 149 149 158 158 212 212 212 152 169 169 169 ]
cp = [ 23.6356 23.6356 23.6356 15.3346 15.3346 15.3346 27.7644 27.7644 25.8397 25.8397 25.8397 33.2942 29.3957 29.3957 29.3957 ]
D = [ 1025 1077 1213 1274 1335 1483 1544 1589 1689 1701 1870 1908 1947 2020 2110 2205 2310 2429 2516 2579 2605 2788 2849 2835 2983 2921 2803 2675 2506 2319 2235 2212 1996 1969 1781 1963 2129 2194 2341 2526 2669 2530 2297 2024 1877 1655 1396 1127 963 1093 1180 1244 1373 1451 1463 1670 1636 1743 1852 1908 2092 2228 2296 2391 2374 2473 2703 2768 2856 2887 3026 3113 3252 3109 2852 2725 2662 2535 2334 2186 2096 1888 1710 1939 1999 2170 2366 2444 2629 2496 2193 1979 1889 1706 1493 1292 1010 1111 1160 1264 1396 1460 1642 1641 1792 1821 2017 2100 2092 2228 2375 2395 2437 2518 2727 2691 2815 3010 3084 3080 3261 3114 2912 2849 2672 2489 2486 2325 2152 2108 1961 2079 2113 2308 2336 2575 2563 2369 2274 1982 1834 1648 1432 1237 1017 1054 1151 1234 1346 1364 1546 1606 1605 1756 1773 1858 1992 2008 2152 2216 2285 2402 2479 2562 2645 2784 2779 2883 3013 2967 2738 2631 2616 2433 2393 2246 2161 1987 1837 2051 2227 2299 2486 2722 2860 2604 2317 2129 1950 1722 1512 1317 1146 1117 1294 1370 1373 1411 1586 1666 1632 1774 1883 1935 2042 2061 2132 2300 2349 2352 2501 2513 2594 2773 2823 2896 2936 2825 2735 2591 2501 2430 2340 2180 2149 2010 1848 1985 2197 2375 2514 2613 2709 2534 2263 2043 1954 1676 1545 1281 1041 1122 1269 1343 1441 1550 1639 1626 1751 1787 1995 2088 2067 2128 2294 2313 2521 2502 2625 2717 2780 2887 2951 3088 3123 3056 2827 2788 2596 2515 2283 2229 2145 1973 1761 1962 2086 2298 2400 2563 2725 2448 2263 1963 1808 1557 1336 1156 ]
K = 6
nk = [ 1 1 1 2 2 2 3 3 4 4 4 5 6 6 6 ]
First = [ 1 0 0 1 0 0 1 0 1 0 0 1 1 0 0 ]
Last = [ 0 0 1 0 0 1 0 1 0 0 1 1 0 0 1 ]
nS = 1
S = [ 0 1 2 3 4 5 6 7 8 9 10 11 12 13 14 ]
