n = 15 ; 
T = 288 ; 
Init = [ 1 1 1 1 1 1 1 1 1 0 0 0 0 0 0 ]
L = [ 11 11 11 11 11 11 16 16 16 9 9 9 13 13 7 ]
l = [ 11 11 11 11 11 11 16 16 16 9 9 9 13 13 7 ]
Pmin = [ 60 60 60 60 60 60 83 83 83 43 43 43 72 72 33 ]
Pmax = [ 223 223 223 223 223 223 320 320 320 150 150 150 262 262 110 ]
cf = [ 8.27575 8.27575 8.27575 8.27575 8.27575 8.27575 20.3953 20.3953 20.3953 12.302 12.302 12.302 46.3749 46.3749 15.9352 ]
c0 = [ 164 164 164 164 164 164 230 230 230 133 133 133 198 198 98 ]
cp = [ 28.5459 28.5459 28.5459 28.5459 28.5459 28.5459 16.6923 16.6923 16.6923 31.3869 31.3869 31.3869 25.782 25.782 31.1089 ]
D = [ 741 798 847 983 1077 1200 1336 1352 1424 1579 1698 1715 1897 1999 2089 2205 2220 2334 2475 2532 2630 2697 2801 2971 2970 2898 2809 2603 2522 2391 2193 2068 1897 1788 1702 1786 1959 2035 2173 2187 2321 2162 1912 1812 1523 1402 1186 951 703 828 955 1043 1081 1139 1283 1327 1459 1617 1627 1787 1860 1970 2049 2079 2207 2316 2361 2396 2591 2601 2683 2823 2817 2791 2682 2494 2395 2250 2197 2033 1925 1775 1611 1859 1949 2112 2315 2449 2546 2323 2181 1915 1713 1562 1373 1211 943 980 1126 1145 1332 1276 1455 1484 1634 1635 1679 1802 1896 2040 2105 2079 2277 2329 2387 2427 2537 2665 2702 2725 2864 2739 2629 2535 2395 2191 2122 1961 1849 1710 1625 1762 1902 2058 2280 2490 2568 2365 2095 1934 1659 1374 1243 952 689 801 939 1017 1142 1172 1231 1273 1355 1511 1562 1627 1819 1852 1900 2091 2054 2155 2268 2395 2457 2505 2590 2734 2747 2708 2571 2463 2325 2272 2155 2012 1849 1784 1632 1750 1871 2069 2142 2259 2390 2243 2016 1932 1730 1464 1350 1159 942 1007 1087 1155 1196 1416 1460 1561 1643 1657 1843 1839 1949 2124 2111 2290 2275 2385 2566 2596 2671 2826 2846 2984 3082 2875 2728 2566 2537 2308 2210 2087 1968 1727 1583 1837 1878 2110 2241 2410 2568 2308 2167 1859 1686 1443 1225 1084 868 976 1084 1178 1278 1363 1431 1442 1568 1652 1818 1842 1922 2061 2114 2145 2269 2344 2522 2592 2598 2673 2777 2881 2944 2885 2745 2526 2472 2303 2096 1979 1831 1779 1532 1716 1982 2172 2278 2447 2633 2388 2198 1948 1619 1394 1222 927 ]
K = 5
nk = [ 1 1 1 1 1 1 2 2 2 3 3 3 4 4 5 ]
First = [ 1 0 0 0 0 0 1 0 0 1 0 0 1 0 1 ]
Last = [ 0 0 0 0 0 1 0 0 1 0 0 1 0 1 1 ]
nS = 1
S = [ 0 1 2 3 4 5 6 7 8 9 10 11 12 13 14 ]
