n = 15 ; 
T = 288 ; 
Init = [ 0 0 0 0 0 1 1 1 1 1 1 1 1 1 1 ]
L = [ 17 17 6 6 6 5 5 5 5 20 20 20 9 9 9 ]
l = [ 17 17 6 6 6 5 5 5 5 20 20 20 9 9 9 ]
Pmin = [ 89 89 33 33 33 27 27 27 27 100 100 100 47 47 47 ]
Pmax = [ 362 362 110 110 110 69 69 69 69 420 420 420 171 171 171 ]
cf = [ 7.63603 7.63603 62.2578 62.2578 62.2578 59.78 59.78 59.78 59.78 62.228 62.228 62.228 35.6995 35.6995 35.6995 ]
c0 = [ 245 245 98 98 98 93 93 93 93 250 250 250 139 139 139 ]
cp = [ 16.9141 16.9141 41.384 41.384 41.384 40.275 40.275 40.275 40.275 8.71809 8.71809 8.71809 35.2501 35.2501 35.2501 ]
D = [ 866 873 1020 1127 1178 1280 1240 1391 1387 1540 1536 1612 1749 1864 1945 2030 1999 2145 2189 2304 2359 2370 2462 2562 2591 2571 2402 2402 2252 2163 2025 1901 1869 1679 1587 1744 1794 1925 2034 2129 2339 2081 1891 1751 1658 1474 1220 1020 846 984 1084 1145 1215 1292 1305 1387 1427 1541 1568 1644 1768 1841 1854 1874 1944 2065 2183 2171 2278 2308 2379 2478 2553 2436 2309 2235 2135 2051 1929 1863 1849 1633 1559 1780 1931 2036 2147 2268 2418 2278 2074 1822 1686 1425 1247 1112 841 959 1055 1078 1165 1283 1301 1401 1368 1540 1597 1568 1639 1777 1884 1919 1905 1993 2039 2201 2276 2263 2358 2489 2491 2349 2295 2191 2025 1993 1912 1723 1619 1567 1459 1607 1713 1912 1969 2100 2281 2029 1891 1778 1598 1375 1231 1094 833 946 1002 1065 1227 1280 1280 1388 1464 1502 1608 1734 1767 1768 1871 1975 2027 2133 2164 2258 2270 2358 2441 2524 2636 2452 2451 2268 2211 2062 1929 1903 1796 1646 1612 1718 1798 1938 2081 2289 2396 2230 2024 1872 1636 1461 1217 962 751 844 900 1006 1077 1179 1332 1359 1431 1539 1563 1714 1768 1879 1968 2020 2132 2161 2303 2326 2351 2543 2532 2583 2733 2587 2493 2355 2179 2086 2007 1813 1732 1629 1460 1629 1681 1844 1959 2127 2194 2071 1880 1741 1525 1342 1175 991 913 971 1051 1075 1165 1233 1331 1455 1446 1600 1646 1659 1772 1855 1912 2056 2123 2216 2296 2290 2367 2481 2557 2625 2745 2611 2420 2410 2209 2150 1948 1837 1758 1683 1518 1572 1732 1833 1933 2130 2183 2078 1912 1701 1601 1415 1147 1036 ]
K = 5
nk = [ 1 1 2 2 2 3 3 3 3 4 4 4 5 5 5 ]
First = [ 1 0 1 0 0 1 0 0 0 1 0 0 1 0 0 ]
Last = [ 0 1 0 0 1 0 0 0 1 0 0 1 0 0 1 ]
nS = 1
S = [ 0 1 2 3 4 5 6 7 8 9 10 11 12 13 14 ]
