n = 15 ; 
T = 288 ; 
Init = [ 1 1 0 0 0 0 0 0 0 0 0 0 0 0 0 ]
L = [ 7 7 20 20 20 20 20 14 8 20 20 20 20 20 20 ]
l = [ 7 7 20 20 20 20 20 14 8 20 20 20 20 20 20 ]
Pmin = [ 33 33 100 100 100 100 100 82 46 100 100 100 100 100 100 ]
Pmax = [ 110 110 420 420 420 420 420 304 145 420 420 420 420 420 420 ]
cf = [ 57.378 57.378 68.5751 68.5751 68.5751 68.5751 68.5751 36.4944 55.1766 67.6612 67.6612 67.6612 67.6612 67.6612 67.6612 ]
c0 = [ 93 93 250 250 250 250 250 210 139 250 250 250 250 250 250 ]
cp = [ 30.4959 30.4959 8.12524 8.12524 8.12524 8.12524 8.12524 14.7603 34.3145 8.79618 8.79618 8.79618 8.79618 8.79618 8.79618 ]
D = [ 1177 1241 1448 1585 1810 1812 1987 2139 2341 2489 2587 2704 2890 2880 3059 3287 3289 3405 3731 3853 3949 4072 4077 4392 4382 4373 4023 3996 3725 3584 3360 3278 3067 2915 2622 2887 3198 3331 3612 3778 3924 3623 3226 2879 2645 2292 2037 1670 1317 1339 1583 1702 1761 1940 1963 2268 2399 2515 2573 2726 2936 3048 3092 3225 3408 3408 3688 3693 3842 3898 4216 4347 4482 4263 4065 3968 3702 3640 3378 3147 3190 2830 2800 2925 3191 3421 3509 3777 3992 3697 3253 3024 2711 2393 1956 1697 1415 1430 1730 1709 1900 2054 2142 2222 2276 2507 2581 2649 2802 3010 3141 3321 3416 3401 3593 3714 3789 3863 3992 4282 4240 4159 4049 3770 3628 3622 3304 3289 3177 3039 2881 3018 3302 3502 3809 4026 4125 3797 3583 3125 2885 2470 2071 1804 1397 1441 1589 1663 1961 1982 2066 2298 2366 2586 2647 2728 2943 2904 3031 3209 3239 3558 3596 3649 3894 4037 3989 4171 4265 4238 3945 3788 3634 3518 3338 3276 3083 2929 2820 2904 3173 3338 3322 3536 3800 3464 3167 2842 2556 2266 1785 1619 1164 1284 1591 1556 1749 1841 2017 2248 2313 2581 2562 2838 2939 3057 3232 3340 3495 3726 3728 3859 4106 4096 4254 4523 4556 4319 4266 4140 3770 3637 3492 3244 3091 2899 2687 2995 3163 3396 3582 3886 4035 3687 3329 2853 2482 2158 1861 1504 1020 1306 1318 1419 1631 1706 1839 2107 2226 2300 2392 2510 2773 2742 3020 3084 3231 3382 3375 3540 3698 3793 3953 4152 4315 4205 4045 3858 3747 3613 3416 3322 3131 3027 2691 2882 3023 3202 3317 3658 3780 3433 3125 2954 2657 2283 2046 1765 ]
K = 5
nk = [ 1 1 2 2 2 2 2 3 4 5 5 5 5 5 5 ]
First = [ 1 0 1 0 0 0 0 1 1 1 0 0 0 0 0 ]
Last = [ 0 1 0 0 0 0 1 1 1 0 0 0 0 0 1 ]
nS = 1
S = [ 0 1 2 3 4 5 6 7 8 9 10 11 12 13 14 ]
