n = 15 ; 
T = 288 ; 
Init = [ 0 0 0 0 0 0 0 0 1 1 1 1 1 1 0 ]
L = [ 19 19 19 8 8 8 8 7 14 14 14 9 9 9 6 ]
l = [ 19 19 19 8 8 8 8 7 14 14 14 9 9 9 6 ]
Pmin = [ 100 100 100 41 41 41 41 34 76 76 76 39 39 39 21 ]
Pmax = [ 406 406 406 161 161 161 161 112 301 301 301 139 139 139 73 ]
cf = [ 62.1115 62.1115 62.1115 29.2589 29.2589 29.2589 29.2589 27.1651 34.2987 34.2987 34.2987 52.6692 52.6692 52.6692 52.9983 ]
c0 = [ 250 250 250 112 112 112 112 109 213 213 213 126 126 126 79 ]
cp = [ 9.68267 9.68267 9.68267 32.3939 32.3939 32.3939 32.3939 29.9757 23.4624 23.4624 23.4624 28.944 28.944 28.944 40.4958 ]
D = [ 740 937 964 1053 1154 1145 1240 1414 1412 1560 1551 1637 1715 1836 1937 2054 2041 2116 2311 2293 2429 2503 2559 2596 2701 2612 2513 2435 2304 2208 2156 1992 1878 1773 1617 1763 1942 2040 2145 2377 2407 2204 1955 1765 1602 1374 1085 964 694 778 929 1009 1102 1147 1202 1306 1406 1538 1636 1602 1820 1796 1943 1993 2076 2186 2268 2368 2449 2560 2583 2654 2831 2743 2591 2470 2381 2135 2053 1939 1825 1672 1550 1725 1949 2079 2271 2371 2547 2351 2067 1840 1668 1444 1179 868 728 836 876 1012 1091 1131 1300 1388 1467 1509 1605 1787 1829 1937 2045 2188 2192 2373 2394 2571 2569 2734 2840 2848 2984 2915 2724 2591 2458 2294 2151 2025 1873 1808 1587 1725 1911 2070 2334 2503 2607 2352 2221 2020 1777 1523 1369 1168 920 996 1036 1156 1179 1358 1349 1481 1520 1657 1775 1752 1807 1893 2022 2066 2248 2240 2354 2497 2574 2568 2684 2723 2779 2704 2586 2423 2310 2274 2166 2024 1849 1700 1597 1795 1906 2144 2258 2462 2622 2390 2241 1991 1764 1527 1376 1115 966 1019 1075 1112 1304 1322 1369 1514 1547 1576 1670 1812 1861 1980 2061 2041 2102 2213 2316 2355 2529 2594 2616 2630 2755 2689 2550 2459 2405 2284 2199 2057 1913 1943 1762 1944 1990 2123 2241 2379 2465 2273 2014 1746 1597 1343 1115 951 701 831 843 934 1023 1178 1312 1380 1412 1503 1660 1686 1828 1923 2019 2050 2152 2276 2417 2410 2628 2718 2781 2828 2908 2814 2650 2536 2459 2393 2285 2173 2009 1820 1705 1933 2066 2118 2321 2528 2578 2366 2163 2052 1842 1642 1469 1267 ]
K = 6
nk = [ 1 1 1 2 2 2 2 3 4 4 4 5 5 5 6 ]
First = [ 1 0 0 1 0 0 0 1 1 0 0 1 0 0 1 ]
Last = [ 0 0 1 0 0 0 1 1 0 0 1 0 0 1 1 ]
nS = 1
S = [ 0 1 2 3 4 5 6 7 8 9 10 11 12 13 14 ]
