n = 15 ; 
T = 288 ; 
Init = [ 0 0 0 0 1 1 1 0 0 0 0 0 0 1 0 ]
L = [ 8 16 16 16 19 19 19 12 12 12 12 12 12 16 18 ]
l = [ 8 16 16 16 19 19 19 12 12 12 12 12 12 16 18 ]
Pmin = [ 45 80 80 80 100 100 100 63 63 63 63 63 63 87 100 ]
Pmax = [ 155 327 327 327 420 420 420 230 230 230 230 230 230 357 399 ]
cf = [ 22.8192 58.1912 58.1912 58.1912 38.6221 38.6221 38.6221 51.6024 51.6024 51.6024 51.6024 51.6024 51.6024 40.0078 47.3114 ]
c0 = [ 120 212 212 212 250 250 250 174 174 174 174 174 174 237 250 ]
cp = [ 33.0462 12.7004 12.7004 12.7004 8.50188 8.50188 8.50188 20.5826 20.5826 20.5826 20.5826 20.5826 20.5826 14.2414 15.6388 ]
D = [ 993 1187 1266 1472 1439 1617 1703 1836 1959 2082 2259 2355 2399 2520 2652 2844 2986 3052 3181 3308 3445 3448 3702 3705 3852 3741 3553 3426 3132 2974 2924 2676 2596 2326 2168 2510 2693 2894 3071 3441 3649 3342 2964 2554 2251 2071 1736 1458 1076 1179 1201 1369 1446 1686 1723 1806 1976 2110 2094 2339 2477 2576 2594 2706 2753 2914 3005 3243 3342 3340 3593 3647 3808 3657 3353 3248 3145 2946 2902 2623 2597 2463 2240 2348 2691 2743 3004 3224 3480 3136 2831 2635 2279 2062 1685 1446 1140 1296 1410 1469 1653 1810 1917 2052 2133 2291 2369 2466 2550 2718 2778 2895 3125 3206 3198 3362 3417 3673 3759 3877 4034 3870 3627 3374 3196 3052 2929 2697 2595 2289 2183 2340 2629 2706 3064 3138 3439 3084 2828 2423 2121 1810 1589 1219 927 1130 1214 1301 1437 1625 1710 1878 1937 2147 2208 2317 2597 2619 2822 2801 2985 3067 3332 3460 3583 3561 3865 3976 4031 3782 3727 3437 3348 3186 2992 2853 2587 2530 2352 2447 2622 2754 3072 3180 3395 3008 2822 2552 2242 1951 1715 1462 1155 1191 1265 1507 1481 1619 1764 1931 2048 2046 2301 2355 2530 2520 2752 2699 2830 2991 3157 3181 3254 3430 3605 3667 3705 3645 3570 3346 3133 2999 2809 2802 2593 2365 2308 2486 2627 2765 2998 3146 3353 3082 2887 2511 2301 2045 1686 1496 1208 1308 1388 1660 1655 1844 1872 2068 2217 2209 2347 2420 2687 2812 2835 3050 3036 3197 3246 3418 3659 3608 3845 3924 3970 3824 3684 3595 3447 3156 3103 2837 2710 2438 2325 2395 2694 2811 2958 3108 3280 3052 2762 2505 2285 1901 1741 1571 ]
K = 6
nk = [ 1 2 2 2 3 3 3 4 4 4 4 4 4 5 6 ]
First = [ 1 1 0 0 1 0 0 1 0 0 0 0 0 1 1 ]
Last = [ 1 0 0 1 0 0 1 0 0 0 0 0 1 1 1 ]
nS = 1
S = [ 0 1 2 3 4 5 6 7 8 9 10 11 12 13 14 ]
