n = 20 ; 
T = 192 ; 
Init = [ 0 0 1 1 1 1 1 1 1 0 0 1 1 1 1 1 1 1 1 1 ]
L = [ 9 9 15 15 15 15 15 15 15 16 16 12 19 19 4 4 4 4 4 4 ]
l = [ 9 9 15 15 15 15 15 15 15 16 16 12 19 19 4 4 4 4 4 4 ]
Pmin = [ 52 52 87 87 87 87 87 85 85 90 90 57 100 100 17 17 17 17 17 17 ]
Pmax = [ 183 183 327 327 327 327 327 315 315 358 358 224 420 420 51 51 51 51 51 51 ]
cf = [ 23.2644 23.2644 46.6541 46.6541 46.6541 46.6541 46.6541 40.2817 40.2817 45.878 45.878 61.974 39.0632 39.0632 7.80785 7.80785 7.80785 7.80785 7.80785 7.80785 ]
c0 = [ 147 147 225 225 225 225 225 216 216 247 247 156 250 250 64 64 64 64 64 64 ]
cp = [ 26.3236 26.3236 19.6809 19.6809 19.6809 19.6809 19.6809 29.5783 29.5783 18.0296 18.0296 14.679 15.2796 15.2796 39.9397 39.9397 39.9397 39.9397 39.9397 39.9397 ]
D = [ 1356 1457 1740 1802 1934 1943 2201 2215 2394 2480 2542 2653 2834 3020 2998 3197 3380 3436 3609 3578 3679 3916 4080 4031 4216 4105 3749 3629 3481 3143 3096 2920 2565 2496 2263 2517 2556 2869 3018 3308 3401 3215 2840 2717 2411 2087 1857 1617 1383 1388 1598 1730 1767 1867 2051 2138 2389 2408 2527 2720 2705 2874 3089 3181 3294 3406 3575 3578 3768 3890 4039 4169 4325 3999 3883 3630 3558 3304 3072 2924 2744 2601 2277 2564 2575 2867 2931 3262 3263 3086 2871 2496 2367 2059 1844 1520 1251 1388 1448 1654 1678 1864 2001 2152 2298 2289 2452 2646 2694 2784 3007 2987 3159 3354 3351 3416 3655 3724 3919 3919 4032 3873 3715 3633 3478 3331 3155 2845 2718 2485 2452 2569 2743 2878 3029 3231 3429 3189 2844 2537 2270 2030 1774 1561 1261 1290 1425 1624 1665 1700 1915 1980 2010 2274 2383 2350 2564 2623 2785 2779 3011 3019 3233 3305 3425 3412 3487 3636 3824 3714 3541 3383 3276 3142 3018 2804 2781 2497 2376 2581 2708 2989 3153 3204 3454 3203 2886 2638 2339 2079 1906 1544 ]
K = 7
nk = [ 1 1 2 2 2 2 2 3 3 4 4 5 6 6 7 7 7 7 7 7 ]
First = [ 1 0 1 0 0 0 0 1 0 1 0 1 1 0 1 0 0 0 0 0 ]
Last = [ 0 1 0 0 0 0 1 0 1 0 1 1 0 1 0 0 0 0 0 1 ]
nS = 1
S = [ 0 1 2 3 4 5 6 7 8 9 10 11 12 13 14 15 16 17 18 19 ]
