n = 20 ; 
T = 192 ; 
Init = [ 1 1 1 1 1 0 0 0 1 1 1 1 1 0 1 0 1 1 1 0 ]
L = [ 14 14 14 14 14 7 7 6 18 18 18 18 18 19 13 15 9 9 9 12 ]
l = [ 14 14 14 14 14 7 7 6 18 18 18 18 18 19 13 15 9 9 9 12 ]
Pmin = [ 75 75 75 75 75 33 33 33 98 98 98 98 98 100 72 75 43 43 43 63 ]
Pmax = [ 301 301 301 301 301 99 99 88 389 389 389 389 389 420 267 284 139 139 139 233 ]
cf = [ 26.3811 26.3811 26.3811 26.3811 26.3811 35.8622 35.8622 58.1595 55.5568 55.5568 55.5568 55.5568 55.5568 13.9647 60.0991 9.66797 9.13897 9.13897 9.13897 64.2375 ]
c0 = [ 204 204 204 204 204 91 91 102 250 250 250 250 250 250 198 206 119 119 119 172 ]
cp = [ 21.7166 21.7166 21.7166 21.7166 21.7166 26.442 26.442 38.271 12.122 12.122 12.122 12.122 12.122 16.5632 15.348 19.9092 17.8915 17.8915 17.8915 33.2982 ]
D = [ 1599 1542 1789 1979 1947 2255 2229 2444 2613 2793 2867 2978 3201 3273 3357 3463 3711 3871 3945 4061 4236 4326 4343 4553 4767 4585 4216 4136 3857 3520 3472 3192 2878 2730 2507 2743 3055 3387 3705 4054 4218 3838 3527 3142 2915 2556 2144 1818 1397 1461 1734 1798 1922 2116 2118 2334 2482 2634 2752 2969 3113 3183 3213 3406 3510 3605 3893 3972 4110 4154 4362 4495 4696 4380 4197 3944 3854 3736 3540 3129 2940 2881 2614 2888 3150 3439 3794 4069 4159 3852 3563 3231 2858 2464 1975 1571 1383 1454 1597 1601 1907 2000 2116 2292 2393 2515 2705 2736 2794 2985 3220 3294 3353 3591 3697 3821 3928 4075 4199 4285 4530 4297 3994 3949 3629 3481 3381 3045 2836 2746 2496 2650 2925 3063 3261 3504 3846 3378 3225 2983 2574 2308 2008 1740 1476 1468 1708 1824 1922 2096 2300 2445 2498 2560 2689 2846 3066 3139 3360 3507 3568 3822 3886 3992 4177 4298 4508 4727 4846 4516 4303 4038 3945 3631 3566 3274 3026 2847 2530 2936 3058 3501 3697 3946 4096 3863 3496 3094 2794 2293 1897 1732 ]
K = 9
nk = [ 1 1 1 1 1 2 2 3 4 4 4 4 4 5 6 7 8 8 8 9 ]
First = [ 1 0 0 0 0 1 0 1 1 0 0 0 0 1 1 1 1 0 0 1 ]
Last = [ 0 0 0 0 1 0 1 1 0 0 0 0 1 1 1 1 0 0 1 1 ]
nS = 1
S = [ 0 1 2 3 4 5 6 7 8 9 10 11 12 13 14 15 16 17 18 19 ]
