n = 20 ; 
T = 192 ; 
Init = [ 1 0 0 1 1 1 0 0 0 0 0 0 0 1 1 0 0 0 1 1 ]
L = [ 13 6 9 9 9 9 18 18 18 5 5 5 5 7 7 4 19 19 8 5 ]
l = [ 13 6 9 9 9 9 18 18 18 5 5 5 5 7 7 4 19 19 8 5 ]
Pmin = [ 74 30 53 53 53 53 90 90 90 16 16 16 16 37 37 16 100 100 37 20 ]
Pmax = [ 285 90 187 191 191 191 366 366 366 48 48 48 48 110 110 45 420 420 128 58 ]
cf = [ 23.9478 19.1739 42.625 19.5967 19.5967 19.5967 27.6574 27.6574 27.6574 11.3811 11.3811 11.3811 11.3811 26.282 26.282 37.2204 10.2936 10.2936 7.96542 20.6977 ]
c0 = [ 199 100 157 147 147 147 232 232 232 60 60 60 60 107 107 69 250 250 116 73 ]
cp = [ 23.5832 30.6167 25.0879 29.2806 29.2806 29.2806 10.0729 10.0729 10.0729 38.08 38.08 38.08 38.08 30.8831 30.8831 40.9353 8.75592 8.75592 20.1612 35.424 ]
D = [ 806 812 973 1076 1231 1278 1412 1408 1509 1590 1753 1816 1932 2121 2120 2230 2301 2498 2496 2615 2789 2808 3003 2988 3111 2989 2849 2836 2579 2543 2462 2312 2183 2016 1869 2040 2062 2195 2411 2436 2550 2367 2190 2006 1764 1637 1465 1194 1018 1083 1184 1314 1364 1429 1575 1564 1674 1795 1928 1995 2095 2132 2253 2219 2353 2530 2492 2641 2689 2814 2917 3036 3036 2872 2817 2695 2627 2518 2389 2215 2235 2124 1996 2060 2157 2319 2435 2558 2608 2443 2217 1952 1740 1550 1315 1154 993 1052 1106 1280 1393 1436 1502 1616 1639 1790 1884 1906 2039 2227 2229 2405 2444 2599 2559 2646 2788 2845 2933 3099 3134 3043 2945 2755 2631 2466 2321 2183 2132 1949 1744 2039 2130 2373 2539 2710 2862 2720 2361 2094 1898 1597 1264 1015 759 858 961 964 1104 1155 1320 1433 1478 1643 1695 1842 1941 1952 2003 2158 2297 2331 2451 2570 2667 2641 2838 2904 2966 2827 2718 2675 2552 2376 2252 2140 2119 2005 1803 1954 2073 2366 2537 2606 2823 2561 2294 2125 1781 1621 1365 1215 ]
K = 11
nk = [ 1 2 3 4 4 4 5 5 5 6 6 6 6 7 7 8 9 9 10 11 ]
First = [ 1 1 1 1 0 0 1 0 0 1 0 0 0 1 0 1 1 0 1 1 ]
Last = [ 1 1 1 0 0 1 0 0 1 0 0 0 1 0 1 1 0 1 1 1 ]
nS = 1
S = [ 0 1 2 3 4 5 6 7 8 9 10 11 12 13 14 15 16 17 18 19 ]
