n = 20 ; 
T = 192 ; 
Init = [ 1 1 1 1 1 0 0 0 0 0 0 0 1 1 1 1 1 1 1 1 ]
L = [ 18 18 18 18 18 14 14 14 14 14 14 14 14 14 14 14 14 14 14 14 ]
l = [ 18 18 18 18 18 14 14 14 14 14 14 14 14 14 14 14 14 14 14 14 ]
Pmin = [ 98 98 98 98 98 78 78 78 78 78 78 78 78 78 78 78 78 78 78 78 ]
Pmax = [ 396 396 396 396 396 301 301 301 301 301 301 301 286 286 286 286 286 286 286 286 ]
cf = [ 51.7285 51.7285 51.7285 51.7285 51.7285 32.0693 32.0693 32.0693 32.0693 32.0693 32.0693 32.0693 49.8371 49.8371 49.8371 49.8371 49.8371 49.8371 49.8371 49.8371 ]
c0 = [ 245 245 245 245 245 213 213 213 213 213 213 213 197 197 197 197 197 197 197 197 ]
cp = [ 9.68424 9.68424 9.68424 9.68424 9.68424 18.8506 18.8506 18.8506 18.8506 18.8506 18.8506 18.8506 17.7688 17.7688 17.7688 17.7688 17.7688 17.7688 17.7688 17.7688 ]
D = [ 1908 2044 2102 2371 2609 2725 2752 2911 3098 3196 3523 3483 3744 3912 4100 4301 4250 4473 4515 4851 4896 5071 5332 5330 5428 5303 4985 4736 4451 4422 4176 3833 3532 3448 2967 3309 3744 3950 4298 4514 4922 4473 4033 3578 3400 2997 2336 1955 1689 1926 1955 2055 2221 2503 2566 2696 2980 3202 3280 3472 3716 3827 3891 4035 4186 4412 4655 4767 4964 5162 5251 5455 5657 5354 4961 4891 4545 4380 3973 3695 3602 3316 2973 3173 3551 3907 4074 4572 4731 4414 4031 3619 3249 3021 2589 2205 1855 2010 1976 2175 2449 2602 2713 2824 2828 3173 3193 3422 3427 3614 3678 4005 4071 4088 4287 4399 4654 4804 4911 5046 5129 4882 4626 4641 4322 4044 3848 3639 3632 3265 3117 3430 3517 3780 4067 4275 4490 4268 3667 3358 2931 2511 2136 1638 1264 1409 1623 1843 1930 2101 2454 2459 2632 2717 2913 3170 3305 3572 3676 3833 3891 4216 4347 4589 4718 4690 4911 5025 5283 5048 4919 4651 4553 4406 3987 3995 3829 3460 3268 3490 3848 4056 4373 4739 4868 4523 4034 3694 3197 2902 2300 1952 ]
K = 3
nk = [ 1 1 1 1 1 2 2 2 2 2 2 2 3 3 3 3 3 3 3 3 ]
First = [ 1 0 0 0 0 1 0 0 0 0 0 0 1 0 0 0 0 0 0 0 ]
Last = [ 0 0 0 0 1 0 0 0 0 0 0 1 0 0 0 0 0 0 0 1 ]
nS = 1
S = [ 0 1 2 3 4 5 6 7 8 9 10 11 12 13 14 15 16 17 18 19 ]
