n = 20 ; 
T = 192 ; 
Init = [ 0 0 0 0 0 0 0 0 0 0 0 0 0 0 0 0 1 1 1 1 ]
L = [ 5 5 6 6 6 6 6 13 5 5 5 6 6 6 6 6 6 6 6 6 ]
l = [ 5 5 6 6 6 6 6 13 5 5 5 6 6 6 6 6 6 6 6 6 ]
Pmin = [ 23 23 28 28 28 28 28 70 24 24 24 29 29 29 29 29 30 30 30 30 ]
Pmax = [ 58 58 84 84 84 84 84 254 73 73 73 89 89 89 89 89 88 88 88 88 ]
cf = [ 16.2898 16.2898 9.67096 9.67096 9.67096 9.67096 9.67096 54.0803 50.1129 50.1129 50.1129 29.3393 29.3393 29.3393 29.3393 29.3393 46.2677 46.2677 46.2677 46.2677 ]
c0 = [ 78 78 93 93 93 93 93 182 70 70 70 91 91 91 91 91 93 93 93 93 ]
cp = [ 40.9698 40.9698 29.766 29.766 29.766 29.766 29.766 25.0543 36.6476 36.6476 36.6476 28.5592 28.5592 28.5592 28.5592 28.5592 34.4191 34.4191 34.4191 34.4191 ]
D = [ 419 471 563 560 604 681 709 745 800 896 908 983 1031 1043 1082 1166 1188 1223 1280 1348 1368 1433 1473 1500 1528 1448 1443 1329 1278 1205 1170 1080 1014 951 885 973 1024 1095 1173 1306 1355 1269 1155 1003 884 836 650 578 436 496 559 587 638 729 773 821 873 896 946 1005 1030 1081 1104 1187 1229 1298 1343 1343 1414 1496 1493 1560 1644 1566 1499 1405 1322 1285 1224 1131 1033 987 945 990 1055 1150 1194 1263 1332 1197 1095 1033 900 771 671 604 430 516 562 613 629 652 691 740 773 861 883 940 984 1053 1104 1101 1142 1192 1259 1276 1333 1376 1441 1480 1533 1461 1393 1345 1267 1151 1142 1078 1004 926 870 928 1060 1158 1222 1344 1413 1324 1183 1120 984 851 741 676 505 608 607 679 706 721 779 827 827 886 925 982 977 1052 1076 1147 1191 1171 1216 1282 1303 1324 1363 1434 1455 1449 1340 1295 1233 1194 1172 1078 1030 969 980 1039 1072 1148 1216 1283 1379 1190 1091 959 878 765 664 517 ]
K = 6
nk = [ 1 1 2 2 2 2 2 3 4 4 4 5 5 5 5 5 6 6 6 6 ]
First = [ 1 0 1 0 0 0 0 1 1 0 0 1 0 0 0 0 1 0 0 0 ]
Last = [ 0 1 0 0 0 0 1 1 0 0 1 0 0 0 0 1 0 0 0 1 ]
nS = 1
S = [ 0 1 2 3 4 5 6 7 8 9 10 11 12 13 14 15 16 17 18 19 ]
