n = 20 ; 
T = 192 ; 
Init = [ 1 1 1 1 0 0 0 0 0 0 0 0 0 0 0 1 1 1 1 1 ]
L = [ 7 7 7 7 18 18 15 15 15 15 8 8 8 8 8 8 10 10 10 10 ]
l = [ 7 7 7 7 18 18 15 15 15 15 8 8 8 8 8 8 10 10 10 10 ]
Pmin = [ 32 32 32 32 100 100 80 80 80 80 45 45 45 45 45 43 52 52 52 52 ]
Pmax = [ 98 98 98 98 411 411 332 332 332 332 155 155 155 155 155 132 183 183 183 183 ]
cf = [ 9.21557 9.21557 9.21557 9.21557 45.5834 45.5834 62.7135 62.7135 62.7135 62.7135 31.2103 31.2103 31.2103 31.2103 31.2103 65.53 41.2952 41.2952 41.2952 41.2952 ]
c0 = [ 107 107 107 107 250 250 220 220 220 220 135 135 135 135 135 127 139 139 139 139 ]
cp = [ 37.696 37.696 37.696 37.696 21.0652 21.0652 22.5267 22.5267 22.5267 22.5267 26.2158 26.2158 26.2158 26.2158 26.2158 37.0803 25.3942 25.3942 25.3942 25.3942 ]
D = [ 787 905 1089 1198 1253 1408 1547 1699 1732 1955 2031 2167 2300 2335 2424 2545 2682 2830 2974 2999 3187 3178 3338 3526 3542 3363 3337 3139 2913 2808 2608 2469 2368 2237 2093 2274 2357 2579 2797 2966 3129 2834 2548 2255 2048 1737 1449 1098 917 1028 1125 1281 1353 1406 1658 1779 1786 1887 2062 2259 2370 2372 2633 2612 2813 2888 3010 3205 3284 3400 3509 3565 3683 3607 3384 3242 3013 2874 2806 2638 2322 2231 2099 2244 2429 2605 2751 2990 3146 2913 2629 2343 1992 1848 1588 1317 1098 1167 1266 1349 1531 1490 1681 1727 1955 1980 2046 2186 2248 2452 2603 2667 2676 2891 2937 2972 3161 3181 3290 3427 3612 3443 3215 3133 2859 2827 2574 2517 2282 2188 1942 2141 2426 2622 2761 3001 3117 2917 2557 2332 2063 1748 1481 1282 1022 1139 1179 1279 1496 1448 1602 1781 1807 1899 2003 2097 2271 2376 2559 2565 2612 2838 2930 3046 3181 3149 3266 3354 3491 3429 3333 3163 2933 2816 2669 2609 2335 2290 2057 2215 2503 2638 2868 3077 3199 2988 2579 2328 2117 1952 1602 1333 ]
K = 6
nk = [ 1 1 1 1 2 2 3 3 3 3 4 4 4 4 4 5 6 6 6 6 ]
First = [ 1 0 0 0 1 0 1 0 0 0 1 0 0 0 0 1 1 0 0 0 ]
Last = [ 0 0 0 1 0 1 0 0 0 1 0 0 0 0 1 1 0 0 0 1 ]
nS = 1
S = [ 0 1 2 3 4 5 6 7 8 9 10 11 12 13 14 15 16 17 18 19 ]
