n = 20 ; 
T = 192 ; 
Init = [ 0 0 0 1 1 1 1 1 1 0 0 0 0 0 0 0 0 0 0 0 ]
L = [ 12 12 12 18 18 16 16 9 9 5 5 5 5 19 4 20 20 20 14 14 ]
l = [ 12 12 12 18 18 16 16 9 9 5 5 5 5 19 4 20 20 20 14 14 ]
Pmin = [ 65 65 65 99 99 87 87 47 47 20 20 20 20 98 20 100 100 100 70 70 ]
Pmax = [ 246 246 246 390 390 355 355 151 151 66 66 66 66 403 54 420 420 420 265 265 ]
cf = [ 11.8447 11.8447 11.8447 24.5596 24.5596 51.3315 51.3315 14.0919 14.0919 19.1894 19.1894 19.1894 19.1894 12.9099 39.5374 15.4626 15.4626 15.4626 24.1489 24.1489 ]
c0 = [ 173 173 173 250 250 223 223 123 123 68 68 68 68 250 81 250 250 250 187 187 ]
cp = [ 18.6328 18.6328 18.6328 10.5754 10.5754 23.7301 23.7301 28.7724 28.7724 41.5466 41.5466 41.5466 41.5466 8.95569 41.6828 8.22424 8.22424 8.22424 32.9006 32.9006 ]
D = [ 1191 1362 1486 1668 1804 1833 2089 2266 2381 2517 2509 2805 2825 2942 3064 3306 3381 3587 3737 3860 3919 4052 4274 4248 4379 4238 4073 3853 3725 3449 3316 2986 2946 2602 2519 2679 2831 3067 3270 3400 3639 3391 2972 2789 2522 2091 1813 1486 1309 1345 1510 1548 1821 1764 2076 2071 2283 2262 2417 2685 2781 2896 2913 3045 3161 3310 3480 3655 3693 3786 4002 4117 4239 4128 3883 3742 3599 3427 3126 3039 2778 2716 2341 2643 2814 3243 3414 3671 3953 3566 3177 2842 2444 2148 1819 1411 1095 1199 1356 1435 1476 1673 1791 2042 2119 2130 2301 2498 2516 2754 2886 2896 3069 3223 3279 3416 3532 3806 3895 4066 4160 3898 3850 3715 3445 3384 3081 2893 2808 2533 2498 2700 2869 2996 3322 3439 3650 3289 3147 2720 2468 2129 1786 1377 1226 1192 1337 1454 1539 1715 1930 2121 2161 2355 2427 2560 2684 2750 2844 3089 3072 3277 3526 3469 3652 3796 4009 3973 4094 4134 3819 3758 3517 3401 3190 3034 2958 2763 2596 2843 3063 3146 3456 3589 3738 3457 3060 2871 2529 2098 1825 1539 ]
K = 9
nk = [ 1 1 1 2 2 3 3 4 4 5 5 5 5 6 7 8 8 8 9 9 ]
First = [ 1 0 0 1 0 1 0 1 0 1 0 0 0 1 1 1 0 0 1 0 ]
Last = [ 0 0 1 0 1 0 1 0 1 0 0 0 1 1 1 0 0 1 0 1 ]
nS = 1
S = [ 0 1 2 3 4 5 6 7 8 9 10 11 12 13 14 15 16 17 18 19 ]
