n = 20 ; 
T = 192 ; 
Init = [ 0 0 1 0 0 0 0 0 1 1 1 0 0 0 0 1 1 1 1 1 ]
L = [ 19 19 14 5 5 5 5 16 15 17 17 6 6 6 6 9 9 9 8 8 ]
l = [ 19 19 14 5 5 5 5 16 15 17 17 6 6 6 6 9 9 9 8 8 ]
Pmin = [ 100 100 76 31 31 31 31 83 87 93 93 28 28 28 28 49 49 49 49 49 ]
Pmax = [ 410 410 298 81 81 81 81 336 323 350 350 103 103 103 103 161 161 161 169 169 ]
cf = [ 9.96315 9.96315 47.0665 34.3104 34.3104 34.3104 34.3104 24.3049 56.9641 35.3548 35.3548 35.0705 35.0705 35.0705 35.0705 16.4901 16.4901 16.4901 14.5446 14.5446 ]
c0 = [ 250 250 196 93 93 93 93 224 240 239 239 87 87 87 87 131 131 131 149 149 ]
cp = [ 10.3598 10.3598 22.5328 37.3573 37.3573 37.3573 37.3573 15.6558 23.3858 25.5134 25.5134 35.9881 35.9881 35.9881 35.9881 35.175 35.175 35.175 29.4923 29.4923 ]
D = [ 1208 1289 1317 1548 1574 1588 1659 1781 1923 1968 2012 2099 2305 2302 2384 2543 2634 2655 2803 2864 3043 3060 3137 3176 3344 3182 2999 2867 2814 2645 2605 2345 2330 2069 1951 2196 2343 2528 2806 3007 3149 2908 2632 2255 2083 1801 1494 1164 852 930 1076 1224 1250 1395 1459 1608 1683 1780 1884 1991 2100 2098 2323 2428 2514 2588 2645 2775 2860 2985 3068 3156 3260 3070 3027 2940 2839 2661 2541 2357 2318 2083 1945 2161 2459 2614 2717 2990 3141 2960 2628 2499 2215 2009 1723 1425 1169 1259 1471 1474 1649 1741 1770 1896 1996 2130 2185 2339 2464 2534 2626 2706 2841 2845 3037 3079 3164 3315 3324 3452 3567 3419 3295 3061 2895 2773 2646 2444 2313 2135 1836 2142 2319 2473 2644 2821 3009 2865 2667 2290 2116 1910 1673 1372 1204 1238 1321 1377 1458 1637 1697 1827 1886 1915 2083 2134 2195 2314 2350 2533 2629 2648 2827 2854 2911 2948 3037 3124 3321 3128 3093 2840 2846 2569 2457 2409 2240 2122 2043 2134 2214 2376 2508 2721 2823 2676 2331 2208 1930 1694 1504 1235 ]
K = 9
nk = [ 1 1 2 3 3 3 3 4 5 6 6 7 7 7 7 8 8 8 9 9 ]
First = [ 1 0 1 1 0 0 0 1 1 1 0 1 0 0 0 1 0 0 1 0 ]
Last = [ 0 1 1 0 0 0 1 1 1 0 1 0 0 0 1 0 0 1 0 1 ]
nS = 1
S = [ 0 1 2 3 4 5 6 7 8 9 10 11 12 13 14 15 16 17 18 19 ]
