n = 20 ; 
T = 192 ; 
Init = [ 1 1 1 1 1 1 0 0 0 0 0 1 1 0 0 0 0 0 0 0 ]
L = [ 13 13 13 14 14 14 14 14 11 11 11 9 9 7 7 7 7 12 12 12 ]
l = [ 13 13 13 14 14 14 14 14 11 11 11 9 9 7 7 7 7 12 12 12 ]
Pmin = [ 69 69 69 78 78 78 74 74 58 58 58 55 55 35 35 35 35 60 60 60 ]
Pmax = [ 260 260 260 295 295 295 290 290 226 226 226 191 191 110 110 110 110 235 235 235 ]
cf = [ 31.2034 31.2034 31.2034 30.4813 30.4813 30.4813 39.76 39.76 46.6606 46.6606 46.6606 7.14254 7.14254 39.759 39.759 39.759 39.759 59.9497 59.9497 59.9497 ]
c0 = [ 191 191 191 203 203 203 190 190 170 170 170 164 164 105 105 105 105 165 165 165 ]
cp = [ 33.0801 33.0801 33.0801 20.7204 20.7204 20.7204 26.4171 26.4171 25.6764 25.6764 25.6764 31.5848 31.5848 39.2749 39.2749 39.2749 39.2749 25.534 25.534 25.534 ]
D = [ 1240 1336 1515 1515 1661 1713 1884 2028 2106 2119 2329 2321 2391 2485 2624 2738 2839 2861 3134 3204 3262 3346 3473 3580 3639 3438 3352 3269 3153 2951 2704 2624 2418 2249 2247 2407 2510 2721 2924 3005 3307 3022 2751 2425 2311 2080 1766 1476 1311 1316 1468 1649 1714 1750 1961 1969 2082 2180 2307 2397 2459 2571 2768 2867 3009 3111 3160 3262 3341 3487 3544 3637 3716 3647 3416 3340 3197 3039 2873 2682 2603 2306 2192 2451 2641 2831 3172 3370 3554 3189 2822 2591 2234 1959 1545 1224 871 1013 1192 1362 1429 1510 1692 1757 2005 2153 2294 2400 2411 2589 2663 2821 2941 3169 3288 3371 3562 3600 3654 3898 4028 3793 3615 3486 3255 3103 3051 2778 2640 2462 2231 2545 2653 2812 2885 3113 3293 2959 2746 2568 2285 2019 1692 1580 1262 1278 1393 1631 1637 1791 1789 1991 2083 2154 2209 2469 2479 2505 2708 2711 2823 2911 3107 3141 3270 3364 3548 3666 3688 3597 3386 3268 3095 3037 2928 2779 2635 2539 2347 2580 2653 2830 2984 3225 3371 3045 2834 2455 2231 1942 1643 1428 ]
K = 7
nk = [ 1 1 1 2 2 2 3 3 4 4 4 5 5 6 6 6 6 7 7 7 ]
First = [ 1 0 0 1 0 0 1 0 1 0 0 1 0 1 0 0 0 1 0 0 ]
Last = [ 0 0 1 0 0 1 0 1 0 0 1 0 1 0 0 0 1 0 0 1 ]
nS = 1
S = [ 0 1 2 3 4 5 6 7 8 9 10 11 12 13 14 15 16 17 18 19 ]
