n = 20 ; 
T = 192 ; 
Init = [ 0 0 0 0 0 1 1 1 1 1 1 1 1 1 1 1 1 1 1 1 ]
L = [ 11 11 11 11 11 6 6 6 6 6 6 8 8 4 4 4 4 7 7 9 ]
l = [ 11 11 11 11 11 6 6 6 6 6 6 8 8 4 4 4 4 7 7 9 ]
Pmin = [ 60 60 60 60 60 26 26 26 26 26 26 42 42 20 20 20 20 35 35 49 ]
Pmax = [ 209 209 209 209 209 89 89 89 89 89 89 142 142 42 42 42 42 137 137 179 ]
cf = [ 34.0513 34.0513 34.0513 34.0513 34.0513 64.0037 64.0037 64.0037 64.0037 64.0037 64.0037 47.6815 47.6815 15.325 15.325 15.325 15.325 9.69103 9.69103 24.6836 ]
c0 = [ 173 173 173 173 173 77 77 77 77 77 77 111 111 78 78 78 78 98 98 137 ]
cp = [ 22.4139 22.4139 22.4139 22.4139 22.4139 34.3194 34.3194 34.3194 34.3194 34.3194 34.3194 33.6315 33.6315 41.5258 41.5258 41.5258 41.5258 28.169 28.169 35.6434 ]
D = [ 608 620 732 800 864 872 928 1038 1120 1125 1227 1233 1273 1426 1464 1501 1549 1578 1649 1775 1785 1906 1947 2033 2030 1983 1860 1807 1732 1635 1537 1456 1409 1263 1188 1349 1455 1581 1691 1818 1987 1736 1606 1450 1192 1038 858 686 546 580 654 714 809 816 885 967 1060 1132 1152 1283 1365 1423 1439 1525 1572 1692 1726 1801 1872 1931 2028 2125 2184 2029 1959 1868 1786 1755 1635 1507 1441 1326 1288 1338 1449 1501 1663 1698 1852 1708 1548 1359 1204 1091 919 741 571 667 667 785 802 901 1029 1007 1076 1168 1270 1316 1361 1514 1573 1572 1690 1785 1840 1873 1967 1991 2127 2166 2178 2122 1985 1874 1805 1667 1597 1542 1431 1291 1187 1334 1438 1505 1660 1765 1854 1700 1537 1458 1289 1116 967 848 749 794 828 886 999 1025 1119 1197 1257 1301 1373 1398 1440 1552 1573 1674 1735 1753 1836 1879 1969 2011 2121 2174 2204 2080 1972 1924 1882 1788 1670 1578 1468 1422 1327 1338 1426 1533 1661 1649 1738 1660 1494 1348 1221 1114 909 782 ]
K = 6
nk = [ 1 1 1 1 1 2 2 2 2 2 2 3 3 4 4 4 4 5 5 6 ]
First = [ 1 0 0 0 0 1 0 0 0 0 0 1 0 1 0 0 0 1 0 1 ]
Last = [ 0 0 0 0 1 0 0 0 0 0 1 0 1 0 0 0 1 0 1 1 ]
nS = 1
S = [ 0 1 2 3 4 5 6 7 8 9 10 11 12 13 14 15 16 17 18 19 ]
