n = 20 ; 
T = 192 ; 
Init = [ 1 1 0 0 0 1 1 0 0 1 1 1 1 1 1 1 1 1 0 0 ]
L = [ 14 14 18 18 18 10 8 18 18 15 16 16 16 18 18 15 15 15 13 13 ]
l = [ 14 14 18 18 18 10 8 18 18 15 16 16 16 18 18 15 15 15 13 13 ]
Pmin = [ 79 79 98 98 98 52 43 96 96 71 86 86 86 96 96 75 75 75 72 72 ]
Pmax = [ 307 307 396 396 396 191 142 393 393 295 333 333 333 387 387 303 303 303 270 270 ]
cf = [ 56.9103 56.9103 32.0329 32.0329 32.0329 48.2569 62.289 7.83557 7.83557 68.0455 26.9932 26.9932 26.9932 55.2899 55.2899 48.7369 48.7369 48.7369 10.4865 10.4865 ]
c0 = [ 205 205 247 247 247 154 128 246 246 184 215 215 215 241 241 197 197 197 193 193 ]
cp = [ 23.5249 23.5249 12.8158 12.8158 12.8158 28.7297 33.8991 9.64296 9.64296 24.9573 21.492 21.492 21.492 17.7638 17.7638 18.823 18.823 18.823 32.624 32.624 ]
D = [ 1375 1443 1707 1966 2122 2191 2468 2522 2915 2992 3080 3462 3628 3833 3930 4198 4399 4463 4786 4914 5172 5187 5465 5625 5862 5642 5315 4934 4876 4534 4135 3989 3788 3468 3139 3487 3888 4230 4447 4798 5032 4619 4117 3799 3147 2815 2323 1687 1302 1532 1695 1770 1933 2233 2252 2334 2753 2886 3027 3128 3193 3363 3546 3635 3960 4175 4179 4306 4492 4650 4855 5182 5320 5003 4733 4631 4351 4174 4019 3869 3760 3347 3368 3504 3987 4109 4421 4903 4996 4566 4266 3799 3376 3096 2555 2296 1730 2011 2119 2323 2530 2474 2852 2821 3064 3231 3287 3571 3698 3841 4046 4246 4397 4521 4766 4903 5141 5077 5463 5580 5647 5524 5163 5053 4791 4384 4243 3887 3596 3401 3343 3629 3747 4179 4271 4726 4906 4402 3974 3629 3105 2720 2154 1876 1302 1528 1600 1746 1855 2062 2191 2396 2706 2723 2882 2985 3189 3346 3536 3627 3846 3946 4187 4359 4491 4588 4953 4900 5148 5059 4664 4510 4319 4033 3885 3556 3591 3354 3008 3201 3476 3823 4057 4224 4425 4303 3799 3431 3046 2827 2389 2060 ]
K = 10
nk = [ 1 1 2 2 2 3 4 5 5 6 7 7 7 8 8 9 9 9 10 10 ]
First = [ 1 0 1 0 0 1 1 1 0 1 1 0 0 1 0 1 0 0 1 0 ]
Last = [ 0 1 0 0 1 1 1 0 1 1 0 0 1 0 1 0 0 1 0 1 ]
nS = 1
S = [ 0 1 2 3 4 5 6 7 8 9 10 11 12 13 14 15 16 17 18 19 ]
