n = 20 ; 
T = 192 ; 
Init = [ 1 1 0 0 1 1 1 0 0 0 0 0 0 1 1 1 1 1 1 0 ]
L = [ 18 18 10 10 7 7 7 5 5 5 5 19 19 19 19 13 13 13 13 8 ]
l = [ 18 18 10 10 7 7 7 5 5 5 5 19 19 19 19 13 13 13 13 8 ]
Pmin = [ 100 100 59 59 40 40 40 16 16 16 16 100 100 100 100 68 68 68 68 40 ]
Pmax = [ 387 387 214 214 133 133 133 53 53 53 53 404 404 411 411 260 260 260 260 132 ]
cf = [ 38.4316 38.4316 69.0981 69.0981 48.5168 48.5168 48.5168 9.43063 9.43063 9.43063 9.43063 54.4205 54.4205 55.9597 55.9597 7.87354 7.87354 7.87354 7.87354 68.8723 ]
c0 = [ 250 250 155 155 107 107 107 53 53 53 53 250 250 250 250 173 173 173 173 124 ]
cp = [ 9.53965 9.53965 22.8095 22.8095 39.039 39.039 39.039 38.674 38.674 38.674 38.674 9.72029 9.72029 12.76 12.76 13.3943 13.3943 13.3943 13.3943 35.0705 ]
D = [ 883 1038 1198 1247 1470 1557 1734 1863 2074 2136 2213 2428 2534 2605 2819 2984 3110 3159 3272 3438 3533 3606 3851 3909 4087 3868 3694 3497 3331 3145 3057 2855 2692 2447 2347 2448 2700 2817 3100 3246 3478 3263 2865 2628 2351 2220 1833 1550 1319 1553 1507 1699 1750 1865 2067 2105 2307 2296 2531 2662 2726 2879 2896 3078 3148 3313 3361 3476 3504 3761 3860 4018 3964 3944 3682 3571 3378 3128 2997 2929 2616 2512 2340 2517 2783 2884 3172 3343 3506 3249 2956 2587 2371 2167 1869 1611 1183 1396 1413 1512 1634 1893 1969 2010 2123 2302 2383 2562 2553 2799 2861 2941 3092 3128 3358 3352 3566 3712 3777 3888 4022 3820 3589 3537 3367 3187 3017 2866 2598 2330 2162 2434 2657 2798 2995 3032 3235 2959 2805 2446 2115 1907 1698 1402 1034 1216 1359 1427 1555 1639 1715 1841 1933 2035 2256 2258 2370 2508 2562 2645 2808 2913 3029 3184 3218 3428 3520 3615 3698 3512 3338 3345 3194 2915 2755 2773 2568 2443 2238 2363 2524 2781 2925 3071 3323 2967 2764 2408 2267 2012 1631 1361 ]
K = 8
nk = [ 1 1 2 2 3 3 3 4 4 4 4 5 5 6 6 7 7 7 7 8 ]
First = [ 1 0 1 0 1 0 0 1 0 0 0 1 0 1 0 1 0 0 0 1 ]
Last = [ 0 1 0 1 0 0 1 0 0 0 1 0 1 0 1 0 0 0 1 1 ]
nS = 1
S = [ 0 1 2 3 4 5 6 7 8 9 10 11 12 13 14 15 16 17 18 19 ]
