n = 20 ; 
T = 192 ; 
Init = [ 0 0 0 0 0 0 0 0 0 1 1 1 1 1 1 1 1 1 0 0 ]
L = [ 11 11 11 8 8 16 16 16 16 6 6 16 16 16 6 6 6 6 17 17 ]
l = [ 11 11 11 8 8 16 16 16 16 6 6 16 16 16 6 6 6 6 17 17 ]
Pmin = [ 58 58 58 37 37 92 92 92 92 29 29 84 84 84 25 25 25 25 85 85 ]
Pmax = [ 198 198 198 126 126 350 350 350 350 91 91 345 345 345 79 79 79 79 348 348 ]
cf = [ 24.0218 24.0218 24.0218 24.1759 24.1759 40.263 40.263 40.263 40.263 60.9803 60.9803 47.7902 47.7902 47.7902 33.6955 33.6955 33.6955 33.6955 58.2348 58.2348 ]
c0 = [ 160 160 160 109 109 233 233 233 233 81 81 221 221 221 86 86 86 86 232 232 ]
cp = [ 32.4092 32.4092 32.4092 39.3534 39.3534 9.89595 9.89595 9.89595 9.89595 32.738 32.738 14.5376 14.5376 14.5376 38.842 38.842 38.842 38.842 15.6147 15.6147 ]
D = [ 1115 1395 1432 1598 1641 1786 1809 2031 2043 2303 2309 2459 2610 2703 2742 2957 2960 3116 3213 3405 3497 3545 3611 3844 3869 3734 3554 3420 3300 2997 2861 2795 2478 2445 2252 2428 2630 2908 3014 3293 3539 3207 2836 2611 2258 1992 1688 1405 1075 1181 1298 1494 1592 1746 1815 1961 1972 2146 2327 2298 2451 2595 2736 2776 2994 3023 3098 3281 3415 3562 3689 3673 3814 3685 3474 3323 3286 3126 2886 2713 2545 2486 2392 2505 2604 2761 2905 3079 3116 2913 2710 2373 2199 1843 1611 1360 969 1152 1318 1374 1500 1668 1661 1781 1863 2015 2119 2295 2328 2580 2532 2758 2830 2991 3110 3247 3294 3343 3575 3712 3798 3613 3498 3324 3224 2954 2807 2806 2606 2513 2276 2410 2693 2836 2977 3229 3411 3073 2738 2548 2170 1854 1598 1358 1006 1110 1183 1280 1414 1635 1775 1782 2000 2104 2234 2324 2334 2600 2617 2773 2825 2918 3079 3267 3321 3409 3514 3727 3853 3556 3517 3230 3193 2938 2813 2619 2530 2361 2147 2428 2538 2701 2873 3084 3234 2966 2877 2467 2349 1981 1788 1427 ]
K = 7
nk = [ 1 1 1 2 2 3 3 3 3 4 4 5 5 5 6 6 6 6 7 7 ]
First = [ 1 0 0 1 0 1 0 0 0 1 0 1 0 0 1 0 0 0 1 0 ]
Last = [ 0 0 1 0 1 0 0 0 1 0 1 0 0 1 0 0 0 1 0 1 ]
nS = 1
S = [ 0 1 2 3 4 5 6 7 8 9 10 11 12 13 14 15 16 17 18 19 ]
