n = 20 ; 
T = 192 ; 
Init = [ 1 0 0 0 0 0 0 0 0 0 0 0 1 1 1 1 1 1 1 1 ]
L = [ 20 5 6 6 6 6 6 5 5 5 5 5 12 12 12 12 12 19 19 19 ]
l = [ 20 5 6 6 6 6 6 5 5 5 5 5 12 12 12 12 12 19 19 19 ]
Pmin = [ 100 27 34 34 34 34 34 25 25 25 25 25 57 57 57 57 57 100 100 100 ]
Pmax = [ 420 78 115 115 115 115 115 60 60 60 60 60 229 229 229 229 229 420 420 420 ]
cf = [ 50.3712 26.5323 41.5545 41.5545 41.5545 41.5545 41.5545 10.6464 10.6464 10.6464 10.6464 10.6464 52.4052 52.4052 52.4052 52.4052 52.4052 58.5222 58.5222 58.5222 ]
c0 = [ 250 87 94 94 94 94 94 90 90 90 90 90 154 154 154 154 154 250 250 250 ]
cp = [ 8.38466 40.4606 38.2568 38.2568 38.2568 38.2568 38.2568 40.4603 40.4603 40.4603 40.4603 40.4603 24.9635 24.9635 24.9635 24.9635 24.9635 9.36216 9.36216 9.36216 ]
D = [ 1138 1170 1284 1392 1380 1495 1595 1678 1677 1855 1886 2051 2073 2150 2255 2352 2384 2501 2560 2625 2726 2818 2947 3000 3149 2897 2823 2711 2638 2488 2340 2257 2056 1938 1880 2040 2258 2371 2681 2815 3022 2695 2478 2190 2008 1812 1537 1304 1040 1055 1175 1330 1392 1520 1572 1603 1703 1792 1893 1995 2147 2223 2358 2438 2488 2572 2674 2797 2911 2973 3163 3178 3214 3173 3029 2770 2726 2533 2384 2230 2109 1984 1741 1906 2134 2319 2421 2654 2833 2516 2331 1991 1807 1510 1306 1078 722 856 918 1120 1110 1214 1371 1469 1573 1576 1703 1833 1893 2016 2053 2127 2334 2434 2517 2511 2682 2831 2896 3025 3075 2964 2840 2745 2690 2532 2463 2254 2135 2033 1931 2088 2226 2417 2426 2573 2672 2505 2328 2032 1741 1506 1341 1161 900 959 1121 1137 1330 1352 1419 1560 1620 1736 1865 1928 2049 2210 2287 2322 2367 2466 2626 2737 2894 2992 3046 3050 3216 3090 3014 2850 2676 2528 2323 2222 2187 2047 1864 2058 2127 2351 2437 2619 2710 2478 2276 2192 1872 1801 1503 1281 ]
K = 6
nk = [ 1 2 3 3 3 3 3 4 4 4 4 4 5 5 5 5 5 6 6 6 ]
First = [ 1 1 1 0 0 0 0 1 0 0 0 0 1 0 0 0 0 1 0 0 ]
Last = [ 1 1 0 0 0 0 1 0 0 0 0 1 0 0 0 0 1 0 0 1 ]
nS = 1
S = [ 0 1 2 3 4 5 6 7 8 9 10 11 12 13 14 15 16 17 18 19 ]
