n = 20 ; 
T = 192 ; 
Init = [ 0 0 0 0 0 0 0 0 0 0 0 0 0 0 0 1 1 1 1 1 ]
L = [ 9 9 12 12 12 12 12 12 12 9 9 9 9 9 9 18 18 18 18 18 ]
l = [ 9 9 12 12 12 12 12 12 12 9 9 9 9 9 9 18 18 18 18 18 ]
Pmin = [ 42 42 63 63 63 63 63 63 63 41 41 41 41 41 41 100 100 100 100 100 ]
Pmax = [ 166 166 225 225 225 225 225 225 225 156 156 156 156 156 156 396 396 396 396 396 ]
cf = [ 8.12247 8.12247 44.1935 44.1935 44.1935 44.1935 44.1935 44.1935 44.1935 41.3913 41.3913 41.3913 41.3913 41.3913 41.3913 8.84888 8.84888 8.84888 8.84888 8.84888 ]
c0 = [ 118 118 182 182 182 182 182 182 182 111 111 111 111 111 111 250 250 250 250 250 ]
cp = [ 34.7713 34.7713 20.2935 20.2935 20.2935 20.2935 20.2935 20.2935 20.2935 26.6195 26.6195 26.6195 26.6195 26.6195 26.6195 11.3476 11.3476 11.3476 11.3476 11.3476 ]
D = [ 949 997 1242 1322 1411 1536 1694 1894 2010 2068 2271 2408 2360 2559 2696 2832 2868 3035 3100 3203 3406 3576 3708 3725 3869 3804 3546 3508 3232 3115 2959 2860 2667 2635 2493 2620 2749 2997 3200 3323 3699 3278 3097 2598 2446 2086 1793 1362 1192 1278 1427 1499 1671 1740 1880 2085 2151 2149 2313 2496 2504 2784 2895 2947 3036 3259 3291 3462 3619 3654 3788 3894 3946 3874 3695 3622 3407 3301 3042 2885 2745 2708 2502 2752 2809 2960 3294 3489 3518 3194 2943 2544 2188 1927 1652 1264 948 1068 1190 1396 1494 1506 1652 1800 1901 2047 2210 2237 2333 2563 2658 2723 2913 3020 3125 3317 3307 3532 3693 3748 3832 3650 3593 3358 3164 3119 2956 2763 2524 2361 2253 2558 2661 2955 3092 3369 3494 3384 3085 2702 2508 2182 1936 1618 1461 1501 1688 1843 1985 2099 2220 2283 2393 2481 2658 2765 2905 2979 2973 3192 3381 3436 3565 3718 3741 3947 3980 4137 4171 4055 3847 3786 3497 3278 3133 3096 2800 2726 2535 2616 2892 3057 3279 3354 3491 3324 2940 2652 2442 2129 1943 1612 ]
K = 4
nk = [ 1 1 2 2 2 2 2 2 2 3 3 3 3 3 3 4 4 4 4 4 ]
First = [ 1 0 1 0 0 0 0 0 0 1 0 0 0 0 0 1 0 0 0 0 ]
Last = [ 0 1 0 0 0 0 0 0 1 0 0 0 0 0 1 0 0 0 0 1 ]
nS = 1
S = [ 0 1 2 3 4 5 6 7 8 9 10 11 12 13 14 15 16 17 18 19 ]
