n = 20 ; 
T = 192 ; 
Init = [ 0 0 0 0 0 0 0 0 0 0 0 0 0 0 0 0 0 0 0 0 ]
L = [ 14 14 14 18 18 18 18 18 18 18 18 18 18 20 20 20 20 20 20 20 ]
l = [ 14 14 14 18 18 18 18 18 18 18 18 18 18 20 20 20 20 20 20 20 ]
Pmin = [ 76 76 76 100 100 100 100 100 100 100 100 100 100 100 100 100 100 100 100 100 ]
Pmax = [ 296 296 296 387 387 387 387 387 387 387 387 387 387 420 420 420 420 420 420 420 ]
cf = [ 16.5108 16.5108 16.5108 50.2302 50.2302 50.2302 50.2302 50.2302 50.2302 50.2302 50.2302 50.2302 50.2302 32.2704 32.2704 32.2704 32.2704 32.2704 32.2704 32.2704 ]
c0 = [ 193 193 193 250 250 250 250 250 250 250 250 250 250 250 250 250 250 250 250 250 ]
cp = [ 16.1384 16.1384 16.1384 15.2757 15.2757 15.2757 15.2757 15.2757 15.2757 15.2757 15.2757 15.2757 15.2757 9.03756 9.03756 9.03756 9.03756 9.03756 9.03756 9.03756 ]
D = [ 2134 2435 2396 2593 2803 2972 3224 3599 3680 3774 3995 4361 4560 4700 4973 5031 5195 5289 5755 5743 5942 6033 6383 6698 6812 6389 6243 5877 5732 5333 4966 4770 4478 4185 3992 4338 4644 4824 5350 5542 5930 5641 4857 4409 4066 3359 3083 2401 2160 2163 2352 2472 2917 3024 3280 3301 3631 3666 3984 3996 4120 4443 4727 4689 4888 5330 5339 5440 5903 5962 6218 6473 6446 6381 5882 5904 5448 5259 5055 4672 4604 4094 3950 4423 4729 4936 5242 5691 6052 5339 5078 4534 3957 3483 3022 2455 1871 2079 2412 2410 2683 2987 3094 3127 3483 3771 3686 4097 4189 4551 4627 4900 4926 5117 5418 5546 5676 5940 6306 6470 6472 6300 5965 5662 5343 5263 4699 4608 4235 4118 3832 4192 4531 4812 5011 5512 5888 5268 4833 4568 4117 3563 3071 2451 2082 2086 2542 2490 2753 2884 3107 3268 3429 3540 3921 3943 4054 4428 4421 4754 4958 5086 5118 5491 5662 5601 6001 6098 6332 6163 5756 5656 5282 5041 4798 4392 4287 4018 3692 3981 4589 4925 5199 5485 5756 5388 4979 4336 3858 3575 3090 2641 ]
K = 3
nk = [ 1 1 1 2 2 2 2 2 2 2 2 2 2 3 3 3 3 3 3 3 ]
First = [ 1 0 0 1 0 0 0 0 0 0 0 0 0 1 0 0 0 0 0 0 ]
Last = [ 0 0 1 0 0 0 0 0 0 0 0 0 1 0 0 0 0 0 0 1 ]
nS = 1
S = [ 0 1 2 3 4 5 6 7 8 9 10 11 12 13 14 15 16 17 18 19 ]
