n = 20 ; 
T = 192 ; 
Init = [ 1 1 1 0 0 0 0 0 0 0 0 0 0 0 0 0 0 0 0 1 ]
L = [ 9 9 9 18 18 4 4 4 11 11 11 11 11 11 11 11 11 11 11 7 ]
l = [ 9 9 9 18 18 4 4 4 11 11 11 11 11 11 11 11 11 11 11 7 ]
Pmin = [ 49 49 49 94 94 27 27 27 60 60 60 60 60 60 55 55 55 55 55 30 ]
Pmax = [ 183 183 183 387 387 67 67 67 208 208 208 208 208 208 217 217 217 217 217 93 ]
cf = [ 39.8058 39.8058 39.8058 47.8515 47.8515 15.4082 15.4082 15.4082 32.4477 32.4477 32.4477 32.4477 32.4477 32.4477 12.4981 12.4981 12.4981 12.4981 12.4981 28.443 ]
c0 = [ 149 149 149 250 250 83 83 83 166 166 166 166 166 166 147 147 147 147 147 87 ]
cp = [ 28.5911 28.5911 28.5911 9.28276 9.28276 39.4953 39.4953 39.4953 26.6251 26.6251 26.6251 26.6251 26.6251 26.6251 15.9142 15.9142 15.9142 15.9142 15.9142 36.2593 ]
D = [ 1114 1234 1381 1411 1511 1509 1747 1709 1784 1907 1977 2092 2137 2191 2423 2432 2581 2591 2721 2702 2841 2882 3011 3083 3203 3056 2894 2817 2684 2511 2364 2319 2182 1939 1839 2041 2192 2412 2648 2789 3047 2807 2516 2273 2002 1700 1381 1174 822 1022 1117 1214 1226 1376 1472 1601 1737 1761 1886 2068 2125 2260 2402 2487 2510 2603 2755 2808 3039 3062 3114 3314 3447 3308 3148 2865 2845 2633 2462 2289 2171 1990 1965 2069 2246 2366 2494 2700 2897 2663 2407 2173 1967 1748 1652 1363 1186 1163 1363 1442 1567 1633 1684 1746 1792 1977 2072 2085 2238 2272 2456 2565 2561 2629 2770 2907 2935 3059 3049 3232 3319 3171 2958 2830 2715 2612 2567 2431 2216 2123 1977 2122 2330 2471 2746 2910 3147 2821 2618 2312 2088 1821 1534 1376 1111 1205 1194 1318 1491 1486 1628 1673 1756 1896 2018 1983 2111 2185 2327 2403 2562 2677 2641 2731 2901 2975 3098 3101 3304 3158 3077 2933 2775 2603 2517 2405 2235 2203 2124 2151 2455 2543 2681 2817 2953 2727 2503 2282 2038 1863 1626 1290 ]
K = 6
nk = [ 1 1 1 2 2 3 3 3 4 4 4 4 4 4 5 5 5 5 5 6 ]
First = [ 1 0 0 1 0 1 0 0 1 0 0 0 0 0 1 0 0 0 0 1 ]
Last = [ 0 0 1 0 1 0 0 1 0 0 0 0 0 1 0 0 0 0 1 1 ]
nS = 1
S = [ 0 1 2 3 4 5 6 7 8 9 10 11 12 13 14 15 16 17 18 19 ]
