n = 20 ; 
T = 192 ; 
Init = [ 1 1 1 1 1 0 0 1 1 0 0 0 0 0 0 1 0 0 1 1 ]
L = [ 15 15 15 15 15 4 4 17 17 17 17 10 10 10 10 5 11 11 6 6 ]
l = [ 15 15 15 15 15 4 4 17 17 17 17 10 10 10 10 5 11 11 6 6 ]
Pmin = [ 82 82 82 82 82 24 24 88 88 89 89 52 52 52 52 28 59 59 26 26 ]
Pmax = [ 331 331 331 331 331 68 68 349 349 346 346 191 191 191 191 88 234 234 75 75 ]
cf = [ 12.203 12.203 12.203 12.203 12.203 7.25194 7.25194 64.44 64.44 68.9019 68.9019 12.9698 12.9698 12.9698 12.9698 7.31578 29.523 29.523 17.225 17.225 ]
c0 = [ 224 224 224 224 224 79 79 236 236 234 234 136 136 136 136 89 159 159 79 79 ]
cp = [ 12.283 12.283 12.283 12.283 12.283 41.036 41.036 22.8791 22.8791 15.4435 15.4435 34.1945 34.1945 34.1945 34.1945 33.267 21.5663 21.5663 35.7005 35.7005 ]
D = [ 1379 1456 1593 1739 1799 1961 2099 2144 2289 2440 2506 2635 2665 2881 2972 3183 3264 3259 3429 3576 3640 3871 3981 4082 4181 3912 3847 3637 3510 3312 3195 2905 2670 2575 2502 2553 2846 2951 3118 3256 3396 3066 2956 2564 2336 2015 1720 1458 1275 1353 1424 1491 1676 1894 2005 1977 2250 2242 2337 2500 2590 2752 2853 3065 3037 3293 3290 3397 3635 3704 3861 4056 4109 3992 3734 3534 3465 3179 3134 2923 2782 2502 2423 2528 2711 2989 3133 3283 3620 3272 2999 2654 2533 2242 1990 1721 1379 1421 1489 1676 1817 1856 1959 2172 2150 2213 2456 2512 2667 2635 2865 2919 3021 3207 3217 3243 3429 3552 3543 3710 3853 3766 3596 3368 3273 2966 2770 2704 2521 2291 2122 2351 2617 2822 2974 3302 3466 3290 2917 2665 2353 2106 1990 1677 1430 1594 1625 1753 1911 1879 2076 2090 2214 2324 2505 2562 2668 2868 2982 3082 3224 3270 3324 3548 3664 3725 3709 3836 4039 3872 3627 3411 3298 3230 2897 2724 2710 2485 2332 2512 2664 2745 3016 3182 3264 3010 2713 2565 2216 1923 1767 1450 ]
K = 8
nk = [ 1 1 1 1 1 2 2 3 3 4 4 5 5 5 5 6 7 7 8 8 ]
First = [ 1 0 0 0 0 1 0 1 0 1 0 1 0 0 0 1 1 0 1 0 ]
Last = [ 0 0 0 0 1 0 1 0 1 0 1 0 0 0 1 1 0 1 0 1 ]
nS = 1
S = [ 0 1 2 3 4 5 6 7 8 9 10 11 12 13 14 15 16 17 18 19 ]
