n = 20 ; 
T = 192 ; 
Init = [ 0 1 1 1 1 1 1 1 0 0 0 0 0 1 1 1 1 1 1 1 ]
L = [ 19 18 18 19 19 19 17 17 8 8 8 8 8 18 18 18 18 18 18 13 ]
l = [ 19 18 18 19 19 19 17 17 8 8 8 8 8 18 18 18 18 18 18 13 ]
Pmin = [ 100 99 99 100 100 100 89 89 40 40 40 40 40 99 99 99 99 99 99 69 ]
Pmax = [ 403 383 383 420 420 420 370 370 143 143 143 143 143 400 400 400 400 400 400 276 ]
cf = [ 39.3155 40.4667 40.4667 38.114 38.114 38.114 40.687 40.687 12.5944 12.5944 12.5944 12.5944 12.5944 42.7567 42.7567 42.7567 42.7567 42.7567 42.7567 60.6168 ]
c0 = [ 250 250 250 250 250 250 236 236 126 126 126 126 126 250 250 250 250 250 250 189 ]
cp = [ 12.9066 21.8148 21.8148 9.23676 9.23676 9.23676 10.7211 10.7211 29.2102 29.2102 29.2102 29.2102 29.2102 11.5695 11.5695 11.5695 11.5695 11.5695 11.5695 29.3583 ]
D = [ 1487 1545 1911 1950 2264 2435 2634 2691 2851 3062 3264 3550 3572 3852 4151 4311 4272 4473 4690 4992 5216 5288 5465 5594 5827 5462 5295 5050 4671 4462 4300 4005 3671 3430 3252 3329 3616 3998 4211 4475 4883 4422 3834 3389 3025 2553 2347 1761 1349 1468 1820 1840 2064 2181 2356 2644 2608 2761 2987 3244 3230 3525 3537 3897 3873 4142 4379 4579 4684 4898 4895 5213 5381 5101 4750 4530 4468 4127 4046 3672 3549 3395 3139 3332 3648 4184 4501 4618 4881 4501 3952 3540 3030 2593 2115 1680 1261 1392 1670 1929 1922 2193 2341 2469 2609 2857 3076 3275 3480 3588 3800 3975 4096 4121 4518 4453 4649 4828 4972 5187 5344 5137 5104 4940 4529 4302 4241 3984 3718 3502 3334 3627 3987 4271 4521 4851 4950 4513 4137 3536 3298 2701 2366 1817 1395 1369 1641 1998 2143 2191 2340 2723 2913 3009 3066 3244 3636 3714 3980 4123 4179 4503 4735 4818 4967 5061 5370 5647 5607 5417 5265 5166 4919 4512 4251 4183 3828 3654 3496 3534 3920 4159 4396 4525 4676 4219 4039 3570 3270 2909 2398 2233 ]
K = 7
nk = [ 1 2 2 3 3 3 4 4 5 5 5 5 5 6 6 6 6 6 6 7 ]
First = [ 1 1 0 1 0 0 1 0 1 0 0 0 0 1 0 0 0 0 0 1 ]
Last = [ 1 0 1 0 0 1 0 1 0 0 0 0 1 0 0 0 0 0 1 1 ]
nS = 1
S = [ 0 1 2 3 4 5 6 7 8 9 10 11 12 13 14 15 16 17 18 19 ]
