n = 20 ; 
T = 192 ; 
Init = [ 1 1 1 1 1 1 0 0 0 0 0 0 0 0 0 0 0 1 1 1 ]
L = [ 11 11 11 15 15 15 4 4 4 18 14 14 14 19 19 19 19 16 16 16 ]
l = [ 11 11 11 15 15 15 4 4 4 18 14 14 14 19 19 19 19 16 16 16 ]
Pmin = [ 52 52 52 79 79 79 16 16 16 91 75 75 75 94 94 94 94 85 85 85 ]
Pmax = [ 202 202 202 325 325 325 33 33 33 382 301 301 301 393 393 393 393 333 333 333 ]
cf = [ 16.2943 16.2943 16.2943 61.3783 61.3783 61.3783 56.9813 56.9813 56.9813 28.4219 48.0639 48.0639 48.0639 7.16404 7.16404 7.16404 7.16404 9.34468 9.34468 9.34468 ]
c0 = [ 143 143 143 215 215 215 70 70 70 248 208 208 208 250 250 250 250 234 234 234 ]
cp = [ 34.7665 34.7665 34.7665 23.0191 23.0191 23.0191 39.9423 39.9423 39.9423 10.1758 13.4962 13.4962 13.4962 11.7335 11.7335 11.7335 11.7335 16.2606 16.2606 16.2606 ]
D = [ 1337 1517 1671 1928 1992 2050 2391 2393 2657 2676 2968 3088 3115 3314 3362 3631 3776 3941 4083 4211 4265 4507 4592 4786 4936 4607 4405 4143 3935 3715 3562 3303 3120 2977 2610 3006 3214 3482 3514 3843 3986 3641 3420 3142 2852 2536 2162 1873 1619 1724 1894 2077 2195 2320 2511 2626 2591 2741 2888 3148 3147 3247 3495 3540 3673 3807 3997 4089 4308 4524 4632 4618 4765 4535 4398 4121 3891 3675 3427 3359 3113 2901 2660 2904 3188 3510 3735 4071 4408 3961 3516 3033 2774 2443 1871 1611 1228 1385 1516 1509 1750 1823 2027 2271 2317 2450 2668 2721 3055 3232 3282 3432 3548 3648 3849 4139 4193 4311 4519 4642 4808 4579 4413 4106 3975 3741 3619 3338 3109 2965 2745 3036 3247 3511 3672 3996 4240 3853 3463 3054 2690 2197 1784 1604 1086 1169 1316 1616 1736 1778 1928 2238 2362 2434 2717 2900 2955 3077 3240 3328 3602 3636 3959 4006 4255 4330 4396 4534 4800 4485 4319 4240 4044 3838 3518 3274 3219 2894 2796 2943 3186 3542 3625 3838 4114 3972 3640 3242 2848 2525 2284 1790 ]
K = 7
nk = [ 1 1 1 2 2 2 3 3 3 4 5 5 5 6 6 6 6 7 7 7 ]
First = [ 1 0 0 1 0 0 1 0 0 1 1 0 0 1 0 0 0 1 0 0 ]
Last = [ 0 0 1 0 0 1 0 0 1 1 0 0 1 0 0 0 1 0 0 1 ]
nS = 1
S = [ 0 1 2 3 4 5 6 7 8 9 10 11 12 13 14 15 16 17 18 19 ]
