n = 20 ; 
T = 192 ; 
Init = [ 0 0 0 0 0 0 1 1 1 0 0 0 0 0 0 0 0 0 0 1 ]
L = [ 16 16 16 16 16 16 10 10 10 17 7 17 17 14 14 14 14 14 14 14 ]
l = [ 16 16 16 16 16 16 10 10 10 17 7 17 17 14 14 14 14 14 14 14 ]
Pmin = [ 91 91 91 91 91 91 50 50 50 86 32 93 93 73 73 73 73 73 73 70 ]
Pmax = [ 349 349 349 349 349 349 192 192 192 348 114 379 379 291 291 291 291 291 291 288 ]
cf = [ 51.0129 51.0129 51.0129 51.0129 51.0129 51.0129 40.1441 40.1441 40.1441 26.289 13.8948 9.72454 9.72454 8.01186 8.01186 8.01186 8.01186 8.01186 8.01186 25.2648 ]
c0 = [ 231 231 231 231 231 231 145 145 145 223 99 236 236 188 188 188 188 188 188 193 ]
cp = [ 18.9633 18.9633 18.9633 18.9633 18.9633 18.9633 16.643 16.643 16.643 11.702 39.3429 15.1972 15.1972 24.3298 24.3298 24.3298 24.3298 24.3298 24.3298 22.4843 ]
D = [ 1371 1616 1669 1776 1890 2068 2389 2462 2588 2863 2920 3040 3143 3332 3559 3729 3811 3872 4007 4356 4301 4553 4690 4876 5084 4808 4441 4442 4060 3886 3563 3485 3170 2987 2868 2964 3258 3522 3778 4049 4202 3808 3491 3276 2921 2446 2252 1830 1611 1589 1778 1960 2027 2198 2453 2565 2631 2790 3042 3144 3165 3521 3451 3744 3891 4099 4079 4160 4382 4475 4768 4844 5072 4701 4680 4457 4193 3971 3734 3566 3415 3223 3094 3272 3514 3666 4049 4213 4381 4043 3574 3265 2903 2456 2060 1701 1272 1435 1682 1764 2098 2077 2324 2390 2560 2831 2937 3107 3202 3509 3470 3739 3977 4123 4108 4386 4440 4730 4785 5006 5040 4975 4816 4529 4182 4097 3814 3571 3490 3296 2977 3314 3420 3669 4151 4269 4630 4165 3875 3278 2960 2710 2223 1749 1325 1578 1718 1966 2039 2109 2463 2667 2670 2760 3099 3125 3349 3525 3631 3841 3997 4195 4266 4588 4654 4758 4921 5130 5379 5071 4786 4617 4348 4090 4025 3690 3523 3199 2951 3148 3423 3583 3822 4175 4264 4118 3773 3361 2991 2590 2464 2089 ]
K = 7
nk = [ 1 1 1 1 1 1 2 2 2 3 4 5 5 6 6 6 6 6 6 7 ]
First = [ 1 0 0 0 0 0 1 0 0 1 1 1 0 1 0 0 0 0 0 1 ]
Last = [ 0 0 0 0 0 1 0 0 1 1 1 0 1 0 0 0 0 0 1 1 ]
nS = 1
S = [ 0 1 2 3 4 5 6 7 8 9 10 11 12 13 14 15 16 17 18 19 ]
