n = 20 ; 
T = 192 ; 
Init = [ 0 0 0 0 0 0 0 0 1 1 1 0 0 0 0 0 1 1 1 1 ]
L = [ 4 4 4 4 4 7 7 7 15 15 15 5 5 12 12 12 19 19 9 9 ]
l = [ 4 4 4 4 4 7 7 7 15 15 15 5 5 12 12 12 19 19 9 9 ]
Pmin = [ 15 15 15 15 15 40 40 30 74 74 74 16 16 66 66 66 100 100 44 44 ]
Pmax = [ 32 32 32 32 32 129 129 115 307 307 307 48 48 249 249 249 420 420 173 173 ]
cf = [ 35.4352 35.4352 35.4352 35.4352 35.4352 23.2229 23.2229 36.8275 47.3564 47.3564 47.3564 22.222 22.222 63.2695 63.2695 63.2695 16.8772 16.8772 69.4308 69.4308 ]
c0 = [ 53 53 53 53 53 118 118 95 199 199 199 69 69 184 184 184 250 250 116 116 ]
cp = [ 40.0871 40.0871 40.0871 40.0871 40.0871 36.1372 36.1372 32.1056 26.6577 26.6577 26.6577 38.0202 38.0202 22.0222 22.0222 22.0222 9.77879 9.77879 21.855 21.855 ]
D = [ 958 910 999 1074 1281 1260 1382 1422 1571 1576 1701 1800 1843 1944 2015 2156 2167 2261 2397 2469 2573 2616 2721 2782 2837 2671 2562 2479 2327 2226 2151 1958 1866 1799 1599 1761 1998 2106 2227 2391 2563 2357 2031 1794 1608 1410 1234 976 810 803 934 964 1109 1277 1276 1441 1516 1581 1636 1764 1890 1960 2040 2127 2310 2407 2519 2580 2573 2672 2768 2926 3071 2911 2745 2629 2565 2319 2266 2182 1974 1818 1807 1897 2062 2064 2223 2369 2480 2266 2112 1782 1682 1374 1176 1025 785 877 907 987 1179 1220 1223 1434 1410 1594 1585 1671 1831 1930 1921 2101 2100 2255 2286 2422 2496 2548 2657 2775 2841 2676 2643 2545 2406 2318 2115 2005 1924 1806 1691 1833 1925 2122 2252 2374 2531 2353 2123 1863 1699 1515 1351 1100 799 1000 1025 1089 1231 1269 1306 1471 1557 1595 1653 1732 1906 1963 1992 2081 2125 2273 2377 2453 2444 2639 2623 2780 2882 2636 2559 2464 2369 2240 2107 2048 1901 1850 1774 1825 2008 2164 2438 2487 2739 2450 2235 2040 1726 1598 1271 1059 ]
K = 8
nk = [ 1 1 1 1 1 2 2 3 4 4 4 5 5 6 6 6 7 7 8 8 ]
First = [ 1 0 0 0 0 1 0 1 1 0 0 1 0 1 0 0 1 0 1 0 ]
Last = [ 0 0 0 0 1 0 1 1 0 0 1 0 1 0 0 1 0 1 0 1 ]
nS = 1
S = [ 0 1 2 3 4 5 6 7 8 9 10 11 12 13 14 15 16 17 18 19 ]
