n = 20 ; 
T = 192 ; 
Init = [ 1 1 1 1 1 1 1 1 0 0 1 0 0 0 0 0 0 0 0 0 ]
L = [ 17 17 17 17 17 17 17 17 15 15 19 12 12 12 12 12 12 12 9 9 ]
l = [ 17 17 17 17 17 17 17 17 15 15 19 12 12 12 12 12 12 12 9 9 ]
Pmin = [ 92 92 92 92 92 92 92 92 76 76 98 54 54 54 54 54 54 54 45 45 ]
Pmax = [ 367 367 367 367 367 367 367 367 309 309 405 217 217 217 217 217 217 217 152 152 ]
cf = [ 31.9556 31.9556 31.9556 31.9556 31.9556 31.9556 31.9556 31.9556 8.19437 8.19437 56.3978 33.4206 33.4206 33.4206 33.4206 33.4206 33.4206 33.4206 64.805 64.805 ]
c0 = [ 240 240 240 240 240 240 240 240 200 200 250 144 144 144 144 144 144 144 130 130 ]
cp = [ 12.3186 12.3186 12.3186 12.3186 12.3186 12.3186 12.3186 12.3186 10.6477 10.6477 12.1153 23.9963 23.9963 23.9963 23.9963 23.9963 23.9963 23.9963 32.9728 32.9728 ]
D = [ 1428 1657 1663 1827 1997 2314 2371 2453 2716 2689 2886 3118 3321 3514 3480 3631 3967 3932 4233 4350 4416 4713 4666 4975 5082 4824 4543 4387 4091 3786 3595 3489 3262 2925 2834 2906 3248 3574 3809 4032 4411 4073 3756 3335 3039 2769 2349 2006 1612 1706 2014 2121 2169 2323 2368 2575 2771 2944 2926 3019 3333 3341 3498 3629 3825 3927 4158 4128 4255 4409 4655 4624 4932 4615 4370 4187 4068 3857 3661 3543 3294 3041 2898 2994 3193 3623 3794 4056 4295 3947 3571 3162 2689 2337 1926 1748 1183 1372 1534 1700 1844 2022 2037 2170 2352 2447 2762 2891 3042 3222 3319 3438 3558 3686 3814 3955 4074 4161 4428 4564 4607 4498 4281 4045 3962 3725 3565 3393 3202 2832 2683 2949 3301 3479 3736 4127 4259 3818 3558 3059 2888 2351 2061 1636 1248 1442 1525 1852 2023 2064 2271 2400 2476 2704 2838 2969 3243 3383 3605 3797 3934 4057 4121 4427 4437 4613 4896 4980 5244 4841 4575 4505 4287 4059 3776 3405 3208 3077 2638 2922 3141 3450 3700 3832 3975 3664 3463 3185 2851 2478 2230 1871 ]
K = 5
nk = [ 1 1 1 1 1 1 1 1 2 2 3 4 4 4 4 4 4 4 5 5 ]
First = [ 1 0 0 0 0 0 0 0 1 0 1 1 0 0 0 0 0 0 1 0 ]
Last = [ 0 0 0 0 0 0 0 1 0 1 1 0 0 0 0 0 0 1 0 1 ]
nS = 1
S = [ 0 1 2 3 4 5 6 7 8 9 10 11 12 13 14 15 16 17 18 19 ]
