n = 20 ; 
T = 192 ; 
Init = [ 1 1 1 0 0 0 0 0 0 0 0 0 0 1 1 1 1 1 1 1 ]
L = [ 15 15 15 19 19 19 19 19 19 16 16 16 16 14 14 14 14 14 14 14 ]
l = [ 15 15 15 19 19 19 19 19 19 16 16 16 16 14 14 14 14 14 14 14 ]
Pmin = [ 85 85 85 100 100 100 100 100 100 80 80 80 80 75 75 75 75 75 75 76 ]
Pmax = [ 329 329 329 420 420 420 420 420 420 328 328 328 328 275 275 275 275 275 275 299 ]
cf = [ 25.5323 25.5323 25.5323 26.2902 26.2902 26.2902 26.2902 26.2902 26.2902 14.1523 14.1523 14.1523 14.1523 8.8742 8.8742 8.8742 8.8742 8.8742 8.8742 20.0636 ]
c0 = [ 227 227 227 250 250 250 250 250 250 222 222 222 222 194 194 194 194 194 194 197 ]
cp = [ 17.1928 17.1928 17.1928 8.99288 8.99288 8.99288 8.99288 8.99288 8.99288 11.6297 11.6297 11.6297 11.6297 25.5474 25.5474 25.5474 25.5474 25.5474 25.5474 24.7572 ]
D = [ 1535 1845 2042 2166 2273 2541 2537 2918 3133 3107 3536 3643 3767 3836 4179 4358 4400 4604 4975 5197 5339 5382 5770 5772 6086 5627 5475 5294 5017 4615 4442 4046 3766 3603 3145 3688 3967 4222 4687 4995 5307 4957 4397 4131 3662 3258 2713 2370 1885 2129 2342 2373 2472 2782 2815 3061 3206 3393 3637 3626 3904 4065 4250 4428 4430 4568 4703 5058 5068 5369 5417 5455 5643 5366 5306 4881 4728 4398 4170 4070 3824 3379 3152 3381 3622 4075 4391 4617 4828 4549 4196 3576 3299 2972 2372 1938 1671 1898 2020 2223 2374 2596 2628 2973 2951 3138 3492 3550 3764 3796 4085 4201 4539 4503 4821 5009 5021 5389 5429 5784 5951 5534 5246 5036 4780 4666 4375 4170 3838 3495 3318 3483 3980 4182 4519 4819 5035 4643 4189 3808 3544 3205 2767 2397 2003 2278 2434 2581 2818 2743 3156 3257 3413 3600 3620 3953 3943 4128 4417 4610 4591 4910 5048 5275 5236 5632 5692 5952 6006 5618 5522 5204 4826 4657 4335 4106 3774 3442 3193 3560 3887 4243 4545 4861 5238 4829 4478 3845 3454 2955 2347 2042 ]
K = 5
nk = [ 1 1 1 2 2 2 2 2 2 3 3 3 3 4 4 4 4 4 4 5 ]
First = [ 1 0 0 1 0 0 0 0 0 1 0 0 0 1 0 0 0 0 0 1 ]
Last = [ 0 0 1 0 0 0 0 0 1 0 0 0 1 0 0 0 0 0 1 1 ]
nS = 1
S = [ 0 1 2 3 4 5 6 7 8 9 10 11 12 13 14 15 16 17 18 19 ]
