n = 20 ; 
T = 192 ; 
Init = [ 0 0 0 0 0 0 1 1 1 1 1 1 0 0 0 0 0 0 1 1 ]
L = [ 7 7 7 7 7 7 12 12 12 12 12 12 5 5 5 5 5 5 18 18 ]
l = [ 7 7 7 7 7 7 12 12 12 12 12 12 5 5 5 5 5 5 18 18 ]
Pmin = [ 35 35 35 35 35 35 63 63 63 63 63 63 28 28 28 28 28 28 95 95 ]
Pmax = [ 100 100 100 100 100 100 241 241 241 241 241 241 67 67 67 67 67 67 394 394 ]
cf = [ 8.72793 8.72793 8.72793 8.72793 8.72793 8.72793 46.808 46.808 46.808 46.808 46.808 46.808 25.1871 25.1871 25.1871 25.1871 25.1871 25.1871 49.8163 49.8163 ]
c0 = [ 107 107 107 107 107 107 175 175 175 175 175 175 95 95 95 95 95 95 250 250 ]
cp = [ 37.0369 37.0369 37.0369 37.0369 37.0369 37.0369 25.8991 25.8991 25.8991 25.8991 25.8991 25.8991 38.6915 38.6915 38.6915 38.6915 38.6915 38.6915 13.0657 13.0657 ]
D = [ 880 927 1033 1073 1097 1239 1304 1406 1504 1490 1626 1623 1782 1772 1933 2041 2086 2186 2247 2252 2401 2455 2502 2558 2629 2510 2496 2348 2210 2072 2025 1861 1823 1677 1608 1793 1859 2054 2266 2483 2588 2328 2063 1849 1632 1453 1141 893 753 845 943 906 1091 1149 1212 1366 1356 1492 1586 1667 1712 1824 1932 2004 2031 2189 2328 2330 2459 2490 2639 2696 2779 2704 2501 2410 2252 2203 1999 1858 1815 1623 1488 1700 1896 2025 2175 2403 2452 2233 2078 1838 1644 1381 1256 1003 794 912 946 1018 1057 1125 1294 1410 1399 1553 1621 1673 1687 1807 1893 2003 2111 2134 2261 2366 2449 2421 2548 2583 2775 2679 2554 2444 2355 2166 2143 1995 1842 1771 1744 1754 1875 2010 2056 2214 2293 2185 1916 1787 1589 1454 1225 1054 921 1060 1129 1154 1272 1334 1375 1537 1550 1676 1789 1835 1907 1930 1996 2103 2200 2324 2408 2437 2460 2586 2714 2771 2837 2767 2604 2459 2411 2225 2088 1978 1853 1834 1670 1844 1939 2127 2253 2412 2516 2335 2120 2006 1768 1539 1324 1103 ]
K = 4
nk = [ 1 1 1 1 1 1 2 2 2 2 2 2 3 3 3 3 3 3 4 4 ]
First = [ 1 0 0 0 0 0 1 0 0 0 0 0 1 0 0 0 0 0 1 0 ]
Last = [ 0 0 0 0 0 1 0 0 0 0 0 1 0 0 0 0 0 1 0 1 ]
nS = 1
S = [ 0 1 2 3 4 5 6 7 8 9 10 11 12 13 14 15 16 17 18 19 ]
