n = 20 ; 
T = 192 ; 
Init = [ 1 1 0 0 1 1 1 1 1 0 0 0 1 0 0 0 0 0 0 0 ]
L = [ 12 12 13 14 18 18 18 18 18 11 11 11 10 12 12 12 12 12 20 20 ]
l = [ 12 12 13 14 18 18 18 18 18 11 11 11 10 12 12 12 12 12 20 20 ]
Pmin = [ 61 61 76 70 100 100 100 100 100 51 51 51 51 59 59 59 59 59 100 100 ]
Pmax = [ 230 230 284 289 413 413 413 413 413 199 199 199 196 238 238 238 238 238 420 420 ]
cf = [ 57.8622 57.8622 62.4278 25.0373 43.427 43.427 43.427 43.427 43.427 57.6297 57.6297 57.6297 49.9146 48.7386 48.7386 48.7386 48.7386 48.7386 23.8162 23.8162 ]
c0 = [ 161 161 201 180 250 250 250 250 250 145 145 145 133 169 169 169 169 169 250 250 ]
cp = [ 15.4722 15.4722 32.2564 18.6016 13.1485 13.1485 13.1485 13.1485 13.1485 35.322 35.322 35.322 20.9133 21.1352 21.1352 21.1352 21.1352 21.1352 8.20322 8.20322 ]
D = [ 1336 1477 1826 1799 1996 2219 2455 2433 2752 2821 2852 3142 3207 3380 3682 3841 3812 4036 4321 4267 4534 4706 4725 4978 5134 5038 4808 4453 4247 4107 3996 3662 3508 3354 3074 3422 3559 3820 3990 4291 4466 4096 3880 3313 2962 2656 2092 1793 1430 1493 1639 1909 1949 2186 2220 2566 2663 2809 2973 3124 3199 3458 3732 3816 3994 4080 4326 4534 4568 4884 4905 5033 5185 5140 4791 4504 4352 4041 3736 3579 3404 3082 2795 3036 3328 3689 4113 4339 4683 4197 3975 3555 3166 2818 2320 1946 1611 1774 1780 2023 2078 2276 2372 2595 2730 2911 2964 3257 3392 3389 3677 3639 3762 3979 4224 4238 4373 4575 4577 4740 5058 4739 4529 4485 4215 4063 3896 3770 3405 3342 3083 3313 3513 3891 4203 4400 4583 4128 3797 3296 2935 2517 2074 1699 1148 1402 1647 1690 1918 2066 2261 2285 2451 2705 2786 2837 3017 3307 3301 3602 3711 3881 4108 4187 4213 4363 4505 4774 4905 4741 4501 4365 4125 3963 3740 3524 3227 3097 2771 3292 3426 3884 4040 4425 4747 4400 4013 3694 3248 2940 2532 2043 ]
K = 8
nk = [ 1 1 2 3 4 4 4 4 4 5 5 5 6 7 7 7 7 7 8 8 ]
First = [ 1 0 1 1 1 0 0 0 0 1 0 0 1 1 0 0 0 0 1 0 ]
Last = [ 0 1 1 1 0 0 0 0 1 0 0 1 1 0 0 0 0 1 0 1 ]
nS = 1
S = [ 0 1 2 3 4 5 6 7 8 9 10 11 12 13 14 15 16 17 18 19 ]
