n = 20 ; 
T = 192 ; 
Init = [ 0 0 0 0 0 0 0 0 0 0 0 0 0 0 0 1 1 1 1 1 ]
L = [ 4 15 15 15 15 15 15 15 15 20 20 20 20 20 15 4 4 4 4 4 ]
l = [ 4 15 15 15 15 15 15 15 15 20 20 20 20 20 15 4 4 4 4 4 ]
Pmin = [ 22 88 88 88 88 88 88 88 88 100 100 100 100 100 86 16 16 16 16 16 ]
Pmax = [ 47 333 333 333 333 333 333 333 333 415 415 415 415 415 326 34 34 34 34 34 ]
cf = [ 34.4565 64.0651 64.0651 64.0651 64.0651 64.0651 64.0651 64.0651 64.0651 56.3091 56.3091 56.3091 56.3091 56.3091 27.8074 47.6369 47.6369 47.6369 47.6369 47.6369 ]
c0 = [ 85 232 232 232 232 232 232 232 232 250 250 250 250 250 232 70 70 70 70 70 ]
cp = [ 41.91 11.8555 11.8555 11.8555 11.8555 11.8555 11.8555 11.8555 11.8555 9.96657 9.96657 9.96657 9.96657 9.96657 23.8554 40.0566 40.0566 40.0566 40.0566 40.0566 ]
D = [ 1174 1241 1469 1689 1755 1889 2019 2184 2293 2538 2558 2887 2869 3016 3153 3389 3476 3623 3788 4082 4033 4381 4485 4537 4632 4498 4321 4206 3952 3713 3627 3288 3178 2959 2691 2863 2995 3285 3473 3563 3737 3519 3090 2820 2389 2158 1763 1480 1109 1257 1487 1622 1791 1893 1973 2103 2318 2469 2688 2883 2965 2978 3137 3341 3586 3668 3878 4014 4198 4247 4483 4545 4730 4444 4245 4021 3916 3606 3520 3340 3032 2818 2628 2766 3143 3310 3432 3667 4051 3688 3202 2964 2681 2208 2028 1633 1243 1350 1443 1734 1845 1917 2095 2310 2288 2490 2598 2778 2992 3019 3144 3306 3447 3587 3701 3818 4022 4236 4408 4478 4639 4428 4185 4032 3754 3562 3536 3282 3057 2986 2672 3005 3031 3342 3540 3617 3779 3438 3258 2988 2535 2342 1882 1642 1324 1371 1649 1640 1841 1943 2054 2250 2301 2556 2715 2881 3008 3102 3106 3356 3459 3563 3787 3869 3901 4175 4335 4493 4626 4327 4074 3925 3683 3622 3383 3233 3083 2776 2693 2787 3046 3116 3483 3658 3847 3535 3249 2939 2585 2379 1973 1798 ]
K = 5
nk = [ 1 2 2 2 2 2 2 2 2 3 3 3 3 3 4 5 5 5 5 5 ]
First = [ 1 1 0 0 0 0 0 0 0 1 0 0 0 0 1 1 0 0 0 0 ]
Last = [ 1 0 0 0 0 0 0 0 1 0 0 0 0 1 1 0 0 0 0 1 ]
nS = 1
S = [ 0 1 2 3 4 5 6 7 8 9 10 11 12 13 14 15 16 17 18 19 ]
