n = 20 ; 
T = 192 ; 
Init = [ 0 0 0 0 1 1 1 1 0 0 0 0 1 1 1 1 1 0 0 0 ]
L = [ 9 9 9 9 16 16 16 16 15 15 15 15 19 19 19 19 19 10 10 10 ]
l = [ 9 9 9 9 16 16 16 16 15 15 15 15 19 19 19 19 19 10 10 10 ]
Pmin = [ 50 50 50 50 90 90 90 90 81 81 81 81 97 97 97 97 97 51 51 51 ]
Pmax = [ 168 168 168 168 345 345 345 345 300 300 300 300 396 396 396 396 396 205 205 205 ]
cf = [ 44.028 44.028 44.028 44.028 7.12273 7.12273 7.12273 7.12273 39.1988 39.1988 39.1988 39.1988 55.4836 55.4836 55.4836 55.4836 55.4836 59.1669 59.1669 59.1669 ]
c0 = [ 142 142 142 142 246 246 246 246 209 209 209 209 250 250 250 250 250 147 147 147 ]
cp = [ 24.0726 24.0726 24.0726 24.0726 18.6049 18.6049 18.6049 18.6049 19.9892 19.9892 19.9892 19.9892 10.2882 10.2882 10.2882 10.2882 10.2882 33.8247 33.8247 33.8247 ]
D = [ 1297 1297 1521 1725 1874 2048 2063 2309 2368 2444 2703 2953 3004 3209 3222 3379 3510 3619 3972 4090 4220 4249 4535 4647 4800 4462 4438 4260 3964 3647 3618 3320 3091 2908 2902 3155 3480 3589 3943 4181 4455 4010 3674 3409 3024 2556 2068 1670 1467 1457 1615 1727 1887 2057 2300 2334 2669 2805 2803 2913 3236 3202 3351 3497 3764 3866 4000 4216 4376 4405 4630 4715 4884 4740 4584 4269 4094 3813 3730 3430 3225 2916 2814 3095 3284 3518 3918 4059 4279 3941 3690 3497 2975 2723 2294 2124 1791 1896 2042 2076 2240 2521 2594 2693 2872 2862 2970 3290 3393 3521 3535 3844 3878 4006 4040 4296 4498 4432 4725 4767 4833 4709 4440 4283 4148 3916 3755 3450 3191 3045 2875 3099 3319 3541 3732 4000 4314 3862 3464 3129 2908 2392 2001 1681 1420 1417 1669 1785 1953 2021 2207 2350 2697 2784 2874 3047 3170 3474 3622 3724 3975 4145 4084 4258 4406 4619 4947 4955 5152 4915 4624 4554 4263 4132 3753 3568 3274 3221 2991 3185 3284 3560 3971 4022 4459 3923 3578 3100 2709 2351 2049 1748 ]
K = 5
nk = [ 1 1 1 1 2 2 2 2 3 3 3 3 4 4 4 4 4 5 5 5 ]
First = [ 1 0 0 0 1 0 0 0 1 0 0 0 1 0 0 0 0 1 0 0 ]
Last = [ 0 0 0 1 0 0 0 1 0 0 0 1 0 0 0 0 1 0 0 1 ]
nS = 1
S = [ 0 1 2 3 4 5 6 7 8 9 10 11 12 13 14 15 16 17 18 19 ]
