n = 20 ; 
T = 192 ; 
Init = [ 1 0 0 0 0 1 1 1 1 1 1 1 1 0 0 0 0 0 1 0 ]
L = [ 13 20 17 17 13 8 8 17 17 17 18 18 18 11 11 11 11 11 14 17 ]
l = [ 13 20 17 17 13 8 8 17 17 17 18 18 18 11 11 11 11 11 14 17 ]
Pmin = [ 73 100 94 94 66 39 39 88 88 88 100 100 100 50 50 50 50 50 73 99 ]
Pmax = [ 293 420 358 358 259 142 142 367 367 367 407 407 407 199 199 199 199 199 285 385 ]
cf = [ 55.0256 54.8334 46.5603 46.5603 36.3663 13.6649 13.6649 13.6431 13.6431 13.6431 43.0258 43.0258 43.0258 19.0028 19.0028 19.0028 19.0028 19.0028 24.9739 12.2702 ]
c0 = [ 189 250 236 236 181 122 122 224 224 224 250 250 250 140 140 140 140 140 188 248 ]
cp = [ 24.3556 8.58244 16.2601 16.2601 13.9959 19.3005 19.3005 13.6089 13.6089 13.6089 8.93028 8.93028 8.93028 21.5397 21.5397 21.5397 21.5397 21.5397 33.1244 20.874 ]
D = [ 1620 1718 1942 2033 2331 2402 2382 2679 2719 2899 3110 3150 3202 3561 3623 3628 3936 3890 4005 4329 4293 4571 4737 4881 4995 4853 4617 4440 4192 4144 3816 3701 3379 3378 3219 3476 3589 3931 4111 4367 4515 4150 3690 3372 2993 2698 2250 1805 1565 1709 1907 2025 2113 2313 2363 2583 2874 2989 3066 3297 3434 3531 3638 3879 4158 4285 4437 4496 4786 4766 5068 5209 5363 4972 4865 4541 4277 4146 3880 3774 3389 3162 3013 3246 3509 3701 3756 4150 4297 3907 3535 3059 2845 2420 2026 1692 1110 1309 1502 1598 1924 2027 2094 2284 2595 2551 2829 2908 3189 3244 3371 3627 3759 4063 4012 4376 4453 4547 4841 4877 5198 4932 4761 4451 4134 4019 3748 3522 3444 3205 2913 3238 3419 3747 4100 4430 4553 4116 3696 3269 2964 2509 2177 1842 1379 1419 1766 1796 2114 2123 2284 2459 2645 2790 2859 3016 3318 3444 3516 3879 3853 3988 4207 4384 4502 4695 4970 5034 5297 5021 4796 4536 4292 4073 3840 3761 3423 3138 2930 3248 3548 3840 4173 4500 4777 4357 4021 3540 3087 2663 2385 1984 ]
K = 10
nk = [ 1 2 3 3 4 5 5 6 6 6 7 7 7 8 8 8 8 8 9 10 ]
First = [ 1 1 1 0 1 1 0 1 0 0 1 0 0 1 0 0 0 0 1 1 ]
Last = [ 1 1 0 1 1 0 1 0 0 1 0 0 1 0 0 0 0 1 1 1 ]
nS = 1
S = [ 0 1 2 3 4 5 6 7 8 9 10 11 12 13 14 15 16 17 18 19 ]
