n = 20 ; 
T = 192 ; 
Init = [ 1 1 1 1 1 1 1 1 1 1 0 0 1 1 0 0 0 0 1 1 ]
L = [ 8 8 8 13 13 13 16 10 10 10 9 9 6 6 8 17 17 17 16 16 ]
l = [ 8 8 8 13 13 13 16 10 10 10 9 9 6 6 8 17 17 17 16 16 ]
Pmin = [ 44 44 44 70 70 70 88 53 53 53 48 48 26 26 44 96 96 96 86 86 ]
Pmax = [ 140 140 140 253 253 253 333 184 184 184 176 176 83 83 136 367 367 367 332 332 ]
cf = [ 8.65249 8.65249 8.65249 10.8028 10.8028 10.8028 40.6962 12.1929 12.1929 12.1929 46.4228 46.4228 26.8874 26.8874 58.784 32.0248 32.0248 32.0248 46.1706 46.1706 ]
c0 = [ 130 130 130 178 178 178 226 150 150 150 138 138 90 90 135 240 240 240 227 227 ]
cp = [ 29.8778 29.8778 29.8778 30.5529 30.5529 30.5529 23.9104 30.0578 30.0578 30.0578 35.5139 35.5139 33.9058 33.9058 17.642 15.7766 15.7766 15.7766 18.9576 18.9576 ]
D = [ 1015 1197 1354 1394 1508 1589 1762 1882 2048 2140 2178 2288 2471 2612 2763 2863 3056 3171 3260 3363 3502 3585 3628 3816 3913 3847 3634 3394 3166 3057 2909 2685 2458 2345 2220 2356 2574 2692 2827 3090 3358 2935 2711 2387 2163 1789 1623 1292 948 1060 1208 1304 1562 1651 1699 1851 1971 2156 2261 2270 2510 2562 2777 2767 2944 3052 3120 3338 3508 3538 3639 3721 3871 3816 3514 3463 3166 3146 2966 2707 2497 2344 2238 2482 2612 2751 2845 2974 3175 2831 2604 2322 2088 1775 1540 1181 900 1156 1198 1422 1543 1523 1795 1885 2030 2032 2259 2238 2480 2622 2761 2812 2898 3015 3118 3311 3472 3566 3616 3736 3867 3726 3685 3515 3203 3156 2877 2733 2639 2459 2237 2453 2620 2680 2863 3053 3170 2883 2715 2558 2289 1958 1728 1423 1294 1338 1414 1473 1638 1706 1794 1895 2025 2132 2300 2413 2458 2513 2644 2778 2866 3037 3138 3183 3251 3439 3460 3620 3643 3534 3352 3301 3200 2963 2877 2713 2598 2485 2277 2346 2498 2755 2822 3003 3085 2991 2596 2394 2253 1887 1717 1382 ]
K = 9
nk = [ 1 1 1 2 2 2 3 4 4 4 5 5 6 6 7 8 8 8 9 9 ]
First = [ 1 0 0 1 0 0 1 1 0 0 1 0 1 0 1 1 0 0 1 0 ]
Last = [ 0 0 1 0 0 1 1 0 0 1 0 1 0 1 1 0 0 1 0 1 ]
nS = 1
S = [ 0 1 2 3 4 5 6 7 8 9 10 11 12 13 14 15 16 17 18 19 ]
