n = 20 ; 
T = 192 ; 
Init = [ 0 1 1 1 1 1 1 0 0 0 0 1 1 1 1 0 0 0 0 0 ]
L = [ 14 7 7 7 20 20 10 4 4 4 4 15 15 15 15 17 17 17 5 5 ]
l = [ 14 7 7 7 20 20 10 4 4 4 4 15 15 15 15 17 17 17 5 5 ]
Pmin = [ 78 32 32 32 100 100 50 22 22 22 22 77 77 77 77 88 88 88 28 28 ]
Pmax = [ 310 120 120 120 420 420 180 42 42 42 42 302 302 302 302 356 356 356 76 76 ]
cf = [ 39.574 50.3809 50.3809 50.3809 38.333 38.333 25.1653 36.0332 36.0332 36.0332 36.0332 64.7394 64.7394 64.7394 64.7394 36.4756 36.4756 36.4756 47.5611 47.5611 ]
c0 = [ 205 96 96 96 250 250 131 71 71 71 71 212 212 212 212 235 235 235 80 80 ]
cp = [ 12.9609 36.1107 36.1107 36.1107 8.8622 8.8622 30.1646 41.7848 41.7848 41.7848 41.7848 15.936 15.936 15.936 15.936 9.91742 9.91742 9.91742 41.0177 41.0177 ]
D = [ 1104 1178 1339 1369 1462 1522 1783 1906 1933 1987 2139 2245 2393 2404 2660 2647 2771 2966 2962 3165 3281 3345 3522 3527 3751 3532 3429 3292 3174 2921 2882 2701 2586 2427 2168 2317 2562 2566 2729 2893 3013 2830 2602 2373 2093 1841 1491 1226 1089 1185 1323 1333 1469 1614 1650 1849 1927 1926 2153 2215 2271 2509 2508 2601 2694 2891 2967 3129 3179 3277 3411 3460 3631 3496 3375 3079 3026 2827 2789 2543 2333 2326 2155 2337 2558 2678 2952 3144 3328 3066 2902 2551 2251 1978 1785 1471 1282 1354 1382 1533 1633 1686 1761 1982 1975 2124 2284 2247 2374 2503 2646 2680 2870 2821 2998 3024 3254 3350 3346 3574 3576 3447 3339 3134 3017 2769 2602 2523 2419 2183 1985 2238 2484 2617 2822 3133 3318 2922 2608 2330 2137 1867 1526 1251 1016 1094 1138 1294 1418 1583 1605 1806 1958 2055 2135 2206 2258 2391 2505 2662 2798 2850 2991 3192 3219 3371 3497 3544 3815 3496 3470 3307 3103 2909 2769 2578 2346 2134 1982 2324 2557 2706 2962 3230 3359 3077 2798 2532 2266 1985 1759 1512 ]
K = 8
nk = [ 1 2 2 2 3 3 4 5 5 5 5 6 6 6 6 7 7 7 8 8 ]
First = [ 1 1 0 0 1 0 1 1 0 0 0 1 0 0 0 1 0 0 1 0 ]
Last = [ 1 0 0 1 0 1 1 0 0 0 1 0 0 0 1 0 0 1 0 1 ]
nS = 1
S = [ 0 1 2 3 4 5 6 7 8 9 10 11 12 13 14 15 16 17 18 19 ]
