n = 20 ; 
T = 192 ; 
Init = [ 1 1 1 1 1 1 1 0 0 1 0 0 0 1 1 0 0 0 0 0 ]
L = [ 5 5 5 12 12 12 12 20 20 10 12 12 12 17 15 12 12 12 12 19 ]
l = [ 5 5 5 12 12 12 12 20 20 10 12 12 12 17 15 12 12 12 12 19 ]
Pmin = [ 23 23 23 64 64 64 64 100 100 48 69 69 69 97 77 57 57 57 57 99 ]
Pmax = [ 70 70 70 238 238 238 238 420 420 176 254 254 254 378 294 230 230 230 230 393 ]
cf = [ 62.3659 62.3659 62.3659 49.7187 49.7187 49.7187 49.7187 16.1556 16.1556 63.3495 55.1933 55.1933 55.1933 31.8006 62.1371 32.7017 32.7017 32.7017 32.7017 59.2287 ]
c0 = [ 82 82 82 171 171 171 171 250 250 143 179 179 179 244 195 157 157 157 157 250 ]
cp = [ 40.5904 40.5904 40.5904 29.942 29.942 29.942 29.942 9.06433 9.06433 26.2302 34.0311 34.0311 34.0311 14.9982 22.5722 26.5529 26.5529 26.5529 26.5529 9.04411 ]
D = [ 1128 1341 1455 1451 1583 1833 2019 2112 2257 2393 2460 2532 2763 2935 2893 3207 3145 3406 3520 3642 3691 3867 3943 4183 4302 4192 4029 3758 3564 3457 3328 3140 2917 2770 2644 2776 2905 3187 3280 3423 3709 3444 3037 2736 2512 2129 1812 1592 1204 1405 1530 1539 1749 1776 1961 2038 2109 2277 2501 2597 2614 2788 2831 2948 3229 3233 3454 3582 3684 3714 3926 3952 4172 3976 3760 3656 3342 3294 3010 2916 2751 2472 2266 2585 2805 3058 3137 3504 3607 3266 3084 2758 2470 2211 1881 1555 1212 1342 1544 1522 1612 1885 1923 1944 2110 2229 2459 2523 2612 2745 2810 2932 3123 3138 3342 3496 3635 3620 3790 3974 4131 3814 3659 3623 3489 3244 3193 2939 2903 2739 2543 2596 2901 2938 3092 3248 3484 3312 2978 2747 2394 2204 1781 1501 1270 1468 1640 1686 1880 1969 2031 2131 2319 2476 2493 2667 2779 2883 3003 3187 3281 3395 3652 3653 3904 4008 4127 4267 4420 4220 4029 3808 3639 3452 3235 3149 2836 2662 2493 2659 3057 3236 3374 3635 3843 3527 3296 2948 2609 2368 2076 1703 ]
K = 9
nk = [ 1 1 1 2 2 2 2 3 3 4 5 5 5 6 7 8 8 8 8 9 ]
First = [ 1 0 0 1 0 0 0 1 0 1 1 0 0 1 1 1 0 0 0 1 ]
Last = [ 0 0 1 0 0 0 1 0 1 1 0 0 1 1 1 0 0 0 1 1 ]
nS = 1
S = [ 0 1 2 3 4 5 6 7 8 9 10 11 12 13 14 15 16 17 18 19 ]
