n = 30 ; 
T = 96 ; 
Init = [ 1 1 1 0 0 0 0 1 1 1 1 0 0 0 0 0 1 1 1 1 1 0 0 0 0 1 1 1 1 1 ]
L = [ 17 17 17 11 13 13 13 18 18 18 18 12 12 12 12 12 9 9 9 9 9 11 11 17 17 11 9 9 9 9 ]
l = [ 17 17 17 11 13 13 13 18 18 18 18 12 12 12 12 12 9 9 9 9 9 11 11 17 17 11 9 9 9 9 ]
Pmin = [ 90 90 90 61 70 70 70 100 100 100 100 60 60 60 60 60 48 48 48 48 48 51 51 87 87 57 50 50 50 40 ]
Pmax = [ 367 367 367 217 264 264 264 388 388 388 388 240 240 240 240 240 154 154 154 154 154 195 195 348 348 232 163 163 163 154 ]
cf = [ 69.2504 69.2504 69.2504 12.1072 39.1325 39.1325 39.1325 57.3137 57.3137 57.3137 57.3137 55.7054 55.7054 55.7054 55.7054 55.7054 47.8767 47.8767 47.8767 47.8767 47.8767 56.8335 56.8335 33.2841 33.2841 15.1467 20.2735 20.2735 20.2735 10.8698 ]
c0 = [ 227 227 227 164 196 196 196 250 250 250 250 158 158 158 158 158 147 147 147 147 147 148 148 230 230 156 145 145 145 117 ]
cp = [ 10.6497 10.6497 10.6497 24.5658 22.2776 22.2776 22.2776 9.61379 9.61379 9.61379 9.61379 18.2608 18.2608 18.2608 18.2608 18.2608 26.8805 26.8805 26.8805 26.8805 26.8805 35.2292 35.2292 9.9927 9.9927 36.2225 26.0186 26.0186 26.0186 35.3363 ]
D = [ 1662 1688 2008 2103 2345 2690 2739 3144 3236 3336 3557 3901 3901 4334 4555 4612 4895 5014 5153 5447 5818 5758 6052 6378 6382 6158 6016 5503 5289 5005 4867 4351 4191 3863 3540 4103 4296 4806 5265 5647 6051 5281 4862 4424 3881 3173 2586 2120 1494 1743 1985 2219 2317 2643 2957 3065 3242 3335 3576 3720 4086 4195 4442 4622 4797 5035 5225 5482 5848 5844 6105 6310 6570 6417 6183 5840 5553 5237 4824 4491 4213 4135 3827 4039 4378 4777 4886 5495 5776 5170 4965 4351 3948 3476 3135 2696 ]
K = 11
nk = [ 1 1 1 2 3 3 3 4 4 4 4 5 5 5 5 5 6 6 6 6 6 7 7 8 8 9 10 10 10 11 ]
First = [ 1 0 0 1 1 0 0 1 0 0 0 1 0 0 0 0 1 0 0 0 0 1 0 1 0 1 1 0 0 1 ]
Last = [ 0 0 1 1 0 0 1 0 0 0 1 0 0 0 0 1 0 0 0 0 1 0 1 0 1 1 0 0 1 1 ]
nS = 1
S = [ 0 1 2 3 4 5 6 7 8 9 10 11 12 13 14 15 16 17 18 19 20 21 22 23 24 25 26 27 28 29 ]
