n = 30 ; 
T = 96 ; 
Init = [ 0 0 1 1 1 1 1 1 0 0 0 0 0 0 0 0 1 0 0 0 0 0 1 1 1 1 1 1 1 1 ]
L = [ 14 14 12 12 12 12 12 12 9 9 9 9 9 9 13 13 16 18 18 5 5 5 5 5 7 7 7 7 19 19 ]
l = [ 14 14 12 12 12 12 12 12 9 9 9 9 9 9 13 13 16 18 18 5 5 5 5 5 7 7 7 7 19 19 ]
Pmin = [ 75 75 66 66 66 66 66 66 46 46 46 46 46 46 74 74 82 96 96 18 18 18 25 25 39 39 39 39 95 95 ]
Pmax = [ 276 276 249 249 249 249 249 249 165 165 165 165 165 165 282 282 331 399 399 59 59 59 79 79 122 122 122 122 399 399 ]
cf = [ 11.3268 11.3268 49.3278 49.3278 49.3278 49.3278 49.3278 49.3278 20.7823 20.7823 20.7823 20.7823 20.7823 20.7823 46.2261 46.2261 69.4739 34.2486 34.2486 33.4494 33.4494 33.4494 29.8749 29.8749 51.3406 51.3406 51.3406 51.3406 42.872 42.872 ]
c0 = [ 207 207 183 183 183 183 183 183 134 134 134 134 134 134 195 195 211 250 250 61 61 61 76 76 106 106 106 106 242 242 ]
cp = [ 22.069 22.069 29.667 29.667 29.667 29.667 29.667 29.667 37.132 37.132 37.132 37.132 37.132 37.132 19.0061 19.0061 25.0142 9.49368 9.49368 34.1856 34.1856 34.1856 38.0831 38.0831 34.0809 34.0809 34.0809 34.0809 9.76576 9.76576 ]
D = [ 1417 1666 1655 2002 2084 2293 2368 2575 2821 2762 2987 3210 3480 3475 3761 3807 4040 4233 4416 4493 4665 4890 4986 5312 5400 5050 4814 4739 4492 4228 3981 3677 3498 3330 2955 3241 3664 4000 4329 4579 4946 4605 4186 3675 3165 2867 2492 2050 1553 1771 1970 2080 2294 2396 2490 2673 2760 3037 3272 3423 3557 3763 3768 3924 4143 4338 4545 4584 4773 4883 5079 5130 5533 5061 4870 4690 4610 4318 4001 3737 3504 3483 3170 3545 3765 4194 4339 4743 5036 4787 4205 3748 3548 3066 2607 2214 ]
K = 10
nk = [ 1 1 2 2 2 2 2 2 3 3 3 3 3 3 4 4 5 6 6 7 7 7 8 8 9 9 9 9 10 10 ]
First = [ 1 0 1 0 0 0 0 0 1 0 0 0 0 0 1 0 1 1 0 1 0 0 1 0 1 0 0 0 1 0 ]
Last = [ 0 1 0 0 0 0 0 1 0 0 0 0 0 1 0 1 1 0 1 0 0 1 0 1 0 0 0 1 0 1 ]
nS = 1
S = [ 0 1 2 3 4 5 6 7 8 9 10 11 12 13 14 15 16 17 18 19 20 21 22 23 24 25 26 27 28 29 ]
