n = 30 ; 
T = 96 ; 
Init = [ 1 1 1 1 0 0 1 1 1 1 0 0 1 1 1 1 1 0 0 0 0 1 1 1 1 1 0 0 0 0 ]
L = [ 7 17 17 17 16 16 11 11 11 11 12 12 16 16 16 16 16 18 18 18 18 17 17 17 17 17 8 8 8 8 ]
l = [ 7 17 17 17 16 16 11 11 11 11 12 12 16 16 16 16 16 18 18 18 18 17 17 17 17 17 8 8 8 8 ]
Pmin = [ 44 90 90 90 78 78 59 59 59 59 63 63 89 89 89 89 89 97 97 97 97 95 95 95 95 95 36 36 36 36 ]
Pmax = [ 145 345 345 345 325 325 209 209 209 209 248 248 339 339 339 339 339 396 396 396 396 358 358 358 358 358 140 140 140 140 ]
cf = [ 46.7469 21.3568 21.3568 21.3568 66.9936 66.9936 31.7352 31.7352 31.7352 31.7352 68.6752 68.6752 59.2335 59.2335 59.2335 59.2335 59.2335 31.4542 31.4542 31.4542 31.4542 39.7156 39.7156 39.7156 39.7156 39.7156 66.8469 66.8469 66.8469 66.8469 ]
c0 = [ 132 227 227 227 215 215 169 169 169 169 180 180 244 244 244 244 244 250 250 250 250 240 240 240 240 240 117 117 117 117 ]
cp = [ 31.768 12.6393 12.6393 12.6393 17.9384 17.9384 21.8256 21.8256 21.8256 21.8256 16.4848 16.4848 9.87667 9.87667 9.87667 9.87667 9.87667 11.232 11.232 11.232 11.232 24.2363 24.2363 24.2363 24.2363 24.2363 31.0186 31.0186 31.0186 31.0186 ]
D = [ 2175 2376 2697 3012 3012 3471 3692 3907 4021 4193 4524 4569 4861 5068 5137 5440 5846 5769 6107 6495 6415 6949 7028 7287 7319 7230 6761 6742 6145 6064 5600 5405 5306 4946 4496 4765 5231 5369 5635 5997 6440 5639 5353 4691 4231 3796 3218 2594 2199 2333 2422 2798 3104 3112 3531 3693 3878 4391 4391 4857 4857 5181 5466 5658 5952 6303 6290 6667 6911 7119 7215 7556 7717 7472 7014 6648 6480 5877 5549 5320 4964 4488 4046 4596 5080 5657 6132 6564 7065 6553 5761 5275 4499 3754 3223 2503 ]
K = 9
nk = [ 1 2 2 2 3 3 4 4 4 4 5 5 6 6 6 6 6 7 7 7 7 8 8 8 8 8 9 9 9 9 ]
First = [ 1 1 0 0 1 0 1 0 0 0 1 0 1 0 0 0 0 1 0 0 0 1 0 0 0 0 1 0 0 0 ]
Last = [ 1 0 0 1 0 1 0 0 0 1 0 1 0 0 0 0 1 0 0 0 1 0 0 0 0 1 0 0 0 1 ]
nS = 1
S = [ 0 1 2 3 4 5 6 7 8 9 10 11 12 13 14 15 16 17 18 19 20 21 22 23 24 25 26 27 28 29 ]
