n = 30 ; 
T = 96 ; 
Init = [ 1 1 1 1 1 1 1 1 1 1 1 1 1 1 1 1 1 1 0 0 0 0 0 0 0 0 0 0 0 0 ]
L = [ 14 14 14 14 20 20 20 20 20 16 16 16 16 16 15 15 15 15 9 9 9 5 5 5 5 20 12 12 12 12 ]
l = [ 14 14 14 14 20 20 20 20 20 16 16 16 16 16 15 15 15 15 9 9 9 5 5 5 5 20 12 12 12 12 ]
Pmin = [ 72 72 72 72 100 100 100 100 100 79 79 79 79 79 79 79 79 79 45 45 45 27 27 27 27 100 62 62 62 62 ]
Pmax = [ 286 286 286 286 418 418 418 418 418 319 319 319 319 319 312 312 312 312 142 142 142 82 82 82 82 420 218 218 218 218 ]
cf = [ 37.2668 37.2668 37.2668 37.2668 20.0114 20.0114 20.0114 20.0114 20.0114 44.9029 44.9029 44.9029 44.9029 44.9029 30.171 30.171 30.171 30.171 40.4711 40.4711 40.4711 51.4991 51.4991 51.4991 51.4991 17.5218 29.3292 29.3292 29.3292 29.3292 ]
c0 = [ 184 184 184 184 250 250 250 250 250 220 220 220 220 220 206 206 206 206 120 120 120 93 93 93 93 250 167 167 167 167 ]
cp = [ 21.9896 21.9896 21.9896 21.9896 9.43901 9.43901 9.43901 9.43901 9.43901 16.0837 16.0837 16.0837 16.0837 16.0837 20.8758 20.8758 20.8758 20.8758 23.7138 23.7138 23.7138 41.3255 41.3255 41.3255 41.3255 9.90962 24.1601 24.1601 24.1601 24.1601 ]
D = [ 1772 1822 1973 2233 2522 2918 3138 3306 3279 3724 3776 4043 4271 4427 4682 5156 5168 5563 5789 5755 6121 6414 6421 6837 7117 6621 6489 6108 5859 5496 5219 4945 4733 4383 4146 4358 4866 5308 5791 6047 6387 5735 5399 4780 4062 3757 3064 2458 1928 2252 2460 2595 2753 2871 3048 3459 3591 3786 3952 4025 4273 4583 4771 5070 5145 5196 5442 5760 6044 6240 6408 6632 6705 6363 6225 6028 5717 5508 5259 4763 4676 4433 3871 4308 4551 4857 5179 5352 5651 5495 4773 4353 3981 3570 2922 2423 ]
K = 8
nk = [ 1 1 1 1 2 2 2 2 2 3 3 3 3 3 4 4 4 4 5 5 5 6 6 6 6 7 8 8 8 8 ]
First = [ 1 0 0 0 1 0 0 0 0 1 0 0 0 0 1 0 0 0 1 0 0 1 0 0 0 1 1 0 0 0 ]
Last = [ 0 0 0 1 0 0 0 0 1 0 0 0 0 1 0 0 0 1 0 0 1 0 0 0 1 1 0 0 0 1 ]
nS = 1
S = [ 0 1 2 3 4 5 6 7 8 9 10 11 12 13 14 15 16 17 18 19 20 21 22 23 24 25 26 27 28 29 ]
