n = 30 ; 
T = 96 ; 
Init = [ 0 0 0 0 0 0 1 1 1 1 1 1 1 1 1 1 1 0 0 0 1 1 1 1 1 1 1 1 1 1 ]
L = [ 10 10 10 10 10 10 8 8 8 8 8 8 13 13 13 13 13 7 7 7 17 17 17 17 7 7 7 7 8 8 ]
l = [ 10 10 10 10 10 10 8 8 8 8 8 8 13 13 13 13 13 7 7 7 17 17 17 17 7 7 7 7 8 8 ]
Pmin = [ 54 54 54 54 54 54 50 50 50 50 50 50 62 62 62 62 62 36 36 36 88 88 88 88 35 35 35 35 35 35 ]
Pmax = [ 185 185 185 185 185 185 171 171 171 171 171 171 256 256 256 256 256 124 124 124 351 351 351 351 125 125 125 125 128 128 ]
cf = [ 16.5831 16.5831 16.5831 16.5831 16.5831 16.5831 8.39346 8.39346 8.39346 8.39346 8.39346 8.39346 65.1755 65.1755 65.1755 65.1755 65.1755 23.7126 23.7126 23.7126 41.4265 41.4265 41.4265 41.4265 40.3848 40.3848 40.3848 40.3848 58.5147 58.5147 ]
c0 = [ 153 153 153 153 153 153 134 134 134 134 134 134 162 162 162 162 162 108 108 108 235 235 235 235 107 107 107 107 113 113 ]
cp = [ 34.4134 34.4134 34.4134 34.4134 34.4134 34.4134 34.0706 34.0706 34.0706 34.0706 34.0706 34.0706 33.5185 33.5185 33.5185 33.5185 33.5185 40.1747 40.1747 40.1747 22.8774 22.8774 22.8774 22.8774 37.2968 37.2968 37.2968 37.2968 34.332 34.332 ]
D = [ 1356 1637 1672 1887 1926 2125 2385 2517 2523 2729 2950 2927 3290 3344 3473 3498 3751 3927 3997 4242 4403 4511 4729 4756 4981 4746 4584 4435 4066 3804 3713 3517 3389 3186 2820 3053 3372 3588 4045 4223 4499 4168 3790 3420 2997 2600 2347 2029 1560 1825 1798 2118 2187 2215 2370 2619 2760 2923 3010 3154 3392 3447 3644 3834 3843 3952 4152 4189 4517 4468 4678 4967 5024 4704 4650 4403 4222 3936 3917 3708 3546 3358 3090 3265 3612 3767 4049 4159 4336 3975 3736 3185 2976 2554 2051 1709 ]
K = 7
nk = [ 1 1 1 1 1 1 2 2 2 2 2 2 3 3 3 3 3 4 4 4 5 5 5 5 6 6 6 6 7 7 ]
First = [ 1 0 0 0 0 0 1 0 0 0 0 0 1 0 0 0 0 1 0 0 1 0 0 0 1 0 0 0 1 0 ]
Last = [ 0 0 0 0 0 1 0 0 0 0 0 1 0 0 0 0 1 0 0 1 0 0 0 1 0 0 0 1 0 1 ]
nS = 1
S = [ 0 1 2 3 4 5 6 7 8 9 10 11 12 13 14 15 16 17 18 19 20 21 22 23 24 25 26 27 28 29 ]
