n = 30 ; 
T = 96 ; 
Init = [ 0 0 0 1 1 1 1 0 0 0 0 0 0 0 1 1 1 1 1 1 1 1 1 1 1 1 0 0 0 1 ]
L = [ 7 7 7 8 8 9 9 17 17 17 17 17 19 19 13 13 13 13 13 16 16 10 10 10 10 10 8 8 8 19 ]
l = [ 7 7 7 8 8 9 9 17 17 17 17 17 19 19 13 13 13 13 13 16 16 10 10 10 10 10 8 8 8 19 ]
Pmin = [ 33 33 33 37 37 45 45 91 91 91 91 91 100 100 66 66 66 66 66 89 89 48 48 48 48 48 40 40 40 100 ]
Pmax = [ 123 123 123 144 144 155 155 365 365 365 365 365 420 420 247 247 247 247 247 353 353 184 184 184 184 184 124 124 124 420 ]
cf = [ 61.1897 61.1897 61.1897 50.5806 50.5806 21.6336 21.6336 60.6622 60.6622 60.6622 60.6622 60.6622 18.705 18.705 8.51894 8.51894 8.51894 8.51894 8.51894 29.1866 29.1866 23.0675 23.0675 23.0675 23.0675 23.0675 28.1138 28.1138 28.1138 13.8642 ]
c0 = [ 109 109 109 108 108 141 141 241 241 241 241 241 250 250 179 179 179 179 179 226 226 133 133 133 133 133 122 122 122 250 ]
cp = [ 31.3744 31.3744 31.3744 28.8462 28.8462 32.0223 32.0223 14.4483 14.4483 14.4483 14.4483 14.4483 14.4882 14.4882 19.8659 19.8659 19.8659 19.8659 19.8659 19.077 19.077 15.4568 15.4568 15.4568 15.4568 15.4568 37.3451 37.3451 37.3451 11.3082 ]
D = [ 1862 2079 2098 2504 2453 2697 2821 3127 3246 3575 3572 3932 3993 4262 4405 4669 4769 4987 5229 5285 5522 5838 6113 6269 6435 6175 5808 5669 5267 4974 4861 4704 4439 4155 3924 4269 4600 4862 5033 5294 5696 5172 4809 4289 3843 3143 2697 2163 1685 1994 2088 2465 2659 2865 2799 3244 3296 3616 3755 3776 4115 4292 4335 4629 4669 4956 5054 5347 5466 5821 5865 6061 6457 6008 5866 5620 5283 5004 4685 4545 4387 3974 3731 4111 4247 4574 4918 5210 5377 4915 4574 3843 3370 2883 2549 1928 ]
K = 10
nk = [ 1 1 1 2 2 3 3 4 4 4 4 4 5 5 6 6 6 6 6 7 7 8 8 8 8 8 9 9 9 10 ]
First = [ 1 0 0 1 0 1 0 1 0 0 0 0 1 0 1 0 0 0 0 1 0 1 0 0 0 0 1 0 0 1 ]
Last = [ 0 0 1 0 1 0 1 0 0 0 0 1 0 1 0 0 0 0 1 0 1 0 0 0 0 1 0 0 1 1 ]
nS = 1
S = [ 0 1 2 3 4 5 6 7 8 9 10 11 12 13 14 15 16 17 18 19 20 21 22 23 24 25 26 27 28 29 ]
