n = 30 ; 
T = 96 ; 
Init = [ 1 1 1 1 1 1 0 0 0 0 0 0 0 0 0 0 0 1 1 1 1 0 1 1 1 1 1 1 1 0 ]
L = [ 18 18 18 18 9 9 17 17 17 17 17 13 13 13 13 9 19 14 14 14 14 12 20 20 13 13 13 13 13 20 ]
l = [ 18 18 18 18 9 9 17 17 17 17 17 13 13 13 13 9 19 14 14 14 14 12 20 20 13 13 13 13 13 20 ]
Pmin = [ 100 100 100 100 44 44 88 88 88 88 88 77 77 77 77 49 100 78 78 78 78 69 100 100 67 67 67 67 67 100 ]
Pmax = [ 398 398 398 398 172 172 348 348 348 348 348 283 283 283 283 165 420 297 297 297 297 258 420 420 266 266 266 266 266 420 ]
cf = [ 56.4196 56.4196 56.4196 56.4196 47.1729 47.1729 26.9635 26.9635 26.9635 26.9635 26.9635 27.2611 27.2611 27.2611 27.2611 10.9224 29.385 49.3828 49.3828 49.3828 49.3828 38.2565 9.85964 9.85964 51.0289 51.0289 51.0289 51.0289 51.0289 50.5757 ]
c0 = [ 250 250 250 250 118 118 234 234 234 234 234 205 205 205 205 129 250 206 206 206 206 191 250 250 176 176 176 176 176 250 ]
cp = [ 14.2322 14.2322 14.2322 14.2322 30.561 30.561 16.0442 16.0442 16.0442 16.0442 16.0442 20.6426 20.6426 20.6426 20.6426 20.3614 10.7492 25.0062 25.0062 25.0062 25.0062 33.3976 8.36706 8.36706 28.9408 28.9408 28.9408 28.9408 28.9408 8.24034 ]
D = [ 2266 2279 2591 2821 3040 3599 3826 3800 4011 4496 4735 4851 5060 5399 5561 5924 6318 6381 6655 6974 7290 7420 7794 8082 8319 7907 7358 6928 6661 6520 6035 5816 5439 5018 4404 4785 5462 5991 6097 6737 7125 6594 6096 5439 4621 4037 3494 3199 2410 2554 2714 2995 3330 3423 3800 3980 4327 4471 4636 4925 5195 5317 5481 5855 6037 6416 6378 6609 7072 6958 7330 7414 7716 7472 7220 7062 6798 6427 5838 5681 5229 4954 4853 5137 5354 5653 6269 6232 6828 6149 5696 5102 4698 4185 3364 2917 ]
K = 11
nk = [ 1 1 1 1 2 2 3 3 3 3 3 4 4 4 4 5 6 7 7 7 7 8 9 9 10 10 10 10 10 11 ]
First = [ 1 0 0 0 1 0 1 0 0 0 0 1 0 0 0 1 1 1 0 0 0 1 1 0 1 0 0 0 0 1 ]
Last = [ 0 0 0 1 0 1 0 0 0 0 1 0 0 0 1 1 1 0 0 0 1 1 0 1 0 0 0 0 1 1 ]
nS = 1
S = [ 0 1 2 3 4 5 6 7 8 9 10 11 12 13 14 15 16 17 18 19 20 21 22 23 24 25 26 27 28 29 ]
