n = 30 ; 
T = 96 ; 
Init = [ 0 0 0 0 0 1 1 1 1 1 1 1 0 0 0 0 0 0 0 0 0 1 1 1 1 1 1 1 1 1 ]
L = [ 17 17 17 17 17 19 19 19 19 19 19 19 8 8 8 8 8 8 8 8 8 20 20 20 20 20 13 13 13 13 ]
l = [ 17 17 17 17 17 19 19 19 19 19 19 19 8 8 8 8 8 8 8 8 8 20 20 20 20 20 13 13 13 13 ]
Pmin = [ 98 98 98 98 98 99 99 99 99 99 99 99 34 34 34 34 34 34 34 34 34 100 100 100 100 100 63 63 63 63 ]
Pmax = [ 369 369 369 369 369 398 398 398 398 398 398 398 133 133 133 133 133 133 133 133 133 420 420 420 420 420 259 259 259 259 ]
cf = [ 38.9699 38.9699 38.9699 38.9699 38.9699 24.177 24.177 24.177 24.177 24.177 24.177 24.177 48.6798 48.6798 48.6798 48.6798 48.6798 48.6798 48.6798 48.6798 48.6798 51.6389 51.6389 51.6389 51.6389 51.6389 42.3045 42.3045 42.3045 42.3045 ]
c0 = [ 250 250 250 250 250 250 250 250 250 250 250 250 97 97 97 97 97 97 97 97 97 250 250 250 250 250 170 170 170 170 ]
cp = [ 20.4305 20.4305 20.4305 20.4305 20.4305 13.0445 13.0445 13.0445 13.0445 13.0445 13.0445 13.0445 34.3384 34.3384 34.3384 34.3384 34.3384 34.3384 34.3384 34.3384 34.3384 8.06297 8.06297 8.06297 8.06297 8.06297 18.4357 18.4357 18.4357 18.4357 ]
D = [ 2306 2364 2752 2999 3092 3185 3553 3892 4087 4244 4422 4594 4724 5066 5252 5518 5641 5884 6197 6344 6392 6755 6900 7270 7214 6933 6689 6286 6016 5822 5613 5301 4953 4562 4286 4581 5193 5477 5900 6495 7084 6387 5498 4917 4350 3795 3268 2613 1662 2007 2340 2457 2870 3112 3272 3443 3788 3947 4082 4348 4542 4881 5308 5335 5646 5859 6024 6275 6593 6813 7133 7174 7503 7277 6902 6556 6246 6178 5836 5376 5058 4811 4590 5073 5457 5785 5844 6335 6584 6017 5655 4978 4514 3982 3453 2704 ]
K = 5
nk = [ 1 1 1 1 1 2 2 2 2 2 2 2 3 3 3 3 3 3 3 3 3 4 4 4 4 4 5 5 5 5 ]
First = [ 1 0 0 0 0 1 0 0 0 0 0 0 1 0 0 0 0 0 0 0 0 1 0 0 0 0 1 0 0 0 ]
Last = [ 0 0 0 0 1 0 0 0 0 0 0 1 0 0 0 0 0 0 0 0 1 0 0 0 0 1 0 0 0 1 ]
nS = 1
S = [ 0 1 2 3 4 5 6 7 8 9 10 11 12 13 14 15 16 17 18 19 20 21 22 23 24 25 26 27 28 29 ]
