n = 30 ; 
T = 96 ; 
Init = [ 0 0 0 0 0 0 0 0 0 0 0 0 1 1 1 1 1 1 1 1 1 1 1 1 1 1 1 1 1 1 ]
L = [ 17 17 17 17 17 17 17 17 17 17 17 17 18 18 18 18 18 18 18 18 18 18 18 16 16 16 16 16 16 16 ]
l = [ 17 17 17 17 17 17 17 17 17 17 17 17 18 18 18 18 18 18 18 18 18 18 18 16 16 16 16 16 16 16 ]
Pmin = [ 91 91 91 91 91 91 91 91 91 91 91 91 100 100 100 100 100 100 100 100 100 100 100 87 87 87 87 87 87 88 ]
Pmax = [ 364 364 364 364 364 364 364 364 364 364 364 364 387 387 387 387 387 387 387 387 387 387 387 362 362 362 362 362 362 354 ]
cf = [ 42.0749 42.0749 42.0749 42.0749 42.0749 42.0749 42.0749 42.0749 42.0749 42.0749 42.0749 42.0749 9.92652 9.92652 9.92652 9.92652 9.92652 9.92652 9.92652 9.92652 9.92652 9.92652 9.92652 35.3422 35.3422 35.3422 35.3422 35.3422 35.3422 46.2732 ]
c0 = [ 240 240 240 240 240 240 240 240 240 240 240 240 250 250 250 250 250 250 250 250 250 250 250 221 221 221 221 221 221 234 ]
cp = [ 9.37203 9.37203 9.37203 9.37203 9.37203 9.37203 9.37203 9.37203 9.37203 9.37203 9.37203 9.37203 11.9856 11.9856 11.9856 11.9856 11.9856 11.9856 11.9856 11.9856 11.9856 11.9856 11.9856 22.5437 22.5437 22.5437 22.5437 22.5437 22.5437 17.3516 ]
D = [ 2958 3566 3649 3863 4268 4433 4786 4810 5087 5551 5818 5796 6080 6338 6871 6951 7342 7260 7849 8114 8016 8546 8845 8866 9413 8775 8346 8293 7979 7431 7005 7003 6363 6213 5726 5997 6519 6892 7379 7925 8063 7464 7081 6151 5558 5008 4351 3449 2641 3004 3300 3547 3824 3963 4239 4757 4814 4985 5206 5456 5929 6004 6359 6789 6935 6973 7570 7800 8137 8041 8361 8830 8760 8727 8415 8127 7886 7466 6925 6522 6209 6153 5741 6203 6784 7146 7423 7805 8528 7614 6833 6171 5522 4840 3905 3145 ]
K = 4
nk = [ 1 1 1 1 1 1 1 1 1 1 1 1 2 2 2 2 2 2 2 2 2 2 2 3 3 3 3 3 3 4 ]
First = [ 1 0 0 0 0 0 0 0 0 0 0 0 1 0 0 0 0 0 0 0 0 0 0 1 0 0 0 0 0 1 ]
Last = [ 0 0 0 0 0 0 0 0 0 0 0 1 0 0 0 0 0 0 0 0 0 0 1 0 0 0 0 0 1 1 ]
nS = 1
S = [ 0 1 2 3 4 5 6 7 8 9 10 11 12 13 14 15 16 17 18 19 20 21 22 23 24 25 26 27 28 29 ]
