n = 30 ; 
T = 96 ; 
Init = [ 1 1 1 1 1 1 1 1 0 0 0 0 0 0 0 0 0 0 0 1 1 1 1 1 1 1 1 1 1 1 ]
L = [ 6 6 6 6 6 6 6 6 10 10 10 10 10 10 10 10 10 10 10 13 13 13 13 13 13 13 17 17 17 17 ]
l = [ 6 6 6 6 6 6 6 6 10 10 10 10 10 10 10 10 10 10 10 13 13 13 13 13 13 13 17 17 17 17 ]
Pmin = [ 28 28 28 28 28 28 28 28 56 56 56 56 56 56 56 56 56 56 56 72 72 72 72 72 72 72 87 87 87 87 ]
Pmax = [ 79 79 79 79 79 79 79 79 191 191 191 191 191 191 191 191 191 191 191 271 271 271 271 271 271 271 343 343 343 343 ]
cf = [ 43.0063 43.0063 43.0063 43.0063 43.0063 43.0063 43.0063 43.0063 51.5986 51.5986 51.5986 51.5986 51.5986 51.5986 51.5986 51.5986 51.5986 51.5986 51.5986 51.3441 51.3441 51.3441 51.3441 51.3441 51.3441 51.3441 60.1009 60.1009 60.1009 60.1009 ]
c0 = [ 81 81 81 81 81 81 81 81 150 150 150 150 150 150 150 150 150 150 150 189 189 189 189 189 189 189 238 238 238 238 ]
cp = [ 37.9162 37.9162 37.9162 37.9162 37.9162 37.9162 37.9162 37.9162 31.5135 31.5135 31.5135 31.5135 31.5135 31.5135 31.5135 31.5135 31.5135 31.5135 31.5135 29.6112 29.6112 29.6112 29.6112 29.6112 29.6112 29.6112 8.77902 8.77902 8.77902 8.77902 ]
D = [ 1196 1344 1546 1640 1816 2098 2165 2319 2684 2691 2816 3189 3362 3369 3621 3661 3813 4059 4194 4382 4501 4836 5019 5149 5289 4909 4869 4685 4412 4120 3803 3562 3491 3208 2893 3290 3340 3625 3768 4015 4379 3921 3575 3386 3007 2745 2428 2034 1764 1721 1979 2179 2327 2392 2548 2635 2854 2999 3006 3172 3234 3408 3635 3753 3841 4087 4100 4300 4529 4682 4834 4891 5057 4793 4644 4440 4132 3840 3785 3448 3215 3041 2765 3074 3599 3874 4132 4497 4780 4452 3911 3663 3372 2921 2413 2072 ]
K = 4
nk = [ 1 1 1 1 1 1 1 1 2 2 2 2 2 2 2 2 2 2 2 3 3 3 3 3 3 3 4 4 4 4 ]
First = [ 1 0 0 0 0 0 0 0 1 0 0 0 0 0 0 0 0 0 0 1 0 0 0 0 0 0 1 0 0 0 ]
Last = [ 0 0 0 0 0 0 0 1 0 0 0 0 0 0 0 0 0 0 1 0 0 0 0 0 0 1 0 0 0 1 ]
nS = 1
S = [ 0 1 2 3 4 5 6 7 8 9 10 11 12 13 14 15 16 17 18 19 20 21 22 23 24 25 26 27 28 29 ]
