n = 30 ; 
T = 96 ; 
Init = [ 1 1 1 0 0 0 0 0 0 0 0 1 1 1 1 1 1 1 1 1 0 0 0 1 1 1 1 0 0 0 ]
L = [ 9 9 9 8 8 8 8 13 13 13 13 13 13 13 13 14 14 14 14 14 16 16 16 14 14 14 14 20 20 20 ]
l = [ 9 9 9 8 8 8 8 13 13 13 13 13 13 13 13 14 14 14 14 14 16 16 16 14 14 14 14 20 20 20 ]
Pmin = [ 43 43 43 41 41 41 41 73 73 73 73 66 66 66 66 76 76 76 76 76 79 79 79 73 73 73 73 100 100 100 ]
Pmax = [ 159 159 159 126 126 126 126 275 275 275 275 262 262 262 262 298 298 298 298 298 320 320 320 279 279 279 279 420 420 420 ]
cf = [ 36.1647 36.1647 36.1647 38.1421 38.1421 38.1421 38.1421 44.9024 44.9024 44.9024 44.9024 7.98905 7.98905 7.98905 7.98905 58.2 58.2 58.2 58.2 58.2 21.8407 21.8407 21.8407 8.5721 8.5721 8.5721 8.5721 29.458 29.458 29.458 ]
c0 = [ 126 126 126 118 118 118 118 198 198 198 198 176 176 176 176 207 207 207 207 207 200 200 200 197 197 197 197 250 250 250 ]
cp = [ 27.6437 27.6437 27.6437 31.6801 31.6801 31.6801 31.6801 18.7963 18.7963 18.7963 18.7963 25.4961 25.4961 25.4961 25.4961 29.9962 29.9962 29.9962 29.9962 29.9962 20.1788 20.1788 20.1788 29.5398 29.5398 29.5398 29.5398 8.01946 8.01946 8.01946 ]
D = [ 2102 2184 2394 2454 2876 2848 3084 3183 3612 3740 3845 4154 4414 4552 4680 4736 5015 5295 5355 5531 5595 5942 6255 6256 6488 6184 6110 5861 5391 5078 4921 4855 4439 4306 3797 4201 4758 4883 5200 5682 6068 5523 5029 4709 4116 3564 3115 2615 2272 2448 2702 2892 2930 3190 3482 3462 3820 3983 4119 4280 4506 4399 4787 4809 5007 5230 5307 5412 5592 5801 6081 6161 6372 6197 5866 5545 5312 5171 4888 4724 4590 4389 3927 4173 4575 4747 5120 5391 5556 5150 4666 4142 3776 3192 2837 2499 ]
K = 8
nk = [ 1 1 1 2 2 2 2 3 3 3 3 4 4 4 4 5 5 5 5 5 6 6 6 7 7 7 7 8 8 8 ]
First = [ 1 0 0 1 0 0 0 1 0 0 0 1 0 0 0 1 0 0 0 0 1 0 0 1 0 0 0 1 0 0 ]
Last = [ 0 0 1 0 0 0 1 0 0 0 1 0 0 0 1 0 0 0 0 1 0 0 1 0 0 0 1 0 0 1 ]
nS = 1
S = [ 0 1 2 3 4 5 6 7 8 9 10 11 12 13 14 15 16 17 18 19 20 21 22 23 24 25 26 27 28 29 ]
