n = 30 ; 
T = 96 ; 
Init = [ 1 1 1 1 1 1 1 1 1 1 1 1 1 1 1 1 1 1 0 0 0 0 0 0 0 0 0 0 0 0 ]
L = [ 11 11 11 11 11 11 11 12 12 12 7 7 15 15 15 15 15 15 12 12 12 12 12 12 12 5 5 5 5 5 ]
l = [ 11 11 11 11 11 11 11 12 12 12 7 7 15 15 15 15 15 15 12 12 12 12 12 12 12 5 5 5 5 5 ]
Pmin = [ 49 49 49 49 49 49 49 67 67 67 29 29 78 78 78 78 78 78 59 59 59 59 59 59 59 28 28 28 28 28 ]
Pmax = [ 197 197 197 197 197 197 197 264 264 264 109 109 317 317 317 317 317 317 238 238 238 238 238 238 238 81 81 81 81 81 ]
cf = [ 8.07802 8.07802 8.07802 8.07802 8.07802 8.07802 8.07802 27.6684 27.6684 27.6684 38.5077 38.5077 41.8525 41.8525 41.8525 41.8525 41.8525 41.8525 55.925 55.925 55.925 55.925 55.925 55.925 55.925 11.4351 11.4351 11.4351 11.4351 11.4351 ]
c0 = [ 136 136 136 136 136 136 136 179 179 179 93 93 207 207 207 207 207 207 165 165 165 165 165 165 165 93 93 93 93 93 ]
cp = [ 30.2894 30.2894 30.2894 30.2894 30.2894 30.2894 30.2894 22.6582 22.6582 22.6582 39.5536 39.5536 15.2797 15.2797 15.2797 15.2797 15.2797 15.2797 25.1319 25.1319 25.1319 25.1319 25.1319 25.1319 25.1319 40.2265 40.2265 40.2265 40.2265 40.2265 ]
D = [ 1556 1719 1921 2052 2166 2268 2561 2582 2932 2969 3183 3340 3428 3741 3742 3999 4093 4403 4540 4841 4787 5176 5309 5356 5492 5349 5099 4796 4625 4291 3986 3844 3501 3225 3042 3459 3677 3923 4442 4583 4950 4493 4111 3630 3060 2761 2365 1716 1440 1544 1654 1818 1924 2237 2227 2505 2764 2863 3051 3285 3452 3489 3629 3731 3975 4198 4354 4592 4628 4754 4872 5060 5240 5030 4870 4684 4404 4308 4103 3714 3556 3295 3160 3410 3765 3922 4031 4479 4570 4293 3895 3326 2921 2496 2118 1792 ]
K = 6
nk = [ 1 1 1 1 1 1 1 2 2 2 3 3 4 4 4 4 4 4 5 5 5 5 5 5 5 6 6 6 6 6 ]
First = [ 1 0 0 0 0 0 0 1 0 0 1 0 1 0 0 0 0 0 1 0 0 0 0 0 0 1 0 0 0 0 ]
Last = [ 0 0 0 0 0 0 1 0 0 1 0 1 0 0 0 0 0 1 0 0 0 0 0 0 1 0 0 0 0 1 ]
nS = 1
S = [ 0 1 2 3 4 5 6 7 8 9 10 11 12 13 14 15 16 17 18 19 20 21 22 23 24 25 26 27 28 29 ]
