n = 30 ; 
T = 96 ; 
Init = [ 1 1 1 1 1 0 0 0 0 0 0 0 0 0 0 1 1 1 1 1 0 0 0 0 0 1 1 1 1 0 ]
L = [ 19 19 19 16 16 18 18 18 18 18 20 20 20 20 20 6 6 6 6 6 11 11 11 11 11 14 14 14 14 15 ]
l = [ 19 19 19 16 16 18 18 18 18 18 20 20 20 20 20 6 6 6 6 6 11 11 11 11 11 14 14 14 14 15 ]
Pmin = [ 99 99 99 89 89 100 100 100 100 100 100 100 100 100 100 30 30 30 30 30 56 56 56 56 56 67 67 67 67 80 ]
Pmax = [ 405 405 405 351 351 409 409 409 409 409 420 420 420 420 420 106 106 106 106 106 212 212 212 212 212 262 262 262 262 323 ]
cf = [ 23.2639 23.2639 23.2639 67.2881 67.2881 68.3623 68.3623 68.3623 68.3623 68.3623 16.7517 16.7517 16.7517 16.7517 16.7517 40.035 40.035 40.035 40.035 40.035 31.5328 31.5328 31.5328 31.5328 31.5328 27.3874 27.3874 27.3874 27.3874 36.5862 ]
c0 = [ 250 250 250 235 235 250 250 250 250 250 250 250 250 250 250 92 92 92 92 92 148 148 148 148 148 193 193 193 193 221 ]
cp = [ 9.91023 9.91023 9.91023 14.3264 14.3264 19.4574 19.4574 19.4574 19.4574 19.4574 9.65048 9.65048 9.65048 9.65048 9.65048 35.2264 35.2264 35.2264 35.2264 35.2264 32.0103 32.0103 32.0103 32.0103 32.0103 27.384 27.384 27.384 27.384 18.9885 ]
D = [ 2500 2808 2959 3343 3554 3911 3863 4303 4448 4808 4721 4994 5477 5752 5758 5852 6355 6446 6798 6810 7148 7265 7744 7973 8070 7700 7483 6893 6497 6413 6133 5484 5122 4769 4640 5017 5550 5901 6134 6587 7074 6359 5865 5253 4588 4237 3494 2747 2196 2656 2633 3094 3324 3418 3831 3962 4123 4593 4709 4864 5191 5278 5559 5831 6105 6432 6423 6933 6994 7324 7398 7697 7873 7551 7355 6904 6574 6234 6010 5565 5086 4600 4379 4648 5136 5485 6008 6418 6638 6052 5754 5076 4338 3721 3076 2734 ]
K = 8
nk = [ 1 1 1 2 2 3 3 3 3 3 4 4 4 4 4 5 5 5 5 5 6 6 6 6 6 7 7 7 7 8 ]
First = [ 1 0 0 1 0 1 0 0 0 0 1 0 0 0 0 1 0 0 0 0 1 0 0 0 0 1 0 0 0 1 ]
Last = [ 0 0 1 0 1 0 0 0 0 1 0 0 0 0 1 0 0 0 0 1 0 0 0 0 1 0 0 0 1 1 ]
nS = 1
S = [ 0 1 2 3 4 5 6 7 8 9 10 11 12 13 14 15 16 17 18 19 20 21 22 23 24 25 26 27 28 29 ]
