n = 30 ; 
T = 96 ; 
Init = [ 1 1 1 1 1 1 1 1 1 1 1 1 0 0 0 0 0 0 0 0 0 0 0 0 0 0 0 0 0 0 ]
L = [ 6 6 6 6 6 6 17 17 17 17 17 17 12 15 15 19 12 12 12 5 5 5 5 5 5 11 11 11 11 12 ]
l = [ 6 6 6 6 6 6 17 17 17 17 17 17 12 15 15 19 12 12 12 5 5 5 5 5 5 11 11 11 11 12 ]
Pmin = [ 24 24 24 24 24 24 91 91 91 91 91 91 57 77 77 100 71 71 71 20 20 20 20 20 20 56 56 56 51 67 ]
Pmax = [ 89 89 89 89 89 89 373 373 373 373 373 373 224 309 309 413 257 257 257 62 62 62 62 62 62 200 200 200 200 257 ]
cf = [ 53.3905 53.3905 53.3905 53.3905 53.3905 53.3905 19.7111 19.7111 19.7111 19.7111 19.7111 19.7111 58.0938 19.6326 19.6326 36.909 10.1174 10.1174 10.1174 9.45315 9.45315 9.45315 9.45315 9.45315 9.45315 49.2721 49.2721 49.2721 40.5671 44.4995 ]
c0 = [ 69 69 69 69 69 69 249 249 249 249 249 249 158 202 202 250 199 199 199 63 63 63 63 63 63 155 155 155 146 181 ]
cp = [ 39.508 39.508 39.508 39.508 39.508 39.508 16.4538 16.4538 16.4538 16.4538 16.4538 16.4538 27.0311 17.7707 17.7707 9.993 28.2371 28.2371 28.2371 38.6084 38.6084 38.6084 38.6084 38.6084 38.6084 31.3475 31.3475 31.3475 18.9872 24.2697 ]
D = [ 1409 1560 1745 2028 2145 2346 2496 2484 2719 2946 2958 3172 3408 3330 3476 3680 3837 3934 4104 4223 4506 4532 4764 4829 5082 4991 4648 4479 4294 4058 3925 3715 3479 3132 3054 3261 3441 3839 4133 4397 4622 4156 3862 3551 3105 2807 2550 2109 1605 1798 2037 2264 2325 2358 2612 2649 2762 3017 3031 3257 3397 3603 3743 3768 4003 4142 4376 4501 4453 4733 4768 5027 5157 5001 4658 4552 4279 4073 3961 3653 3496 3233 3010 3237 3579 3683 4055 4118 4585 4226 3769 3383 3087 2629 2374 1922 ]
K = 10
nk = [ 1 1 1 1 1 1 2 2 2 2 2 2 3 4 4 5 6 6 6 7 7 7 7 7 7 8 8 8 9 10 ]
First = [ 1 0 0 0 0 0 1 0 0 0 0 0 1 1 0 1 1 0 0 1 0 0 0 0 0 1 0 0 1 1 ]
Last = [ 0 0 0 0 0 1 0 0 0 0 0 1 1 0 1 1 0 0 1 0 0 0 0 0 1 0 0 1 1 1 ]
nS = 1
S = [ 0 1 2 3 4 5 6 7 8 9 10 11 12 13 14 15 16 17 18 19 20 21 22 23 24 25 26 27 28 29 ]
