n = 30 ; 
T = 96 ; 
Init = [ 1 1 1 1 1 1 0 0 0 0 1 0 0 0 1 1 1 1 0 0 0 0 0 1 1 1 1 1 1 1 ]
L = [ 5 5 5 5 5 5 15 15 15 15 7 20 20 20 15 15 15 15 14 14 14 14 14 8 8 8 14 14 14 14 ]
l = [ 5 5 5 5 5 5 15 15 15 15 7 20 20 20 15 15 15 15 14 14 14 14 14 8 8 8 14 14 14 14 ]
Pmin = [ 18 18 18 18 18 18 80 80 80 80 35 100 100 100 82 82 82 82 79 79 79 79 79 43 43 43 74 74 74 74 ]
Pmax = [ 36 36 36 36 36 36 300 300 300 300 135 420 420 420 317 317 317 317 309 309 309 309 309 158 158 158 297 297 297 297 ]
cf = [ 36.5713 36.5713 36.5713 36.5713 36.5713 36.5713 11.496 11.496 11.496 11.496 20.0448 30.028 30.028 30.028 29.0397 29.0397 29.0397 29.0397 47.7765 47.7765 47.7765 47.7765 47.7765 62.1181 62.1181 62.1181 17.1509 17.1509 17.1509 17.1509 ]
c0 = [ 59 59 59 59 59 59 204 204 204 204 113 250 250 250 217 217 217 217 212 212 212 212 212 130 130 130 205 205 205 205 ]
cp = [ 41.2634 41.2634 41.2634 41.2634 41.2634 41.2634 17.5012 17.5012 17.5012 17.5012 28.7271 9.51737 9.51737 9.51737 19.9684 19.9684 19.9684 19.9684 33.1899 33.1899 33.1899 33.1899 33.1899 36.5093 36.5093 36.5093 33.1632 33.1632 33.1632 33.1632 ]
D = [ 1576 1692 2140 2188 2374 2609 2741 2822 3214 3309 3514 3611 4009 4146 4360 4375 4526 4910 5105 5303 5538 5615 5897 5825 6258 6008 5600 5460 5283 5007 4768 4368 4311 4040 3791 3918 4173 4345 4656 4822 5193 4907 4370 4046 3709 3196 2991 2616 2175 2490 2398 2672 2819 3118 3164 3567 3576 3753 4048 4026 4195 4378 4665 4768 5024 5239 5475 5529 5873 5868 6251 6458 6623 6249 6050 5635 5270 5175 4825 4563 4312 3981 3521 3780 4110 4350 4832 4990 5227 4856 4427 3976 3608 2994 2757 2173 ]
K = 8
nk = [ 1 1 1 1 1 1 2 2 2 2 3 4 4 4 5 5 5 5 6 6 6 6 6 7 7 7 8 8 8 8 ]
First = [ 1 0 0 0 0 0 1 0 0 0 1 1 0 0 1 0 0 0 1 0 0 0 0 1 0 0 1 0 0 0 ]
Last = [ 0 0 0 0 0 1 0 0 0 1 1 0 0 1 0 0 0 1 0 0 0 0 1 0 0 1 0 0 0 1 ]
nS = 1
S = [ 0 1 2 3 4 5 6 7 8 9 10 11 12 13 14 15 16 17 18 19 20 21 22 23 24 25 26 27 28 29 ]
