n = 30 ; 
T = 96 ; 
Init = [ 0 0 0 0 0 0 1 1 1 1 1 1 1 1 1 1 0 1 1 1 0 0 0 0 0 0 0 0 0 0 ]
L = [ 19 19 19 19 19 13 4 4 4 4 6 6 6 6 6 6 18 15 15 15 14 14 14 11 11 11 11 16 16 16 ]
l = [ 19 19 19 19 19 13 4 4 4 4 6 6 6 6 6 6 18 15 15 15 14 14 14 11 11 11 11 16 16 16 ]
Pmin = [ 100 100 100 100 100 73 17 17 17 17 22 22 22 22 22 22 100 79 79 79 76 76 76 58 58 58 58 87 87 87 ]
Pmax = [ 420 420 420 420 420 268 48 48 48 48 70 70 70 70 70 70 390 304 304 304 293 293 293 222 222 222 222 338 338 338 ]
cf = [ 9.91837 9.91837 9.91837 9.91837 9.91837 65.8634 50.9618 50.9618 50.9618 50.9618 13.083 13.083 13.083 13.083 13.083 13.083 64.0352 10.0206 10.0206 10.0206 10.3336 10.3336 10.3336 39.5899 39.5899 39.5899 39.5899 66.835 66.835 66.835 ]
c0 = [ 250 250 250 250 250 186 52 52 52 52 85 85 85 85 85 85 250 222 222 222 206 206 206 169 169 169 169 226 226 226 ]
cp = [ 13.6242 13.6242 13.6242 13.6242 13.6242 29.6552 41.3334 41.3334 41.3334 41.3334 39.247 39.247 39.247 39.247 39.247 39.247 10.3577 19.9862 19.9862 19.9862 17.9663 17.9663 17.9663 28.8205 28.8205 28.8205 28.8205 13.4986 13.4986 13.4986 ]
D = [ 1933 2203 2354 2582 2692 2968 3008 3187 3450 3587 3592 3878 3935 4320 4326 4566 4605 4739 5045 5320 5240 5407 5581 5802 6005 5771 5416 5348 5096 4804 4435 4113 3923 3820 3557 3865 4144 4309 4628 5002 5420 4819 4274 3825 3442 3018 2641 2130 1682 1954 2109 2093 2266 2608 2879 3013 3242 3446 3646 3745 3941 4148 4226 4569 4513 4947 5125 5206 5268 5453 5889 5982 6245 5892 5530 5275 4974 4927 4605 4362 4118 3765 3602 3903 3983 4464 4713 4835 5333 4869 4459 3957 3513 2994 2648 2244 ]
K = 9
nk = [ 1 1 1 1 1 2 3 3 3 3 4 4 4 4 4 4 5 6 6 6 7 7 7 8 8 8 8 9 9 9 ]
First = [ 1 0 0 0 0 1 1 0 0 0 1 0 0 0 0 0 1 1 0 0 1 0 0 1 0 0 0 1 0 0 ]
Last = [ 0 0 0 0 1 1 0 0 0 1 0 0 0 0 0 1 1 0 0 1 0 0 1 0 0 0 1 0 0 1 ]
nS = 1
S = [ 0 1 2 3 4 5 6 7 8 9 10 11 12 13 14 15 16 17 18 19 20 21 22 23 24 25 26 27 28 29 ]
