n = 30 ; 
T = 96 ; 
Init = [ 0 0 0 0 1 1 1 1 1 1 1 0 0 0 0 0 1 1 1 1 1 0 0 0 0 0 0 0 0 0 ]
L = [ 5 5 5 5 6 6 6 6 6 6 11 16 16 16 16 16 5 5 5 5 5 19 19 19 19 18 18 18 8 8 ]
l = [ 5 5 5 5 6 6 6 6 6 6 11 16 16 16 16 16 5 5 5 5 5 19 19 19 19 18 18 18 8 8 ]
Pmin = [ 19 19 19 19 30 30 30 23 23 23 64 79 79 79 79 79 21 21 21 21 21 100 100 100 100 96 96 96 32 32 ]
Pmax = [ 53 53 53 53 102 102 102 84 84 84 228 317 317 317 317 317 67 67 67 67 67 420 420 420 420 403 403 403 124 124 ]
cf = [ 35.5718 35.5718 35.5718 35.5718 56.5523 56.5523 56.5523 29.7339 29.7339 29.7339 13.7468 9.04743 9.04743 9.04743 9.04743 9.04743 60.5708 60.5708 60.5708 60.5708 60.5708 12.0841 12.0841 12.0841 12.0841 42.3264 42.3264 42.3264 48.7263 48.7263 ]
c0 = [ 60 60 60 60 96 96 96 81 81 81 169 211 211 211 211 211 83 83 83 83 83 250 250 250 250 250 250 250 109 109 ]
cp = [ 36.863 36.863 36.863 36.863 31.8252 31.8252 31.8252 37.7397 37.7397 37.7397 27.7069 26.7753 26.7753 26.7753 26.7753 26.7753 34.0152 34.0152 34.0152 34.0152 34.0152 13.6497 13.6497 13.6497 13.6497 12.2466 12.2466 12.2466 22.6521 22.6521 ]
D = [ 1717 1836 1941 2259 2402 2366 2689 2773 2961 2881 3223 3165 3345 3569 3687 3799 4056 4182 4273 4250 4505 4737 4853 4954 4995 4792 4701 4394 4276 4212 3818 3767 3445 3263 3152 3544 3656 3956 4297 4461 4789 4381 3882 3541 2979 2706 2099 1659 1213 1363 1545 1744 1990 2052 2321 2450 2548 2711 2947 3051 3050 3400 3582 3603 3775 3844 4159 4358 4364 4531 4605 4773 5011 4741 4723 4405 4215 3985 3791 3662 3428 3262 3179 3487 3678 3915 4199 4334 4824 4260 3902 3307 2941 2610 2126 1779 ]
K = 9
nk = [ 1 1 1 1 2 2 2 3 3 3 4 5 5 5 5 5 6 6 6 6 6 7 7 7 7 8 8 8 9 9 ]
First = [ 1 0 0 0 1 0 0 1 0 0 1 1 0 0 0 0 1 0 0 0 0 1 0 0 0 1 0 0 1 0 ]
Last = [ 0 0 0 1 0 0 1 0 0 1 1 0 0 0 0 1 0 0 0 0 1 0 0 0 1 0 0 1 0 1 ]
nS = 1
S = [ 0 1 2 3 4 5 6 7 8 9 10 11 12 13 14 15 16 17 18 19 20 21 22 23 24 25 26 27 28 29 ]
