n = 30 ; 
T = 96 ; 
Init = [ 1 1 0 0 0 0 0 0 0 1 1 1 0 0 0 0 1 1 1 0 0 0 0 1 1 1 1 1 1 1 ]
L = [ 19 19 19 19 19 19 19 19 19 16 16 16 19 19 19 19 18 18 18 5 5 6 6 20 20 20 20 20 20 20 ]
l = [ 19 19 19 19 19 19 19 19 19 16 16 16 19 19 19 19 18 18 18 5 5 6 6 20 20 20 20 20 20 20 ]
Pmin = [ 100 100 100 100 100 100 100 100 100 80 80 80 100 100 100 100 100 100 100 29 29 27 27 100 100 100 100 100 100 100 ]
Pmax = [ 420 420 408 408 408 408 408 408 408 329 329 329 393 393 393 393 394 394 394 75 75 86 86 420 420 420 420 420 420 420 ]
cf = [ 59.8219 59.8219 43.5777 43.5777 43.5777 43.5777 43.5777 43.5777 43.5777 68.0659 68.0659 68.0659 30.6696 30.6696 30.6696 30.6696 9.08935 9.08935 9.08935 11.5792 11.5792 45.5805 45.5805 32.0285 32.0285 32.0285 32.0285 32.0285 32.0285 32.0285 ]
c0 = [ 250 250 250 250 250 250 250 250 250 213 213 213 250 250 250 250 250 250 250 86 86 82 82 250 250 250 250 250 250 250 ]
cp = [ 10.3768 10.3768 13.5708 13.5708 13.5708 13.5708 13.5708 13.5708 13.5708 21.8658 21.8658 21.8658 11.2714 11.2714 11.2714 11.2714 14.2359 14.2359 14.2359 41.0916 41.0916 35.846 35.846 8.24279 8.24279 8.24279 8.24279 8.24279 8.24279 8.24279 ]
D = [ 2240 2618 2824 3208 3652 3932 4111 4101 4604 4871 5155 5265 5418 6026 6135 6544 6685 7126 7170 7318 7669 8159 8225 8349 8679 8578 7998 7659 7487 7001 6799 6409 6035 5346 5074 5734 5916 6415 7226 7646 8145 7315 6775 5930 5013 4316 3614 2999 2029 2481 2877 3242 3480 3476 4037 4156 4316 4854 4965 5232 5436 6145 6104 6316 6918 7234 7456 7541 8057 8175 8512 8645 9230 8616 8319 8072 7895 7473 6840 6472 6211 6111 5390 5873 6273 7046 7358 7628 8220 7701 6868 6294 5765 5027 4376 3730 ]
K = 8
nk = [ 1 1 2 2 2 2 2 2 2 3 3 3 4 4 4 4 5 5 5 6 6 7 7 8 8 8 8 8 8 8 ]
First = [ 1 0 1 0 0 0 0 0 0 1 0 0 1 0 0 0 1 0 0 1 0 1 0 1 0 0 0 0 0 0 ]
Last = [ 0 1 0 0 0 0 0 0 1 0 0 1 0 0 0 1 0 0 1 0 1 0 1 0 0 0 0 0 0 1 ]
nS = 1
S = [ 0 1 2 3 4 5 6 7 8 9 10 11 12 13 14 15 16 17 18 19 20 21 22 23 24 25 26 27 28 29 ]
