n = 30 ; 
T = 96 ; 
Init = [ 1 1 1 1 1 1 1 1 1 1 1 0 0 0 0 0 0 0 0 0 1 1 1 1 1 1 1 1 0 0 ]
L = [ 20 20 20 20 20 20 20 20 20 20 20 17 17 10 10 10 10 10 10 10 17 17 17 17 17 17 17 17 7 7 ]
l = [ 20 20 20 20 20 20 20 20 20 20 20 17 17 10 10 10 10 10 10 10 17 17 17 17 17 17 17 17 7 7 ]
Pmin = [ 100 100 100 100 100 100 100 100 100 100 100 95 95 52 52 52 52 52 52 52 89 89 89 89 89 89 89 89 32 32 ]
Pmax = [ 420 420 420 420 420 420 420 420 420 420 420 367 367 204 204 204 204 204 204 204 352 352 352 352 352 352 352 352 116 116 ]
cf = [ 25.1218 25.1218 25.1218 25.1218 25.1218 25.1218 25.1218 25.1218 25.1218 25.1218 25.1218 26.2171 26.2171 34.0401 34.0401 34.0401 34.0401 34.0401 34.0401 34.0401 51.5076 51.5076 51.5076 51.5076 51.5076 51.5076 51.5076 51.5076 52.3407 52.3407 ]
c0 = [ 250 250 250 250 250 250 250 250 250 250 250 250 250 145 145 145 145 145 145 145 232 232 232 232 232 232 232 232 97 97 ]
cp = [ 8.66765 8.66765 8.66765 8.66765 8.66765 8.66765 8.66765 8.66765 8.66765 8.66765 8.66765 14.0957 14.0957 34.1673 34.1673 34.1673 34.1673 34.1673 34.1673 34.1673 22.8585 22.8585 22.8585 22.8585 22.8585 22.8585 22.8585 22.8585 39.0129 39.0129 ]
D = [ 2648 2746 3019 3330 3482 3823 3924 4400 4515 4895 4978 5199 5549 5445 5738 6089 6330 6383 6655 6989 7134 7358 7738 7903 7929 7565 7351 6923 6779 6405 6195 5489 5383 4832 4607 5268 5671 6161 6683 6978 7626 6880 6439 5694 5015 4644 3634 3366 2514 2718 3228 3300 3630 3660 3928 4225 4387 4683 4822 5166 5579 5883 6135 6149 6480 6925 7092 7309 7552 7606 7777 8283 8353 8280 7877 7402 7020 6633 6225 6084 5655 5118 4803 5290 5763 6303 6840 7229 7819 7141 6518 5772 5152 4535 3951 3022 ]
K = 5
nk = [ 1 1 1 1 1 1 1 1 1 1 1 2 2 3 3 3 3 3 3 3 4 4 4 4 4 4 4 4 5 5 ]
First = [ 1 0 0 0 0 0 0 0 0 0 0 1 0 1 0 0 0 0 0 0 1 0 0 0 0 0 0 0 1 0 ]
Last = [ 0 0 0 0 0 0 0 0 0 0 1 0 1 0 0 0 0 0 0 1 0 0 0 0 0 0 0 1 0 1 ]
nS = 1
S = [ 0 1 2 3 4 5 6 7 8 9 10 11 12 13 14 15 16 17 18 19 20 21 22 23 24 25 26 27 28 29 ]
