n = 30 ; 
T = 96 ; 
Init = [ 0 0 1 1 1 0 0 1 0 0 1 1 1 1 0 0 0 0 1 1 1 1 1 1 1 1 1 1 1 1 ]
L = [ 9 9 5 5 5 9 9 7 14 14 7 7 7 7 9 9 9 9 14 14 14 14 14 16 16 16 16 16 11 11 ]
l = [ 9 9 5 5 5 9 9 7 14 14 7 7 7 7 9 9 9 9 14 14 14 14 14 16 16 16 16 16 11 11 ]
Pmin = [ 44 44 15 15 15 40 40 35 77 77 33 33 33 33 45 45 45 45 78 78 78 78 78 92 92 92 92 92 51 51 ]
Pmax = [ 163 163 45 45 45 143 143 123 289 289 125 125 125 125 170 170 170 170 300 300 300 300 300 352 352 352 352 352 206 206 ]
cf = [ 34.7167 34.7167 43.5929 43.5929 43.5929 69.8159 69.8159 58.3356 21.1953 21.1953 64.4016 64.4016 64.4016 64.4016 65.8941 65.8941 65.8941 65.8941 7.58663 7.58663 7.58663 7.58663 7.58663 12.1734 12.1734 12.1734 12.1734 12.1734 46.6956 46.6956 ]
c0 = [ 120 120 59 59 59 116 116 108 214 214 94 94 94 94 136 136 136 136 201 201 201 201 201 247 247 247 247 247 147 147 ]
cp = [ 30.5698 30.5698 41.366 41.366 41.366 27.7262 27.7262 38.7162 22.1774 22.1774 39.3091 39.3091 39.3091 39.3091 38.3835 38.3835 38.3835 38.3835 18.0149 18.0149 18.0149 18.0149 18.0149 13.7912 13.7912 13.7912 13.7912 13.7912 24.0749 24.0749 ]
D = [ 1384 1583 1717 1858 1824 2096 2239 2372 2598 2635 2960 2919 3284 3346 3486 3725 3757 4097 4114 4292 4435 4715 4670 4817 5111 4780 4578 4524 4306 3974 3891 3638 3348 3242 2971 3282 3578 4085 4372 4737 5123 4569 4233 3819 3422 2815 2483 1962 1689 1819 1933 2190 2325 2340 2585 2848 2986 2934 3114 3353 3489 3648 3849 3907 4020 4254 4365 4599 4667 5039 5046 5182 5393 5188 4957 4753 4470 4475 4091 4032 3758 3582 3372 3556 3969 4075 4365 4760 4908 4539 4080 3777 3409 2996 2594 2182 ]
K = 10
nk = [ 1 1 2 2 2 3 3 4 5 5 6 6 6 6 7 7 7 7 8 8 8 8 8 9 9 9 9 9 10 10 ]
First = [ 1 0 1 0 0 1 0 1 1 0 1 0 0 0 1 0 0 0 1 0 0 0 0 1 0 0 0 0 1 0 ]
Last = [ 0 1 0 0 1 0 1 1 0 1 0 0 0 1 0 0 0 1 0 0 0 0 1 0 0 0 0 1 0 1 ]
nS = 1
S = [ 0 1 2 3 4 5 6 7 8 9 10 11 12 13 14 15 16 17 18 19 20 21 22 23 24 25 26 27 28 29 ]
