n = 30 ; 
T = 96 ; 
Init = [ 0 0 0 0 0 0 0 0 0 0 1 1 1 1 1 1 1 1 1 1 1 1 1 1 1 0 0 0 0 0 ]
L = [ 20 20 20 20 18 18 18 18 18 18 18 18 18 18 18 18 18 18 18 6 6 6 6 6 6 18 18 17 17 17 ]
l = [ 20 20 20 20 18 18 18 18 18 18 18 18 18 18 18 18 18 18 18 6 6 6 6 6 6 18 18 17 17 17 ]
Pmin = [ 100 100 100 100 97 97 97 97 97 97 95 95 95 99 99 99 99 99 99 29 29 29 29 29 29 100 100 93 93 93 ]
Pmax = [ 420 420 420 420 403 403 403 403 403 403 370 370 370 395 395 395 395 395 395 98 98 98 98 98 98 393 393 379 379 379 ]
cf = [ 11.2901 11.2901 11.2901 11.2901 60.7878 60.7878 60.7878 60.7878 60.7878 60.7878 29.9963 29.9963 29.9963 69.5457 69.5457 69.5457 69.5457 69.5457 69.5457 10.6942 10.6942 10.6942 10.6942 10.6942 10.6942 68.7085 68.7085 25.5462 25.5462 25.5462 ]
c0 = [ 250 250 250 250 244 244 244 244 244 244 250 250 250 250 250 250 250 250 250 94 94 94 94 94 94 250 250 250 250 250 ]
cp = [ 8.75194 8.75194 8.75194 8.75194 11.9201 11.9201 11.9201 11.9201 11.9201 11.9201 12.174 12.174 12.174 9.8865 9.8865 9.8865 9.8865 9.8865 9.8865 39.2583 39.2583 39.2583 39.2583 39.2583 39.2583 26.5466 26.5466 12.762 12.762 12.762 ]
D = [ 2900 3141 3641 3539 3756 4306 4314 4698 4717 4990 5326 5421 5772 5803 6343 6448 6772 6794 6875 7387 7452 7725 8044 7996 8254 7913 7560 7567 7027 6722 6473 6165 5876 5498 5266 5725 6024 6331 6948 7445 7799 6999 6241 5597 5005 4158 3796 2900 2408 2703 2848 2885 3554 3626 3850 4135 4685 4925 5244 5336 5668 6013 6375 6581 6708 7134 7261 7682 8041 8216 8333 8537 9042 8650 8190 7769 7459 6883 6292 6157 5594 5269 4889 5204 5565 6022 6744 6969 7384 7006 6307 5635 4917 4298 3550 3079 ]
K = 7
nk = [ 1 1 1 1 2 2 2 2 2 2 3 3 3 4 4 4 4 4 4 5 5 5 5 5 5 6 6 7 7 7 ]
First = [ 1 0 0 0 1 0 0 0 0 0 1 0 0 1 0 0 0 0 0 1 0 0 0 0 0 1 0 1 0 0 ]
Last = [ 0 0 0 1 0 0 0 0 0 1 0 0 1 0 0 0 0 0 1 0 0 0 0 0 1 0 1 0 0 1 ]
nS = 1
S = [ 0 1 2 3 4 5 6 7 8 9 10 11 12 13 14 15 16 17 18 19 20 21 22 23 24 25 26 27 28 29 ]
