n = 30 ; 
T = 96 ; 
Init = [ 1 1 1 1 0 0 0 0 0 1 1 1 1 1 1 1 0 0 0 1 1 1 0 0 0 0 0 0 0 0 ]
L = [ 16 16 16 16 5 5 5 5 10 9 9 9 9 9 9 9 6 6 6 19 19 19 18 18 18 4 4 4 4 4 ]
l = [ 16 16 16 16 5 5 5 5 10 9 9 9 9 9 9 9 6 6 6 19 19 19 18 18 18 4 4 4 4 4 ]
Pmin = [ 82 82 82 82 20 20 20 20 53 44 44 44 44 44 44 44 30 30 30 100 100 100 91 91 91 13 13 13 13 13 ]
Pmax = [ 334 334 334 334 51 51 51 51 189 149 149 149 149 149 149 149 83 83 83 405 405 405 377 377 377 29 29 29 29 29 ]
cf = [ 33.911 33.911 33.911 33.911 43.4238 43.4238 43.4238 43.4238 50.1348 68.3636 68.3636 68.3636 68.3636 68.3636 68.3636 68.3636 55.9739 55.9739 55.9739 37.2266 37.2266 37.2266 31.369 31.369 31.369 52.9616 52.9616 52.9616 52.9616 52.9616 ]
c0 = [ 220 220 220 220 61 61 61 61 149 121 121 121 121 121 121 121 101 101 101 250 250 250 250 250 250 62 62 62 62 62 ]
cp = [ 19.5864 19.5864 19.5864 19.5864 41.6511 41.6511 41.6511 41.6511 18.8709 34.186 34.186 34.186 34.186 34.186 34.186 34.186 40.2207 40.2207 40.2207 8.65456 8.65456 8.65456 15.6085 15.6085 15.6085 41.9979 41.9979 41.9979 41.9979 41.9979 ]
D = [ 1242 1410 1678 1643 1966 1936 2247 2382 2535 2695 2789 2949 3071 3244 3346 3618 3634 3862 4106 4172 4316 4512 4637 4711 5015 4737 4499 4283 4006 3848 3546 3446 3302 3115 2827 3079 3156 3472 3705 4002 4104 3925 3433 3150 2770 2446 2062 1765 1406 1540 1690 1906 2018 2167 2322 2270 2555 2605 2624 2938 2914 3175 3333 3395 3437 3660 3813 3798 4093 4084 4253 4346 4516 4407 4050 3946 3796 3523 3289 3289 3020 2807 2675 2849 3120 3475 3689 3894 4170 3896 3466 3211 2849 2668 2345 1897 ]
K = 8
nk = [ 1 1 1 1 2 2 2 2 3 4 4 4 4 4 4 4 5 5 5 6 6 6 7 7 7 8 8 8 8 8 ]
First = [ 1 0 0 0 1 0 0 0 1 1 0 0 0 0 0 0 1 0 0 1 0 0 1 0 0 1 0 0 0 0 ]
Last = [ 0 0 0 1 0 0 0 1 1 0 0 0 0 0 0 1 0 0 1 0 0 1 0 0 1 0 0 0 0 1 ]
nS = 1
S = [ 0 1 2 3 4 5 6 7 8 9 10 11 12 13 14 15 16 17 18 19 20 21 22 23 24 25 26 27 28 29 ]
