n = 30 ; 
T = 96 ; 
Init = [ 1 1 1 1 1 1 1 0 0 1 1 1 1 1 1 1 1 1 1 1 1 1 1 1 0 0 0 0 0 0 ]
L = [ 13 13 13 13 9 9 9 20 20 14 14 14 14 18 15 15 15 15 15 13 13 8 8 8 7 7 7 7 10 10 ]
l = [ 13 13 13 13 9 9 9 20 20 14 14 14 14 18 15 15 15 15 15 13 13 8 8 8 7 7 7 7 10 10 ]
Pmin = [ 70 70 70 70 45 45 45 100 100 76 76 76 76 88 77 77 77 77 77 72 72 45 45 45 32 32 32 32 53 53 ]
Pmax = [ 268 268 268 268 169 169 169 420 420 289 289 289 289 363 307 307 307 307 307 290 290 143 143 143 117 117 117 117 176 176 ]
cf = [ 69.1292 69.1292 69.1292 69.1292 8.94204 8.94204 8.94204 40.9001 40.9001 65.7692 65.7692 65.7692 65.7692 29.2045 34.54 34.54 34.54 34.54 34.54 67.2973 67.2973 8.30769 8.30769 8.30769 41.2485 41.2485 41.2485 41.2485 63.9666 63.9666 ]
c0 = [ 178 178 178 178 126 126 126 250 250 199 199 199 199 240 196 196 196 196 196 198 198 120 120 120 107 107 107 107 155 155 ]
cp = [ 35.7761 35.7761 35.7761 35.7761 26.2786 26.2786 26.2786 8.05637 8.05637 19.9378 19.9378 19.9378 19.9378 21.1572 15.7119 15.7119 15.7119 15.7119 15.7119 25.0433 25.0433 31.9692 31.9692 31.9692 36.8695 36.8695 36.8695 36.8695 32.8191 32.8191 ]
D = [ 1848 2089 2271 2360 2461 2748 2815 3146 3269 3422 3490 3691 3788 4217 4264 4395 4690 4673 4921 5059 5136 5532 5554 5740 5963 5656 5645 5227 4991 4736 4764 4429 4247 3996 3874 4151 4253 4555 4995 5343 5630 5234 4880 4360 3932 3457 2898 2597 2077 2237 2644 2682 2758 2967 3279 3319 3483 3679 4049 4180 4181 4521 4738 4735 4915 5173 5441 5362 5693 5869 6082 6074 6412 6012 5908 5455 5152 5015 4739 4387 4234 3898 3700 4004 4257 4461 4922 5163 5388 5057 4559 4208 3749 3293 2763 2601 ]
K = 10
nk = [ 1 1 1 1 2 2 2 3 3 4 4 4 4 5 6 6 6 6 6 7 7 8 8 8 9 9 9 9 10 10 ]
First = [ 1 0 0 0 1 0 0 1 0 1 0 0 0 1 1 0 0 0 0 1 0 1 0 0 1 0 0 0 1 0 ]
Last = [ 0 0 0 1 0 0 1 0 1 0 0 0 1 1 0 0 0 0 1 0 1 0 0 1 0 0 0 1 0 1 ]
nS = 1
S = [ 0 1 2 3 4 5 6 7 8 9 10 11 12 13 14 15 16 17 18 19 20 21 22 23 24 25 26 27 28 29 ]
