n = 30 ; 
T = 96 ; 
Init = [ 0 0 0 1 1 1 1 1 1 1 1 1 1 0 0 0 1 1 1 0 1 1 1 0 0 0 0 0 0 0 ]
L = [ 16 16 16 10 10 10 10 10 11 11 11 5 5 6 6 14 10 19 19 7 19 19 19 13 13 13 17 17 17 15 ]
l = [ 16 16 16 10 10 10 10 10 11 11 11 5 5 6 6 14 10 19 19 7 19 19 19 13 13 13 17 17 17 15 ]
Pmin = [ 87 87 87 48 48 48 48 48 54 54 54 19 19 25 25 80 52 100 100 30 99 99 99 64 64 64 90 90 90 73 ]
Pmax = [ 335 335 335 191 191 191 191 191 209 209 209 63 63 71 71 319 208 416 416 110 401 401 401 246 246 246 361 361 361 304 ]
cf = [ 36.1583 36.1583 36.1583 31.4606 31.4606 31.4606 31.4606 31.4606 18.1889 18.1889 18.1889 59.481 59.481 35.529 35.529 37.0392 59.4163 62.9167 62.9167 61.6309 21.7672 21.7672 21.7672 37.1355 37.1355 37.1355 48.9391 48.9391 48.9391 14.1681 ]
c0 = [ 235 235 235 129 129 129 129 129 149 149 149 58 58 78 78 225 145 250 250 92 250 250 250 182 182 182 246 246 246 187 ]
cp = [ 23.7609 23.7609 23.7609 29.8117 29.8117 29.8117 29.8117 29.8117 30.5307 30.5307 30.5307 40.3176 40.3176 38.8005 38.8005 24.0412 25.5938 8.54688 8.54688 34.8536 10.075 10.075 10.075 28.5788 28.5788 28.5788 22.0839 22.0839 22.0839 19.1594 ]
D = [ 1980 2258 2355 2537 2808 3018 3274 3603 3644 4020 4033 4115 4549 4628 4809 5080 5397 5547 5619 5929 6179 6132 6414 6681 6704 6592 6189 5914 5580 5251 5073 4706 4458 4181 3798 4222 4247 4521 5076 5251 5398 5040 4679 4334 3858 3481 2905 2548 2191 2214 2335 2692 2922 3072 3093 3298 3575 3839 4101 4097 4283 4676 4712 4878 5228 5453 5474 5595 5895 6008 6395 6448 6726 6426 6031 5889 5474 5452 5106 4663 4470 4358 4079 4119 4465 4821 4874 5303 5424 4876 4440 4191 3536 3249 2668 2475 ]
K = 13
nk = [ 1 1 1 2 2 2 2 2 3 3 3 4 4 5 5 6 7 8 8 9 10 10 10 11 11 11 12 12 12 13 ]
First = [ 1 0 0 1 0 0 0 0 1 0 0 1 0 1 0 1 1 1 0 1 1 0 0 1 0 0 1 0 0 1 ]
Last = [ 0 0 1 0 0 0 0 1 0 0 1 0 1 0 1 1 1 0 1 1 0 0 1 0 0 1 0 0 1 1 ]
nS = 1
S = [ 0 1 2 3 4 5 6 7 8 9 10 11 12 13 14 15 16 17 18 19 20 21 22 23 24 25 26 27 28 29 ]
