n = 30 ; 
T = 96 ; 
Init = [ 0 0 0 0 0 0 0 1 1 1 1 1 1 1 1 0 0 0 0 0 0 0 0 0 0 0 0 0 0 0 ]
L = [ 13 13 13 13 13 13 13 19 19 19 19 19 19 19 19 9 9 9 9 9 9 9 9 9 9 9 9 9 9 14 ]
l = [ 13 13 13 13 13 13 13 19 19 19 19 19 19 19 19 9 9 9 9 9 9 9 9 9 9 9 9 9 9 14 ]
Pmin = [ 78 78 78 78 78 78 78 100 100 100 100 100 100 100 100 47 47 47 47 47 47 47 47 47 47 47 47 47 47 72 ]
Pmax = [ 289 289 289 289 289 289 289 408 408 408 408 408 408 408 408 165 165 165 165 165 165 165 165 165 165 165 165 165 165 283 ]
cf = [ 36.1176 36.1176 36.1176 36.1176 36.1176 36.1176 36.1176 16.9531 16.9531 16.9531 16.9531 16.9531 16.9531 16.9531 16.9531 64.6694 64.6694 64.6694 64.6694 64.6694 64.6694 64.6694 64.6694 64.6694 64.6694 64.6694 64.6694 64.6694 64.6694 10.8383 ]
c0 = [ 199 199 199 199 199 199 199 250 250 250 250 250 250 250 250 136 136 136 136 136 136 136 136 136 136 136 136 136 136 199 ]
cp = [ 26.9739 26.9739 26.9739 26.9739 26.9739 26.9739 26.9739 9.60257 9.60257 9.60257 9.60257 9.60257 9.60257 9.60257 9.60257 27.9199 27.9199 27.9199 27.9199 27.9199 27.9199 27.9199 27.9199 27.9199 27.9199 27.9199 27.9199 27.9199 27.9199 12.7054 ]
D = [ 2057 2438 2698 2804 2908 3054 3408 3506 3790 3989 4119 4345 4600 4620 5033 4998 5291 5515 5680 5831 6192 6133 6436 6640 6838 6591 6211 5973 5863 5604 5127 4778 4705 4294 4171 4320 4804 5152 5520 5778 6132 5526 5223 4413 3948 3549 2824 2459 1872 2117 2185 2348 2484 2902 2913 3062 3275 3524 3873 3948 4347 4490 4694 4771 4927 5035 5426 5531 5890 6025 6219 6417 6698 6315 5931 5878 5640 5291 5102 4802 4498 4178 4157 4403 4913 5317 5513 6037 6175 5599 5077 4492 3859 3342 2949 2274 ]
K = 4
nk = [ 1 1 1 1 1 1 1 2 2 2 2 2 2 2 2 3 3 3 3 3 3 3 3 3 3 3 3 3 3 4 ]
First = [ 1 0 0 0 0 0 0 1 0 0 0 0 0 0 0 1 0 0 0 0 0 0 0 0 0 0 0 0 0 1 ]
Last = [ 0 0 0 0 0 0 1 0 0 0 0 0 0 0 1 0 0 0 0 0 0 0 0 0 0 0 0 0 1 1 ]
nS = 1
S = [ 0 1 2 3 4 5 6 7 8 9 10 11 12 13 14 15 16 17 18 19 20 21 22 23 24 25 26 27 28 29 ]
