n = 30 ; 
T = 96 ; 
Init = [ 1 0 0 0 0 0 0 0 0 0 0 0 0 0 0 0 0 0 0 0 0 0 0 1 0 0 0 0 0 0 ]
L = [ 14 18 18 18 18 18 8 8 8 8 8 19 19 19 19 19 19 9 9 9 9 9 9 16 8 20 17 17 17 10 ]
l = [ 14 18 18 18 18 18 8 8 8 8 8 19 19 19 19 19 19 9 9 9 9 9 9 16 8 20 17 17 17 10 ]
Pmin = [ 73 98 98 98 98 98 40 40 40 40 40 100 100 100 100 100 100 48 48 48 48 48 48 83 37 100 98 98 98 48 ]
Pmax = [ 292 393 393 393 393 393 138 138 138 138 138 420 420 420 420 420 420 180 180 180 180 180 180 331 123 420 376 376 376 187 ]
cf = [ 19.2536 10.572 10.572 10.572 10.572 10.572 53.8414 53.8414 53.8414 53.8414 53.8414 50.0388 50.0388 50.0388 50.0388 50.0388 50.0388 8.13707 8.13707 8.13707 8.13707 8.13707 8.13707 30.6427 37.3005 27.2198 42.8762 42.8762 42.8762 61.5771 ]
c0 = [ 195 247 247 247 247 247 117 117 117 117 117 250 250 250 250 250 250 139 139 139 139 139 139 226 106 250 250 250 250 131 ]
cp = [ 18.83 18.9839 18.9839 18.9839 18.9839 18.9839 23.4319 23.4319 23.4319 23.4319 23.4319 12.1072 12.1072 12.1072 12.1072 12.1072 12.1072 29.1246 29.1246 29.1246 29.1246 29.1246 29.1246 18.9751 31.9674 9.49869 17.0668 17.0668 17.0668 35.9681 ]
D = [ 2449 2779 2875 3188 3256 3455 3656 3863 4226 4288 4586 4697 4898 5005 5309 5571 5677 5841 6222 6456 6581 6876 7026 7255 7579 7299 6763 6436 6198 6008 5531 5104 5036 4795 4472 4538 4912 5207 5620 5799 6296 5638 5258 4587 4176 3542 3273 2758 2311 2284 2756 2954 3053 3161 3435 3657 3950 4109 4226 4590 4738 4959 5384 5515 5835 5778 6093 6253 6663 6805 7052 7326 7348 7039 6943 6479 6177 5816 5490 5137 4881 4459 4086 4827 5062 5511 5907 6566 6956 6188 5582 5191 4425 3676 3197 2534 ]
K = 10
nk = [ 1 2 2 2 2 2 3 3 3 3 3 4 4 4 4 4 4 5 5 5 5 5 5 6 7 8 9 9 9 10 ]
First = [ 1 1 0 0 0 0 1 0 0 0 0 1 0 0 0 0 0 1 0 0 0 0 0 1 1 1 1 0 0 1 ]
Last = [ 1 0 0 0 0 1 0 0 0 0 1 0 0 0 0 0 1 0 0 0 0 0 1 1 1 1 0 0 1 1 ]
nS = 1
S = [ 0 1 2 3 4 5 6 7 8 9 10 11 12 13 14 15 16 17 18 19 20 21 22 23 24 25 26 27 28 29 ]
