n = 30 ; 
T = 96 ; 
Init = [ 0 0 0 0 0 0 0 0 0 0 0 0 1 1 1 1 1 1 1 1 1 1 1 1 1 1 1 1 1 1 ]
L = [ 19 19 19 19 19 19 11 19 15 15 15 15 7 7 7 7 13 13 13 20 20 20 15 15 15 15 15 15 18 15 ]
l = [ 19 19 19 19 19 19 11 19 15 15 15 15 7 7 7 7 13 13 13 20 20 20 15 15 15 15 15 15 18 15 ]
Pmin = [ 100 100 100 100 100 100 55 100 86 86 86 86 33 33 33 33 72 72 72 100 100 100 87 87 87 87 87 87 100 82 ]
Pmax = [ 404 404 404 404 404 404 217 405 331 331 331 331 127 127 127 127 264 264 264 420 420 420 331 331 331 331 331 331 405 315 ]
cf = [ 47.9979 47.9979 47.9979 47.9979 47.9979 47.9979 17.5106 11.6981 69.8911 69.8911 69.8911 69.8911 21.4844 21.4844 21.4844 21.4844 63.829 63.829 63.829 31.1322 31.1322 31.1322 13.2982 13.2982 13.2982 13.2982 13.2982 13.2982 48.5583 41.0614 ]
c0 = [ 250 250 250 250 250 250 146 250 218 218 218 218 108 108 108 108 191 191 191 250 250 250 235 235 235 235 235 235 250 218 ]
cp = [ 11.7613 11.7613 11.7613 11.7613 11.7613 11.7613 27.6244 8.98217 25.0536 25.0536 25.0536 25.0536 31.4107 31.4107 31.4107 31.4107 23.4913 23.4913 23.4913 9.62506 9.62506 9.62506 21.8507 21.8507 21.8507 21.8507 21.8507 21.8507 9.26897 12.4245 ]
D = [ 2803 3062 3104 3574 3662 4044 4139 4440 4804 4813 5267 5314 5769 5858 6303 6288 6456 6903 7254 7447 7449 7878 7897 8125 8698 8168 7977 7595 7311 6876 6492 6157 5736 5536 5042 5630 5959 6480 6739 7189 7474 6873 6440 5479 5109 4491 3656 3211 2494 2712 3002 2993 3372 3633 4078 3988 4218 4680 4908 5289 5224 5613 5899 5928 6152 6461 6736 7004 7140 7485 7644 8192 8349 8101 7504 7357 6873 6650 6221 5661 5412 5029 4602 5335 5815 6051 6450 6916 7755 7021 6507 5536 4946 4474 3673 3062 ]
K = 10
nk = [ 1 1 1 1 1 1 2 3 4 4 4 4 5 5 5 5 6 6 6 7 7 7 8 8 8 8 8 8 9 10 ]
First = [ 1 0 0 0 0 0 1 1 1 0 0 0 1 0 0 0 1 0 0 1 0 0 1 0 0 0 0 0 1 1 ]
Last = [ 0 0 0 0 0 1 1 1 0 0 0 1 0 0 0 1 0 0 1 0 0 1 0 0 0 0 0 1 1 1 ]
nS = 1
S = [ 0 1 2 3 4 5 6 7 8 9 10 11 12 13 14 15 16 17 18 19 20 21 22 23 24 25 26 27 28 29 ]
