n = 30 ; 
T = 96 ; 
Init = [ 0 0 1 1 1 1 1 1 0 0 0 0 0 0 0 0 0 0 1 1 1 1 1 1 1 1 1 1 1 1 ]
L = [ 19 19 18 18 18 18 18 13 6 6 6 10 10 10 20 20 20 20 16 16 16 16 17 17 17 17 17 9 9 9 ]
l = [ 19 19 18 18 18 18 18 13 6 6 6 10 10 10 20 20 20 20 16 16 16 16 17 17 17 17 17 9 9 9 ]
Pmin = [ 96 96 86 86 86 86 86 69 35 35 35 57 57 57 100 100 100 100 88 88 88 88 89 89 89 89 89 53 53 53 ]
Pmax = [ 394 394 360 360 360 360 360 261 102 102 102 199 199 199 415 415 415 415 327 327 327 327 370 370 370 370 370 179 179 179 ]
cf = [ 37.9364 37.9364 54.9832 54.9832 54.9832 54.9832 54.9832 38.1426 13.8994 13.8994 13.8994 12.4308 12.4308 12.4308 60.4362 60.4362 60.4362 60.4362 44.5793 44.5793 44.5793 44.5793 65.4489 65.4489 65.4489 65.4489 65.4489 18.564 18.564 18.564 ]
c0 = [ 250 250 228 228 228 228 228 190 101 101 101 155 155 155 250 250 250 250 239 239 239 239 232 232 232 232 232 149 149 149 ]
cp = [ 10.6699 10.6699 10.43 10.43 10.43 10.43 10.43 18.8161 40.0283 40.0283 40.0283 32.6268 32.6268 32.6268 9.01034 9.01034 9.01034 9.01034 20.4716 20.4716 20.4716 20.4716 24.3148 24.3148 24.3148 24.3148 24.3148 35.2217 35.2217 35.2217 ]
D = [ 1948 2273 2556 2661 3079 3359 3635 3590 3859 4122 4650 4863 4865 5069 5577 5597 5982 6190 6488 6538 7106 7072 7436 7550 7976 7429 7246 7017 6581 6198 6097 5764 5460 5031 4921 5008 5197 5700 5860 6071 6591 5851 5210 4668 4249 3870 3101 2456 2126 2316 2643 2832 3151 3198 3629 3513 3772 4182 4439 4582 4831 5267 5329 5445 5770 6136 6137 6632 6905 6910 7169 7610 7757 7344 6974 6740 6396 6114 5794 5273 4945 4718 4152 4626 4930 5278 5767 6095 6618 5816 5468 4692 4455 3569 3039 2529 ]
K = 9
nk = [ 1 1 2 2 2 2 2 3 4 4 4 5 5 5 6 6 6 6 7 7 7 7 8 8 8 8 8 9 9 9 ]
First = [ 1 0 1 0 0 0 0 1 1 0 0 1 0 0 1 0 0 0 1 0 0 0 1 0 0 0 0 1 0 0 ]
Last = [ 0 1 0 0 0 0 1 1 0 0 1 0 0 1 0 0 0 1 0 0 0 1 0 0 0 0 1 0 0 1 ]
nS = 1
S = [ 0 1 2 3 4 5 6 7 8 9 10 11 12 13 14 15 16 17 18 19 20 21 22 23 24 25 26 27 28 29 ]
