n = 30 ; 
T = 96 ; 
Init = [ 1 1 1 1 1 1 0 0 0 0 1 1 1 1 1 0 0 0 0 0 0 0 0 0 0 0 0 0 1 1 ]
L = [ 9 9 9 9 9 9 12 12 12 12 14 14 14 14 14 19 19 19 19 19 19 19 19 19 19 19 19 19 20 20 ]
l = [ 9 9 9 9 9 9 12 12 12 12 14 14 14 14 14 19 19 19 19 19 19 19 19 19 19 19 19 19 20 20 ]
Pmin = [ 50 50 50 50 50 50 63 63 63 63 77 77 77 77 77 100 100 100 100 100 100 100 100 100 100 100 100 100 100 100 ]
Pmax = [ 167 167 167 167 167 167 244 244 244 244 301 301 301 301 301 417 417 417 417 417 417 392 392 392 392 392 392 392 414 414 ]
cf = [ 58.3189 58.3189 58.3189 58.3189 58.3189 58.3189 33.9421 33.9421 33.9421 33.9421 30.0417 30.0417 30.0417 30.0417 30.0417 16.4686 16.4686 16.4686 16.4686 16.4686 16.4686 47.4428 47.4428 47.4428 47.4428 47.4428 47.4428 47.4428 31.4019 31.4019 ]
c0 = [ 148 148 148 148 148 148 163 163 163 163 202 202 202 202 202 250 250 250 250 250 250 250 250 250 250 250 250 250 250 250 ]
cp = [ 20.3477 20.3477 20.3477 20.3477 20.3477 20.3477 24.6641 24.6641 24.6641 24.6641 22.7645 22.7645 22.7645 22.7645 22.7645 10.6606 10.6606 10.6606 10.6606 10.6606 10.6606 9.84749 9.84749 9.84749 9.84749 9.84749 9.84749 9.84749 10.6024 10.6024 ]
D = [ 2213 2354 2912 3176 3298 3490 3911 4025 4182 4566 4680 4880 5331 5485 5634 6179 6315 6441 6985 6960 7184 7641 7975 7976 8233 7863 7639 7289 7065 6444 6019 5748 5397 4894 4634 5310 5523 5826 6362 6861 7293 6706 6168 5432 4746 4486 3658 3238 2708 2826 2900 3442 3316 3784 4083 4081 4487 4495 4888 5153 5263 5536 5600 5981 5993 6142 6541 6918 7099 7331 7592 7699 7673 7539 7285 6747 6483 6383 5698 5384 5184 4739 4749 5017 5633 6153 6584 7007 7318 6843 6232 5736 4935 4554 3840 3216 ]
K = 6
nk = [ 1 1 1 1 1 1 2 2 2 2 3 3 3 3 3 4 4 4 4 4 4 5 5 5 5 5 5 5 6 6 ]
First = [ 1 0 0 0 0 0 1 0 0 0 1 0 0 0 0 1 0 0 0 0 0 1 0 0 0 0 0 0 1 0 ]
Last = [ 0 0 0 0 0 1 0 0 0 1 0 0 0 0 1 0 0 0 0 0 1 0 0 0 0 0 0 1 0 1 ]
nS = 1
S = [ 0 1 2 3 4 5 6 7 8 9 10 11 12 13 14 15 16 17 18 19 20 21 22 23 24 25 26 27 28 29 ]
