n = 30 ; 
T = 96 ; 
Init = [ 1 1 1 1 1 1 0 0 0 0 0 0 1 1 1 1 0 0 0 0 0 0 0 0 0 0 0 0 0 0 ]
L = [ 17 17 17 17 17 17 19 19 19 19 19 19 17 17 17 17 18 17 17 17 17 4 4 4 4 16 16 16 16 16 ]
l = [ 17 17 17 17 17 17 19 19 19 19 19 19 17 17 17 17 18 17 17 17 17 4 4 4 4 16 16 16 16 16 ]
Pmin = [ 96 96 96 96 96 96 100 100 100 100 100 100 93 93 93 93 100 90 90 90 90 20 20 20 20 90 90 90 90 90 ]
Pmax = [ 367 367 367 367 367 367 415 415 415 415 415 415 365 365 365 365 409 363 363 363 363 58 58 58 58 339 339 339 339 339 ]
cf = [ 51.3635 51.3635 51.3635 51.3635 51.3635 51.3635 31.3873 31.3873 31.3873 31.3873 31.3873 31.3873 8.47711 8.47711 8.47711 8.47711 19.7227 53.8941 53.8941 53.8941 53.8941 58.4553 58.4553 58.4553 58.4553 7.7333 7.7333 7.7333 7.7333 7.7333 ]
c0 = [ 250 250 250 250 250 250 250 250 250 250 250 250 244 244 244 244 250 243 243 243 243 76 76 76 76 241 241 241 241 241 ]
cp = [ 26.5595 26.5595 26.5595 26.5595 26.5595 26.5595 10.0408 10.0408 10.0408 10.0408 10.0408 10.0408 16.9101 16.9101 16.9101 16.9101 11.4131 24.545 24.545 24.545 24.545 40.4492 40.4492 40.4492 40.4492 17.4132 17.4132 17.4132 17.4132 17.4132 ]
D = [ 2050 2510 2629 2974 3078 3255 3409 3786 4059 4511 4395 4923 5137 5311 5425 5675 6128 6248 6660 6748 6941 7436 7751 7943 8063 7647 7598 7271 6961 6300 6162 5777 5724 5058 4768 5327 5744 6115 6803 7243 7418 7085 6351 5835 5029 4556 4042 3438 2527 3047 3254 3295 3686 3882 3929 4373 4350 4727 5036 5062 5464 5494 5894 6227 6106 6505 6572 7128 7009 7571 7536 7956 8218 7663 7565 7160 6851 6706 6411 6016 5768 5453 4873 5479 5823 6152 6578 7070 7549 6633 5896 5524 4809 4246 3581 2917 ]
K = 7
nk = [ 1 1 1 1 1 1 2 2 2 2 2 2 3 3 3 3 4 5 5 5 5 6 6 6 6 7 7 7 7 7 ]
First = [ 1 0 0 0 0 0 1 0 0 0 0 0 1 0 0 0 1 1 0 0 0 1 0 0 0 1 0 0 0 0 ]
Last = [ 0 0 0 0 0 1 0 0 0 0 0 1 0 0 0 1 1 0 0 0 1 0 0 0 1 0 0 0 0 1 ]
nS = 1
S = [ 0 1 2 3 4 5 6 7 8 9 10 11 12 13 14 15 16 17 18 19 20 21 22 23 24 25 26 27 28 29 ]
