n = 30 ; 
T = 96 ; 
Init = [ 1 1 1 1 1 1 1 1 1 1 1 1 1 1 0 0 0 0 0 0 0 0 0 0 1 1 1 1 1 1 ]
L = [ 20 20 20 20 20 7 7 7 7 7 7 13 13 13 19 19 19 19 19 19 19 19 19 19 4 4 4 4 4 4 ]
l = [ 20 20 20 20 20 7 7 7 7 7 7 13 13 13 19 19 19 19 19 19 19 19 19 19 4 4 4 4 4 4 ]
Pmin = [ 100 100 100 100 100 36 36 36 36 36 36 74 74 74 100 100 100 100 100 100 100 100 100 100 24 24 24 24 24 24 ]
Pmax = [ 420 420 420 420 420 117 117 117 117 117 117 284 284 284 403 403 403 403 403 403 403 403 403 403 60 60 60 60 60 60 ]
cf = [ 68.014 68.014 68.014 68.014 68.014 8.33226 8.33226 8.33226 8.33226 8.33226 8.33226 16.0922 16.0922 16.0922 15.3145 15.3145 15.3145 15.3145 15.3145 15.3145 15.3145 15.3145 15.3145 15.3145 29.6816 29.6816 29.6816 29.6816 29.6816 29.6816 ]
c0 = [ 250 250 250 250 250 107 107 107 107 107 107 191 191 191 250 250 250 250 250 250 250 250 250 250 69 69 69 69 69 69 ]
cp = [ 8.16871 8.16871 8.16871 8.16871 8.16871 39.8356 39.8356 39.8356 39.8356 39.8356 39.8356 20.259 20.259 20.259 10.0455 10.0455 10.0455 10.0455 10.0455 10.0455 10.0455 10.0455 10.0455 10.0455 41.6212 41.6212 41.6212 41.6212 41.6212 41.6212 ]
D = [ 2113 2294 2333 2742 2910 3183 3103 3592 3668 3700 4064 4353 4486 4523 4899 5005 5350 5640 5666 5962 6274 6196 6660 6832 6854 6594 6249 5950 5822 5516 5089 4844 4513 4241 3878 4150 4588 4903 5137 5445 5907 5494 4757 4341 3759 3513 2998 2554 1944 2214 2376 2692 2928 3103 3280 3521 3580 3824 4045 4143 4336 4820 5024 5201 5267 5447 5756 5882 6123 6490 6509 6657 6983 6556 6538 6165 5860 5617 5384 5137 4957 4679 4219 4582 4786 5133 5209 5587 5650 5343 4894 4224 3872 3421 2722 2229 ]
K = 5
nk = [ 1 1 1 1 1 2 2 2 2 2 2 3 3 3 4 4 4 4 4 4 4 4 4 4 5 5 5 5 5 5 ]
First = [ 1 0 0 0 0 1 0 0 0 0 0 1 0 0 1 0 0 0 0 0 0 0 0 0 1 0 0 0 0 0 ]
Last = [ 0 0 0 0 1 0 0 0 0 0 1 0 0 1 0 0 0 0 0 0 0 0 0 1 0 0 0 0 0 1 ]
nS = 1
S = [ 0 1 2 3 4 5 6 7 8 9 10 11 12 13 14 15 16 17 18 19 20 21 22 23 24 25 26 27 28 29 ]
