n = 30 ; 
T = 96 ; 
Init = [ 1 0 0 0 0 0 0 0 0 0 0 1 1 1 1 1 1 1 1 1 1 0 0 1 1 1 1 1 1 0 ]
L = [ 19 5 19 19 19 19 19 14 19 19 19 7 7 7 7 10 10 10 10 10 10 15 15 7 7 7 7 7 7 11 ]
l = [ 19 5 19 19 19 19 19 14 19 19 19 7 7 7 7 10 10 10 10 10 10 15 15 7 7 7 7 7 7 11 ]
Pmin = [ 100 20 100 100 100 100 100 76 100 100 100 33 33 33 33 55 55 55 55 55 55 85 85 38 38 38 38 38 38 66 ]
Pmax = [ 411 57 393 393 393 393 393 284 418 418 418 126 126 126 126 196 196 196 196 196 196 338 338 115 115 115 115 115 115 234 ]
cf = [ 33.4655 61.1507 24.4937 24.4937 24.4937 24.4937 24.4937 31.35 47.5998 47.5998 47.5998 56.912 56.912 56.912 56.912 8.99867 8.99867 8.99867 8.99867 8.99867 8.99867 37.3353 37.3353 9.62186 9.62186 9.62186 9.62186 9.62186 9.62186 15.3208 ]
c0 = [ 250 74 250 250 250 250 250 209 250 250 250 104 104 104 104 161 161 161 161 161 161 220 220 105 105 105 105 105 105 186 ]
cp = [ 9.14793 39.3255 8.98508 8.98508 8.98508 8.98508 8.98508 21.1414 13.3264 13.3264 13.3264 38.9624 38.9624 38.9624 38.9624 22.8329 22.8329 22.8329 22.8329 22.8329 22.8329 21.4041 21.4041 31.0193 31.0193 31.0193 31.0193 31.0193 31.0193 36.6346 ]
D = [ 1652 1799 2096 2360 2380 2704 2705 3031 3167 3446 3626 3772 3793 4067 4176 4508 4690 4829 5021 5261 5482 5621 5881 5976 6156 5991 5714 5444 5149 4786 4555 4203 4088 3675 3398 4008 4335 4474 4931 5205 5433 5103 4555 4127 3881 3253 2967 2423 2044 2188 2437 2420 2553 2798 3043 3079 3360 3520 3707 3841 3990 4158 4280 4519 4514 4861 4989 5093 5330 5468 5474 5522 5813 5648 5390 5189 4968 4793 4695 4490 4302 4007 3920 4164 4414 4582 4706 5081 5252 5022 4409 4188 3680 3323 2895 2516 ]
K = 10
nk = [ 1 2 3 3 3 3 3 4 5 5 5 6 6 6 6 7 7 7 7 7 7 8 8 9 9 9 9 9 9 10 ]
First = [ 1 1 1 0 0 0 0 1 1 0 0 1 0 0 0 1 0 0 0 0 0 1 0 1 0 0 0 0 0 1 ]
Last = [ 1 1 0 0 0 0 1 1 0 0 1 0 0 0 1 0 0 0 0 0 1 0 1 0 0 0 0 0 1 1 ]
nS = 1
S = [ 0 1 2 3 4 5 6 7 8 9 10 11 12 13 14 15 16 17 18 19 20 21 22 23 24 25 26 27 28 29 ]
