n = 30 ; 
T = 96 ; 
Init = [ 0 0 0 0 0 0 0 0 0 0 1 1 1 1 0 0 0 1 1 1 1 1 1 1 1 1 1 1 1 1 ]
L = [ 16 16 16 12 12 12 12 12 12 12 11 11 11 11 9 9 9 19 13 13 13 13 13 13 13 19 19 19 19 19 ]
l = [ 16 16 16 12 12 12 12 12 12 12 11 11 11 11 9 9 9 19 13 13 13 13 13 13 13 19 19 19 19 19 ]
Pmin = [ 87 87 87 60 60 60 60 60 60 60 55 55 55 55 49 49 49 100 70 70 70 70 70 70 70 100 100 100 100 100 ]
Pmax = [ 359 359 359 242 242 242 242 242 242 242 200 200 200 200 182 182 182 410 255 255 255 255 255 255 255 396 396 396 396 396 ]
cf = [ 60.9763 60.9763 60.9763 16.4673 16.4673 16.4673 16.4673 16.4673 16.4673 16.4673 29.7693 29.7693 29.7693 29.7693 52.0966 52.0966 52.0966 56.8531 38.625 38.625 38.625 38.625 38.625 38.625 38.625 32.9105 32.9105 32.9105 32.9105 32.9105 ]
c0 = [ 219 219 219 169 169 169 169 169 169 169 162 162 162 162 143 143 143 250 193 193 193 193 193 193 193 250 250 250 250 250 ]
cp = [ 15.93 15.93 15.93 27.6657 27.6657 27.6657 27.6657 27.6657 27.6657 27.6657 22.3443 22.3443 22.3443 22.3443 26.4956 26.4956 26.4956 8.41036 31.8557 31.8557 31.8557 31.8557 31.8557 31.8557 31.8557 9.00835 9.00835 9.00835 9.00835 9.00835 ]
D = [ 1576 2062 2148 2318 2599 2823 2857 3171 3614 3582 3742 4003 4325 4693 4869 5030 5082 5407 5678 5736 6163 6158 6410 6616 6993 6618 6277 6255 5859 5548 5090 5030 4654 4394 3952 4226 4560 4852 5221 5446 5818 5332 4802 4482 3812 3570 2859 2354 1918 2005 2303 2608 2642 2876 3073 3418 3482 3576 3834 4259 4200 4432 4559 4824 5124 5177 5515 5823 5841 6023 6157 6429 6727 6416 6281 5981 5830 5597 5240 4949 4937 4680 4495 4591 4973 5390 5964 6212 6525 5885 5417 4863 4255 3716 3229 2390 ]
K = 7
nk = [ 1 1 1 2 2 2 2 2 2 2 3 3 3 3 4 4 4 5 6 6 6 6 6 6 6 7 7 7 7 7 ]
First = [ 1 0 0 1 0 0 0 0 0 0 1 0 0 0 1 0 0 1 1 0 0 0 0 0 0 1 0 0 0 0 ]
Last = [ 0 0 1 0 0 0 0 0 0 1 0 0 0 1 0 0 1 1 0 0 0 0 0 0 1 0 0 0 0 1 ]
nS = 1
S = [ 0 1 2 3 4 5 6 7 8 9 10 11 12 13 14 15 16 17 18 19 20 21 22 23 24 25 26 27 28 29 ]
