n = 30 ; 
T = 96 ; 
Init = [ 1 0 0 0 0 0 0 0 1 1 1 1 0 0 1 1 1 1 0 0 0 0 0 0 0 1 1 1 1 1 ]
L = [ 6 9 9 9 9 9 9 4 7 7 7 7 14 14 15 15 15 15 8 8 8 12 12 12 12 13 13 4 4 4 ]
l = [ 6 9 9 9 9 9 9 4 7 7 7 7 14 14 15 15 15 15 8 8 8 12 12 12 12 13 13 4 4 4 ]
Pmin = [ 34 56 56 56 43 43 43 25 39 39 39 39 70 70 80 80 80 80 43 43 43 60 60 60 60 74 74 15 15 15 ]
Pmax = [ 116 193 193 193 155 155 155 66 123 123 123 123 283 283 324 324 324 324 148 148 148 241 241 241 241 282 282 41 41 41 ]
cf = [ 27.3407 44.1435 44.1435 44.1435 29.5948 29.5948 29.5948 60.211 52.2886 52.2886 52.2886 52.2886 51.493 51.493 14.5572 14.5572 14.5572 14.5572 7.89277 7.89277 7.89277 23.0368 23.0368 23.0368 23.0368 67.17 67.17 35.2113 35.2113 35.2113 ]
c0 = [ 107 158 158 158 126 126 126 74 111 111 111 111 185 185 208 208 208 208 125 125 125 173 173 173 173 198 198 50 50 50 ]
cp = [ 32.2417 19.5224 19.5224 19.5224 18.2914 18.2914 18.2914 41.096 33.1108 33.1108 33.1108 33.1108 17.5735 17.5735 13.7212 13.7212 13.7212 13.7212 36.5097 36.5097 36.5097 21.8747 21.8747 21.8747 21.8747 25.3547 25.3547 41.5687 41.5687 41.5687 ]
D = [ 1605 1851 1782 1988 2062 2152 2470 2540 2533 2711 2998 2937 3076 3170 3290 3565 3751 3742 3963 4018 4250 4362 4441 4430 4692 4520 4360 4126 3860 3595 3525 3362 2989 2951 2641 2940 3363 3515 3984 4273 4476 4204 3858 3399 3094 2741 2204 1958 1596 1577 1757 1919 1937 2080 2399 2348 2617 2743 2743 2943 3182 3180 3275 3364 3530 3612 3831 3871 4207 4340 4449 4578 4547 4490 4212 4046 4044 3756 3732 3511 3303 3102 2914 3222 3435 3611 3966 4092 4492 4084 3648 3297 2758 2515 2124 1621 ]
K = 11
nk = [ 1 2 2 2 3 3 3 4 5 5 5 5 6 6 7 7 7 7 8 8 8 9 9 9 9 10 10 11 11 11 ]
First = [ 1 1 0 0 1 0 0 1 1 0 0 0 1 0 1 0 0 0 1 0 0 1 0 0 0 1 0 1 0 0 ]
Last = [ 1 0 0 1 0 0 1 1 0 0 0 1 0 1 0 0 0 1 0 0 1 0 0 0 1 0 1 0 0 1 ]
nS = 1
S = [ 0 1 2 3 4 5 6 7 8 9 10 11 12 13 14 15 16 17 18 19 20 21 22 23 24 25 26 27 28 29 ]
