n = 30 ; 
T = 96 ; 
Init = [ 0 0 0 0 0 0 0 0 0 0 0 1 1 1 1 1 1 1 0 0 0 0 0 0 1 1 1 1 1 0 ]
L = [ 15 15 15 6 6 6 6 6 6 6 17 16 16 15 15 15 15 15 17 17 17 10 10 10 4 4 4 4 4 19 ]
l = [ 15 15 15 6 6 6 6 6 6 6 17 16 16 15 15 15 15 15 17 17 17 10 10 10 4 4 4 4 4 19 ]
Pmin = [ 86 86 86 25 25 25 25 25 25 25 95 85 85 85 85 85 85 85 92 92 92 49 49 49 19 19 19 19 19 96 ]
Pmax = [ 326 326 326 90 90 90 90 90 90 90 379 339 339 327 327 327 327 327 378 378 378 184 184 184 60 60 60 60 60 399 ]
cf = [ 53.8939 53.8939 53.8939 35.5833 35.5833 35.5833 35.5833 35.5833 35.5833 35.5833 15.8503 26.6044 26.6044 43.778 43.778 43.778 43.778 43.778 64.1279 64.1279 64.1279 41.8233 41.8233 41.8233 60.6917 60.6917 60.6917 60.6917 60.6917 8.79087 ]
c0 = [ 231 231 231 80 80 80 80 80 80 80 250 216 216 231 231 231 231 231 235 235 235 134 134 134 59 59 59 59 59 249 ]
cp = [ 12.2903 12.2903 12.2903 31.2329 31.2329 31.2329 31.2329 31.2329 31.2329 31.2329 21.0296 21.1754 21.1754 23.214 23.214 23.214 23.214 23.214 17.4971 17.4971 17.4971 26.6659 26.6659 26.6659 40.6192 40.6192 40.6192 40.6192 40.6192 8.94603 ]
D = [ 1649 1958 2021 2390 2479 2534 2678 2876 3115 3220 3530 3559 3692 3950 4089 4359 4415 4625 4932 5021 5057 5269 5624 5800 5955 5470 5356 5026 4854 4524 4448 4126 3935 3483 3358 3649 3911 4323 4641 4972 5050 4768 4219 3789 3325 3012 2682 2103 1815 1992 2138 2282 2333 2404 2631 2875 2857 3017 3326 3378 3668 3692 3966 4093 4126 4422 4587 4500 4677 4842 4989 5282 5279 5201 5041 4929 4622 4481 4111 4024 3908 3531 3436 3617 3824 4202 4208 4512 4630 4507 4158 3594 3342 3115 2792 2421 ]
K = 9
nk = [ 1 1 1 2 2 2 2 2 2 2 3 4 4 5 5 5 5 5 6 6 6 7 7 7 8 8 8 8 8 9 ]
First = [ 1 0 0 1 0 0 0 0 0 0 1 1 0 1 0 0 0 0 1 0 0 1 0 0 1 0 0 0 0 1 ]
Last = [ 0 0 1 0 0 0 0 0 0 1 1 0 1 0 0 0 0 1 0 0 1 0 0 1 0 0 0 0 1 1 ]
nS = 1
S = [ 0 1 2 3 4 5 6 7 8 9 10 11 12 13 14 15 16 17 18 19 20 21 22 23 24 25 26 27 28 29 ]
