n = 30 ; 
T = 96 ; 
Init = [ 0 0 0 0 0 0 0 0 0 0 0 0 0 0 0 0 0 0 1 1 0 0 0 0 0 0 1 1 1 0 ]
L = [ 17 17 19 19 19 19 5 5 5 5 8 8 8 8 12 12 12 12 15 15 12 12 12 12 12 11 13 16 16 18 ]
l = [ 17 17 19 19 19 19 5 5 5 5 8 8 8 8 12 12 12 12 15 15 12 12 12 12 12 11 13 16 16 18 ]
Pmin = [ 86 86 100 100 100 100 22 22 22 22 39 39 39 39 67 67 67 67 77 77 60 60 60 60 60 55 66 84 84 95 ]
Pmax = [ 355 355 420 420 420 420 40 40 40 40 147 147 147 147 238 238 238 238 308 308 230 230 230 230 230 222 267 344 344 375 ]
cf = [ 18.4799 18.4799 45.4986 45.4986 45.4986 45.4986 68.2709 68.2709 68.2709 68.2709 15.1995 15.1995 15.1995 15.1995 59.7767 59.7767 59.7767 59.7767 67.7331 67.7331 9.88641 9.88641 9.88641 9.88641 9.88641 31.5946 27.3151 11.2127 11.2127 14.0514 ]
c0 = [ 222 222 250 250 250 250 83 83 83 83 108 108 108 108 193 193 193 193 216 216 166 166 166 166 166 151 170 228 228 250 ]
cp = [ 10.2991 10.2991 11.4273 11.4273 11.4273 11.4273 40.9649 40.9649 40.9649 40.9649 37.0779 37.0779 37.0779 37.0779 22.0477 22.0477 22.0477 22.0477 22.1343 22.1343 29.1423 29.1423 29.1423 29.1423 29.1423 31.1964 23.2652 15.9249 15.9249 10.117 ]
D = [ 1899 2056 2388 2568 2705 2665 2858 3224 3427 3467 3633 3796 4018 4364 4497 4506 4926 5081 5053 5381 5660 5694 5864 6042 6429 6021 5892 5629 5200 5006 4866 4628 4406 4118 3875 4191 4561 4913 5116 5504 6008 5371 4918 4342 3867 3362 2908 2373 2115 2334 2386 2483 2820 2856 3067 3457 3600 3819 3938 4039 4262 4358 4490 4725 4981 5162 5266 5662 5574 5880 5986 6172 6504 6087 5750 5726 5399 5102 4743 4490 4229 3738 3694 3908 4184 4490 4910 5145 5486 5042 4692 4274 3742 3340 2676 2216 ]
K = 11
nk = [ 1 1 2 2 2 2 3 3 3 3 4 4 4 4 5 5 5 5 6 6 7 7 7 7 7 8 9 10 10 11 ]
First = [ 1 0 1 0 0 0 1 0 0 0 1 0 0 0 1 0 0 0 1 0 1 0 0 0 0 1 1 1 0 1 ]
Last = [ 0 1 0 0 0 1 0 0 0 1 0 0 0 1 0 0 0 1 0 1 0 0 0 0 1 1 1 0 1 1 ]
nS = 1
S = [ 0 1 2 3 4 5 6 7 8 9 10 11 12 13 14 15 16 17 18 19 20 21 22 23 24 25 26 27 28 29 ]
