n = 30 ; 
T = 96 ; 
Init = [ 1 1 1 1 1 1 1 1 1 0 0 0 0 0 0 0 1 1 1 1 1 1 1 1 1 1 1 1 1 1 ]
L = [ 10 10 10 10 10 10 10 10 10 18 18 18 18 18 18 18 14 14 14 14 14 14 6 6 6 6 6 6 6 6 ]
l = [ 10 10 10 10 10 10 10 10 10 18 18 18 18 18 18 18 14 14 14 14 14 14 6 6 6 6 6 6 6 6 ]
Pmin = [ 60 60 60 60 60 60 60 60 60 100 100 100 100 100 100 100 73 73 73 73 73 73 29 29 29 29 33 33 33 33 ]
Pmax = [ 211 211 211 211 211 211 211 211 211 406 406 406 406 406 406 406 284 284 284 284 284 284 88 88 88 88 94 94 94 94 ]
cf = [ 32.0265 32.0265 32.0265 32.0265 32.0265 32.0265 32.0265 32.0265 32.0265 66.2005 66.2005 66.2005 66.2005 66.2005 66.2005 66.2005 8.1806 8.1806 8.1806 8.1806 8.1806 8.1806 51.5768 51.5768 51.5768 51.5768 65.3583 65.3583 65.3583 65.3583 ]
c0 = [ 166 166 166 166 166 166 166 166 166 250 250 250 250 250 250 250 193 193 193 193 193 193 101 101 101 101 107 107 107 107 ]
cp = [ 24.561 24.561 24.561 24.561 24.561 24.561 24.561 24.561 24.561 9.64683 9.64683 9.64683 9.64683 9.64683 9.64683 9.64683 12.5135 12.5135 12.5135 12.5135 12.5135 12.5135 35.8213 35.8213 35.8213 35.8213 40.4515 40.4515 40.4515 40.4515 ]
D = [ 1689 1884 1997 2281 2378 2791 2846 3122 3339 3356 3633 3722 3977 4054 4261 4529 4625 4820 4916 5217 5420 5623 5736 5868 6189 5953 5679 5292 5005 4780 4599 4323 4113 3866 3694 3914 4126 4344 4660 4909 5251 4676 4419 3847 3456 2940 2456 1982 1594 1979 1915 2134 2496 2582 2764 2863 3018 3461 3600 3758 3993 4089 4195 4384 4532 4911 4892 5190 5463 5597 5655 5850 6226 5800 5770 5283 5228 4871 4564 4241 4081 3810 3519 3776 4220 4453 4621 5033 5235 4683 4392 3969 3613 3241 2819 2424 ]
K = 5
nk = [ 1 1 1 1 1 1 1 1 1 2 2 2 2 2 2 2 3 3 3 3 3 3 4 4 4 4 5 5 5 5 ]
First = [ 1 0 0 0 0 0 0 0 0 1 0 0 0 0 0 0 1 0 0 0 0 0 1 0 0 0 1 0 0 0 ]
Last = [ 0 0 0 0 0 0 0 0 1 0 0 0 0 0 0 1 0 0 0 0 0 1 0 0 0 1 0 0 0 1 ]
nS = 1
S = [ 0 1 2 3 4 5 6 7 8 9 10 11 12 13 14 15 16 17 18 19 20 21 22 23 24 25 26 27 28 29 ]
