n = 30 ; 
T = 96 ; 
Init = [ 0 0 0 0 1 1 1 1 1 1 1 1 1 1 1 1 1 0 0 0 0 0 0 0 0 0 0 0 0 0 ]
L = [ 14 14 14 14 20 20 20 20 20 20 20 20 20 20 20 20 20 8 8 8 8 8 8 8 8 8 8 8 8 19 ]
l = [ 14 14 14 14 20 20 20 20 20 20 20 20 20 20 20 20 20 8 8 8 8 8 8 8 8 8 8 8 8 19 ]
Pmin = [ 72 72 72 72 100 100 100 100 100 100 100 100 100 100 100 100 100 39 39 39 39 39 39 39 39 39 39 39 39 100 ]
Pmax = [ 291 291 291 291 420 420 420 420 420 420 420 420 420 420 420 420 420 127 127 127 127 127 127 127 127 127 127 127 127 420 ]
cf = [ 52.0164 52.0164 52.0164 52.0164 16.2981 16.2981 16.2981 16.2981 16.2981 16.2981 16.2981 16.2981 16.2981 16.2981 16.2981 16.2981 16.2981 17.1474 17.1474 17.1474 17.1474 17.1474 17.1474 17.1474 17.1474 17.1474 17.1474 17.1474 17.1474 8.99741 ]
c0 = [ 197 197 197 197 250 250 250 250 250 250 250 250 250 250 250 250 250 112 112 112 112 112 112 112 112 112 112 112 112 250 ]
cp = [ 17.5098 17.5098 17.5098 17.5098 8.86756 8.86756 8.86756 8.86756 8.86756 8.86756 8.86756 8.86756 8.86756 8.86756 8.86756 8.86756 8.86756 22.5275 22.5275 22.5275 22.5275 22.5275 22.5275 22.5275 22.5275 22.5275 22.5275 22.5275 22.5275 11.3613 ]
D = [ 1749 1993 2245 2566 2794 3122 3167 3587 3614 3984 4160 4444 4422 4865 5098 5168 5457 5666 5703 6225 6133 6390 6855 6888 7007 6794 6610 6357 6119 5883 5375 5301 4746 4613 4297 4743 5025 5528 5831 6263 6573 5918 5501 4999 4225 3821 3169 2807 2204 2384 2579 2901 2837 3063 3431 3757 3759 3994 4049 4544 4747 4882 4950 5289 5360 5493 5777 6083 6345 6330 6752 6814 7036 6809 6513 6299 5874 5740 5275 4895 4736 4605 4342 4572 5119 5334 5686 6030 6276 5942 5355 5062 4316 3934 3434 2898 ]
K = 4
nk = [ 1 1 1 1 2 2 2 2 2 2 2 2 2 2 2 2 2 3 3 3 3 3 3 3 3 3 3 3 3 4 ]
First = [ 1 0 0 0 1 0 0 0 0 0 0 0 0 0 0 0 0 1 0 0 0 0 0 0 0 0 0 0 0 1 ]
Last = [ 0 0 0 1 0 0 0 0 0 0 0 0 0 0 0 0 1 0 0 0 0 0 0 0 0 0 0 0 1 1 ]
nS = 1
S = [ 0 1 2 3 4 5 6 7 8 9 10 11 12 13 14 15 16 17 18 19 20 21 22 23 24 25 26 27 28 29 ]
