n = 30 ; 
T = 96 ; 
Init = [ 1 1 1 1 1 1 1 1 1 1 1 1 1 1 1 1 1 1 1 0 0 0 0 0 0 0 0 0 0 0 ]
L = [ 14 14 14 14 7 7 7 19 19 19 19 19 19 19 19 19 19 19 19 20 20 20 20 20 20 20 20 20 20 20 ]
l = [ 14 14 14 14 7 7 7 19 19 19 19 19 19 19 19 19 19 19 19 20 20 20 20 20 20 20 20 20 20 20 ]
Pmin = [ 74 74 74 74 40 40 40 99 99 99 99 99 99 99 99 99 99 99 99 100 100 100 100 100 100 100 100 100 100 100 ]
Pmax = [ 298 298 298 298 132 132 132 392 392 392 392 392 392 392 392 392 392 392 392 420 420 420 420 420 420 420 420 420 420 420 ]
cf = [ 48.7602 48.7602 48.7602 48.7602 33.0218 33.0218 33.0218 25.4873 25.4873 25.4873 25.4873 25.4873 25.4873 25.4873 25.4873 25.4873 25.4873 25.4873 25.4873 23.4089 23.4089 23.4089 23.4089 23.4089 23.4089 23.4089 23.4089 23.4089 23.4089 23.4089 ]
c0 = [ 210 210 210 210 126 126 126 250 250 250 250 250 250 250 250 250 250 250 250 250 250 250 250 250 250 250 250 250 250 250 ]
cp = [ 16.2526 16.2526 16.2526 16.2526 39.8067 39.8067 39.8067 8.94634 8.94634 8.94634 8.94634 8.94634 8.94634 8.94634 8.94634 8.94634 8.94634 8.94634 8.94634 8.75607 8.75607 8.75607 8.75607 8.75607 8.75607 8.75607 8.75607 8.75607 8.75607 8.75607 ]
D = [ 2585 3012 3134 3793 3991 3988 4495 4551 5233 5172 5442 5984 6317 6473 6647 7080 7519 7389 7964 8320 8447 8737 8864 9368 9808 9311 8564 8122 8052 7601 6987 6365 6054 5713 5027 5543 6263 6712 6999 7678 8217 7290 6591 5981 5360 4549 3649 3181 2433 2692 2794 3173 3560 3658 3968 4343 4701 4828 4893 5348 5663 5768 6030 6317 6668 7133 7047 7628 7678 8138 8382 8778 9058 8532 8272 8075 7436 7382 6861 6824 6320 6066 5698 6010 6284 7092 7070 7866 8092 7266 6776 6011 5454 4953 4203 3726 ]
K = 4
nk = [ 1 1 1 1 2 2 2 3 3 3 3 3 3 3 3 3 3 3 3 4 4 4 4 4 4 4 4 4 4 4 ]
First = [ 1 0 0 0 1 0 0 1 0 0 0 0 0 0 0 0 0 0 0 1 0 0 0 0 0 0 0 0 0 0 ]
Last = [ 0 0 0 1 0 0 1 0 0 0 0 0 0 0 0 0 0 0 1 0 0 0 0 0 0 0 0 0 0 1 ]
nS = 1
S = [ 0 1 2 3 4 5 6 7 8 9 10 11 12 13 14 15 16 17 18 19 20 21 22 23 24 25 26 27 28 29 ]
