n = 30 ; 
T = 96 ; 
Init = [ 0 0 0 0 0 1 1 1 1 1 0 0 0 0 0 0 0 0 0 0 1 1 1 1 1 1 1 1 1 1 ]
L = [ 16 16 16 16 16 6 6 6 6 6 17 17 17 11 11 11 8 8 8 8 19 19 19 9 9 9 17 17 17 17 ]
l = [ 16 16 16 16 16 6 6 6 6 6 17 17 17 11 11 11 8 8 8 8 19 19 19 9 9 9 17 17 17 17 ]
Pmin = [ 87 87 87 87 87 30 30 30 30 30 91 91 91 53 53 53 47 47 47 47 100 100 100 46 46 46 94 94 94 94 ]
Pmax = [ 339 339 339 339 339 105 105 105 105 105 361 361 361 215 215 215 169 169 169 169 420 420 420 149 149 149 374 374 374 374 ]
cf = [ 55.168 55.168 55.168 55.168 55.168 56.1096 56.1096 56.1096 56.1096 56.1096 9.51047 9.51047 9.51047 41.1546 41.1546 41.1546 38.9209 38.9209 38.9209 38.9209 52.3615 52.3615 52.3615 57.3849 57.3849 57.3849 49.3387 49.3387 49.3387 49.3387 ]
c0 = [ 223 223 223 223 223 96 96 96 96 96 245 245 245 155 155 155 137 137 137 137 250 250 250 125 125 125 249 249 249 249 ]
cp = [ 16.5765 16.5765 16.5765 16.5765 16.5765 32.1432 32.1432 32.1432 32.1432 32.1432 10.3818 10.3818 10.3818 25.8847 25.8847 25.8847 29.403 29.403 29.403 29.403 11.9075 11.9075 11.9075 31.5205 31.5205 31.5205 16.9906 16.9906 16.9906 16.9906 ]
D = [ 2009 2224 2518 2497 2912 2973 3322 3511 3687 3856 4021 4362 4309 4570 4904 4861 5310 5312 5472 5811 5855 6177 6248 6515 6641 6363 6322 5872 5740 5338 4959 4649 4579 4297 3769 4287 4553 4861 5370 5928 6208 5800 5303 4760 4102 3742 3273 2554 2231 2287 2527 2846 3155 3239 3406 3608 3920 4072 4184 4508 4426 4666 4867 5016 5376 5432 5785 5921 6289 6282 6570 6762 6782 6675 6324 6164 5662 5414 5055 4973 4584 4269 3995 4274 4715 4967 5252 5495 5703 5177 4821 4336 3855 3503 2971 2340 ]
K = 8
nk = [ 1 1 1 1 1 2 2 2 2 2 3 3 3 4 4 4 5 5 5 5 6 6 6 7 7 7 8 8 8 8 ]
First = [ 1 0 0 0 0 1 0 0 0 0 1 0 0 1 0 0 1 0 0 0 1 0 0 1 0 0 1 0 0 0 ]
Last = [ 0 0 0 0 1 0 0 0 0 1 0 0 1 0 0 1 0 0 0 1 0 0 1 0 0 1 0 0 0 1 ]
nS = 1
S = [ 0 1 2 3 4 5 6 7 8 9 10 11 12 13 14 15 16 17 18 19 20 21 22 23 24 25 26 27 28 29 ]
