n = 30 ; 
T = 96 ; 
Init = [ 0 0 0 1 1 1 1 1 1 1 0 0 0 0 0 0 1 1 1 1 1 0 1 1 0 0 0 0 0 0 ]
L = [ 9 9 9 10 10 6 6 6 6 6 5 15 5 5 13 12 17 17 17 17 17 20 19 19 7 7 7 7 5 5 ]
l = [ 9 9 9 10 10 6 6 6 6 6 5 15 5 5 13 12 17 17 17 17 17 20 19 19 7 7 7 7 5 5 ]
Pmin = [ 41 41 41 53 53 30 30 30 30 30 21 78 14 14 69 61 89 89 89 89 89 100 100 100 35 35 35 35 26 26 ]
Pmax = [ 161 161 161 194 194 87 87 87 87 87 58 320 40 40 261 227 357 357 357 357 357 420 413 413 135 135 135 135 72 72 ]
cf = [ 30.3393 30.3393 30.3393 63.6453 63.6453 45.7361 45.7361 45.7361 45.7361 45.7361 28.2818 13.5271 21.4723 21.4723 33.2021 39.3145 32.9947 32.9947 32.9947 32.9947 32.9947 9.41335 23.2951 23.2951 26.5287 26.5287 26.5287 26.5287 47.0912 47.0912 ]
c0 = [ 120 120 120 141 141 103 103 103 103 103 64 211 47 47 184 160 237 237 237 237 237 250 250 250 108 108 108 108 92 92 ]
cp = [ 32.1245 32.1245 32.1245 28.6324 28.6324 36.6538 36.6538 36.6538 36.6538 36.6538 41.1376 24.0752 41.5059 41.5059 28.4783 19.8859 11.1262 11.1262 11.1262 11.1262 11.1262 15.9886 9.26845 9.26845 34.3129 34.3129 34.3129 34.3129 37.5601 37.5601 ]
D = [ 1404 1514 1775 1945 2032 2203 2187 2524 2535 2628 2913 2943 3161 3191 3356 3640 3639 3872 3833 4089 4221 4429 4507 4635 4759 4676 4475 4165 3908 3886 3652 3402 3112 3000 2781 3137 3277 3602 3917 4166 4446 4026 3526 3244 2952 2478 2101 1669 1295 1432 1706 1744 1879 2041 2258 2569 2695 2861 2841 3052 3198 3509 3599 3807 3932 4009 4235 4318 4511 4595 4764 5100 5185 4919 4632 4635 4195 4135 3790 3590 3508 3277 2956 3294 3510 3693 3943 4125 4314 4062 3738 3352 3013 2618 2282 1907 ]
K = 13
nk = [ 1 1 1 2 2 3 3 3 3 3 4 5 6 6 7 8 9 9 9 9 9 10 11 11 12 12 12 12 13 13 ]
First = [ 1 0 0 1 0 1 0 0 0 0 1 1 1 0 1 1 1 0 0 0 0 1 1 0 1 0 0 0 1 0 ]
Last = [ 0 0 1 0 1 0 0 0 0 1 1 1 0 1 1 1 0 0 0 0 1 1 0 1 0 0 0 1 0 1 ]
nS = 1
S = [ 0 1 2 3 4 5 6 7 8 9 10 11 12 13 14 15 16 17 18 19 20 21 22 23 24 25 26 27 28 29 ]
