n = 30 ; 
T = 96 ; 
Init = [ 1 1 1 1 1 1 1 0 0 0 0 0 0 0 0 0 0 0 0 1 1 1 1 1 1 1 0 0 0 0 ]
L = [ 11 11 11 11 11 11 11 19 19 19 12 12 12 12 12 5 5 6 17 20 20 20 20 20 20 20 17 12 12 12 ]
l = [ 11 11 11 11 11 11 11 19 19 19 12 12 12 12 12 5 5 6 17 20 20 20 20 20 20 20 17 12 12 12 ]
Pmin = [ 55 55 55 55 55 55 55 100 100 100 66 66 66 66 66 28 28 36 85 100 100 100 100 100 100 100 84 63 63 63 ]
Pmax = [ 215 215 215 215 215 215 215 420 420 420 248 248 248 248 248 74 74 111 342 420 420 420 420 420 420 420 342 245 245 245 ]
cf = [ 69.7024 69.7024 69.7024 69.7024 69.7024 69.7024 69.7024 63.9715 63.9715 63.9715 47.5725 47.5725 47.5725 47.5725 47.5725 8.32506 8.32506 11.2685 41.1248 57.4616 57.4616 57.4616 57.4616 57.4616 57.4616 57.4616 41.4912 41.3343 41.3343 41.3343 ]
c0 = [ 157 157 157 157 157 157 157 250 250 250 169 169 169 169 169 82 82 117 231 250 250 250 250 250 250 250 211 182 182 182 ]
cp = [ 36.9702 36.9702 36.9702 36.9702 36.9702 36.9702 36.9702 12.9206 12.9206 12.9206 14.2375 14.2375 14.2375 14.2375 14.2375 40.3047 40.3047 29.6682 22.339 8.21286 8.21286 8.21286 8.21286 8.21286 8.21286 8.21286 11.2759 28.6997 28.6997 28.6997 ]
D = [ 1880 2179 2603 2785 3083 3243 3280 3622 3876 4034 4422 4620 4706 5212 5449 5640 5869 5861 6145 6446 6838 6992 7164 7433 7768 7394 7055 6762 6404 5961 5419 5093 4709 4353 3970 4343 4951 5064 5541 5818 6196 5598 5299 4644 3969 3669 2967 2282 2002 2066 2538 2604 3028 3217 3280 3615 3961 4052 4359 4357 4766 5102 5365 5543 5668 5865 6078 6486 6576 7015 7284 7265 7539 7102 6858 6798 6276 5829 5563 5234 4959 4583 4428 4621 5168 5466 5758 6068 6220 5758 5351 4505 4143 3761 3202 2727 ]
K = 9
nk = [ 1 1 1 1 1 1 1 2 2 2 3 3 3 3 3 4 4 5 6 7 7 7 7 7 7 7 8 9 9 9 ]
First = [ 1 0 0 0 0 0 0 1 0 0 1 0 0 0 0 1 0 1 1 1 0 0 0 0 0 0 1 1 0 0 ]
Last = [ 0 0 0 0 0 0 1 0 0 1 0 0 0 0 1 0 1 1 1 0 0 0 0 0 0 1 1 0 0 1 ]
nS = 1
S = [ 0 1 2 3 4 5 6 7 8 9 10 11 12 13 14 15 16 17 18 19 20 21 22 23 24 25 26 27 28 29 ]
