n = 30 ; 
T = 96 ; 
Init = [ 0 0 0 1 0 0 0 0 0 0 0 0 0 0 0 0 0 0 0 0 0 0 0 0 1 1 1 1 0 0 ]
L = [ 4 4 4 8 10 10 10 10 15 15 15 15 11 11 11 11 11 20 20 15 15 15 15 15 18 18 18 18 8 8 ]
l = [ 4 4 4 8 10 10 10 10 15 15 15 15 11 11 11 11 11 20 20 15 15 15 15 15 18 18 18 18 8 8 ]
Pmin = [ 26 26 26 45 58 58 58 58 84 84 84 84 49 49 49 49 49 100 100 87 87 87 87 87 97 97 97 97 38 38 ]
Pmax = [ 60 60 60 154 201 201 201 201 333 333 333 333 183 183 183 183 183 420 420 322 322 322 322 322 399 399 399 399 120 120 ]
cf = [ 21.2861 21.2861 21.2861 66.1166 66.5048 66.5048 66.5048 66.5048 52.2227 52.2227 52.2227 52.2227 68.8705 68.8705 68.8705 68.8705 68.8705 53.2814 53.2814 45.2393 45.2393 45.2393 45.2393 45.2393 62.6098 62.6098 62.6098 62.6098 38.5695 38.5695 ]
c0 = [ 78 78 78 126 159 159 159 159 213 213 213 213 146 146 146 146 146 250 250 238 238 238 238 238 250 250 250 250 105 105 ]
cp = [ 39.4949 39.4949 39.4949 38.6643 20.5984 20.5984 20.5984 20.5984 16.7445 16.7445 16.7445 16.7445 28.3324 28.3324 28.3324 28.3324 28.3324 8.05919 8.05919 19.8897 19.8897 19.8897 19.8897 19.8897 15.2344 15.2344 15.2344 15.2344 31.9718 31.9718 ]
D = [ 2215 2344 2571 2749 3068 3054 3191 3458 3827 3715 4179 4172 4499 4604 4686 4977 5128 5438 5640 5781 6014 6105 6356 6652 6693 6367 6188 5887 5383 5220 4993 4700 4476 3980 3674 4150 4327 4539 4785 5141 5359 4887 4668 4031 3782 3455 2918 2631 1945 2172 2298 2585 2931 3053 3135 3309 3503 3589 3838 4140 4218 4364 4571 4895 5014 4998 5266 5633 5810 5853 6077 6338 6257 6160 5875 5542 5214 5177 4940 4441 4144 3854 3769 3952 4531 4661 5146 5432 5776 5484 4741 4446 3813 3404 2946 2560 ]
K = 9
nk = [ 1 1 1 2 3 3 3 3 4 4 4 4 5 5 5 5 5 6 6 7 7 7 7 7 8 8 8 8 9 9 ]
First = [ 1 0 0 1 1 0 0 0 1 0 0 0 1 0 0 0 0 1 0 1 0 0 0 0 1 0 0 0 1 0 ]
Last = [ 0 0 1 1 0 0 0 1 0 0 0 1 0 0 0 0 1 0 1 0 0 0 0 1 0 0 0 1 0 1 ]
nS = 1
S = [ 0 1 2 3 4 5 6 7 8 9 10 11 12 13 14 15 16 17 18 19 20 21 22 23 24 25 26 27 28 29 ]
