n = 30 ; 
T = 96 ; 
Init = [ 1 1 1 1 1 1 1 0 0 0 0 0 0 0 1 1 1 1 0 0 1 1 1 0 0 0 0 0 0 1 ]
L = [ 8 8 13 13 13 13 13 9 9 9 9 9 9 9 9 9 9 9 6 6 17 17 17 20 20 20 20 20 20 16 ]
l = [ 8 8 13 13 13 13 13 9 9 9 9 9 9 9 9 9 9 9 6 6 17 17 17 20 20 20 20 20 20 16 ]
Pmin = [ 41 41 69 69 69 69 69 48 48 48 48 48 48 48 48 48 48 48 23 23 87 87 87 100 100 100 100 100 100 84 ]
Pmax = [ 130 130 258 258 258 258 258 173 173 173 173 173 173 173 163 163 163 163 81 81 363 363 363 420 420 420 420 420 420 329 ]
cf = [ 15.2858 15.2858 17.7227 17.7227 17.7227 17.7227 17.7227 8.87191 8.87191 8.87191 8.87191 8.87191 8.87191 8.87191 34.2317 34.2317 34.2317 34.2317 7.55384 7.55384 13.8154 13.8154 13.8154 57.2449 57.2449 57.2449 57.2449 57.2449 57.2449 61.6117 ]
c0 = [ 116 116 184 184 184 184 184 132 132 132 132 132 132 132 143 143 143 143 67 67 227 227 227 250 250 250 250 250 250 213 ]
cp = [ 38.1167 38.1167 22.6213 22.6213 22.6213 22.6213 22.6213 19.2512 19.2512 19.2512 19.2512 19.2512 19.2512 19.2512 21.0628 21.0628 21.0628 21.0628 38.5897 38.5897 10.598 10.598 10.598 9.78596 9.78596 9.78596 9.78596 9.78596 9.78596 16.7947 ]
D = [ 2128 2190 2623 2654 2807 3097 3214 3368 3735 3821 3941 4167 4473 4573 4686 4991 5201 5501 5462 5617 6074 6007 6298 6395 6709 6460 5966 5718 5417 5368 4857 4678 4502 3935 3899 3921 4290 4416 4704 4952 5276 4817 4423 3885 3639 3169 2747 2221 1962 2108 2256 2465 2706 2895 3092 3272 3239 3545 3839 3827 4086 4456 4567 4706 4817 5231 5447 5532 5683 5794 6064 6178 6599 6326 6063 5817 5416 5195 5076 4650 4380 4213 4101 4059 4368 4740 4983 5063 5245 4930 4448 4037 3596 3030 2864 2338 ]
K = 8
nk = [ 1 1 2 2 2 2 2 3 3 3 3 3 3 3 4 4 4 4 5 5 6 6 6 7 7 7 7 7 7 8 ]
First = [ 1 0 1 0 0 0 0 1 0 0 0 0 0 0 1 0 0 0 1 0 1 0 0 1 0 0 0 0 0 1 ]
Last = [ 0 1 0 0 0 0 1 0 0 0 0 0 0 1 0 0 0 1 0 1 0 0 1 0 0 0 0 0 1 1 ]
nS = 1
S = [ 0 1 2 3 4 5 6 7 8 9 10 11 12 13 14 15 16 17 18 19 20 21 22 23 24 25 26 27 28 29 ]
