n = 30 ; 
T = 96 ; 
Init = [ 1 1 1 0 0 0 0 0 1 1 1 0 0 1 1 1 1 1 1 1 0 0 0 0 0 0 0 0 1 1 ]
L = [ 12 12 12 5 5 5 19 19 12 12 12 14 14 19 19 19 19 19 6 6 17 17 17 6 6 6 6 6 5 5 ]
l = [ 12 12 12 5 5 5 19 19 12 12 12 14 14 19 19 19 19 19 6 6 17 17 17 6 6 6 6 6 5 5 ]
Pmin = [ 64 64 64 23 23 23 97 97 69 69 69 77 77 100 100 100 100 100 28 28 91 91 91 28 28 28 28 28 19 19 ]
Pmax = [ 235 235 235 69 69 69 397 397 247 247 247 310 310 420 420 420 420 420 74 74 357 357 357 85 85 85 85 85 69 69 ]
cf = [ 31.8241 31.8241 31.8241 34.9991 34.9991 34.9991 65.7881 65.7881 24.7726 24.7726 24.7726 47.666 47.666 28.7399 28.7399 28.7399 28.7399 28.7399 34.9732 34.9732 62.0442 62.0442 62.0442 41.6565 41.6565 41.6565 41.6565 41.6565 22.1153 22.1153 ]
c0 = [ 185 185 185 74 74 74 250 250 181 181 181 204 204 250 250 250 250 250 82 82 234 234 234 96 96 96 96 96 74 74 ]
cp = [ 30.9191 30.9191 30.9191 32.9817 32.9817 32.9817 8.31263 8.31263 28.4812 28.4812 28.4812 24.2391 24.2391 11.5489 11.5489 11.5489 11.5489 11.5489 31.3247 31.3247 17.6039 17.6039 17.6039 31.1874 31.1874 31.1874 31.1874 31.1874 41.3451 41.3451 ]
D = [ 1748 2052 2118 2228 2443 2700 2926 2892 3061 3436 3551 3569 3796 4024 4162 4356 4644 4636 4962 5041 5230 5335 5500 5763 5945 5688 5348 5172 4911 4787 4477 4313 4044 3905 3680 3905 4024 4304 4323 4718 4923 4572 4223 3893 3321 2937 2629 2173 2007 2078 2116 2342 2584 2680 2877 2951 3248 3238 3554 3668 3666 3988 4004 4066 4467 4383 4710 4856 5073 5165 5391 5318 5477 5246 5167 4895 4767 4514 4117 4085 3750 3517 3278 3564 4083 4421 4628 5013 5188 4816 4420 3977 3496 3242 2706 2196 ]
K = 10
nk = [ 1 1 1 2 2 2 3 3 4 4 4 5 5 6 6 6 6 6 7 7 8 8 8 9 9 9 9 9 10 10 ]
First = [ 1 0 0 1 0 0 1 0 1 0 0 1 0 1 0 0 0 0 1 0 1 0 0 1 0 0 0 0 1 0 ]
Last = [ 0 0 1 0 0 1 0 1 0 0 1 0 1 0 0 0 0 1 0 1 0 0 1 0 0 0 0 1 0 1 ]
nS = 1
S = [ 0 1 2 3 4 5 6 7 8 9 10 11 12 13 14 15 16 17 18 19 20 21 22 23 24 25 26 27 28 29 ]
