n = 30 ; 
T = 96 ; 
Init = [ 1 1 1 1 1 1 0 0 0 0 0 0 0 0 1 1 1 1 1 1 1 1 0 0 0 0 1 1 1 1 ]
L = [ 6 6 6 6 6 6 5 5 5 5 5 5 5 5 15 15 15 15 15 15 15 15 9 9 9 9 7 7 7 7 ]
l = [ 6 6 6 6 6 6 5 5 5 5 5 5 5 5 15 15 15 15 15 15 15 15 9 9 9 9 7 7 7 7 ]
Pmin = [ 29 29 29 29 29 29 17 17 17 17 17 17 17 17 84 84 84 84 84 84 84 84 51 51 51 51 43 43 43 43 ]
Pmax = [ 98 98 98 98 98 98 60 60 60 60 60 60 60 60 323 323 323 323 323 323 323 323 174 174 174 174 141 141 141 141 ]
cf = [ 46.217 46.217 46.217 46.217 46.217 46.217 9.61067 9.61067 9.61067 9.61067 9.61067 9.61067 9.61067 9.61067 61.0641 61.0641 61.0641 61.0641 61.0641 61.0641 61.0641 61.0641 60.2553 60.2553 60.2553 60.2553 31.495 31.495 31.495 31.495 ]
c0 = [ 96 96 96 96 96 96 61 61 61 61 61 61 61 61 216 216 216 216 216 216 216 216 140 140 140 140 118 118 118 118 ]
cp = [ 35.2589 35.2589 35.2589 35.2589 35.2589 35.2589 41.2017 41.2017 41.2017 41.2017 41.2017 41.2017 41.2017 41.2017 19.2867 19.2867 19.2867 19.2867 19.2867 19.2867 19.2867 19.2867 26.63 26.63 26.63 26.63 39.9285 39.9285 39.9285 39.9285 ]
D = [ 1033 1070 1366 1531 1588 1786 1801 2029 2051 2314 2361 2510 2788 2925 3021 3194 3289 3402 3488 3697 3861 3937 4070 4208 4466 4171 3958 3692 3593 3336 3084 2895 2731 2634 2273 2607 2756 2851 3076 3303 3520 3173 2929 2609 2259 1971 1683 1288 1152 1290 1236 1438 1566 1646 1953 2027 2059 2183 2493 2631 2597 2864 2970 3046 3160 3312 3425 3686 3695 3785 3995 4210 4309 4115 4007 3756 3533 3431 3267 3007 2910 2754 2562 2792 2916 3032 3203 3420 3527 3243 3029 2730 2381 2140 1783 1612 ]
K = 5
nk = [ 1 1 1 1 1 1 2 2 2 2 2 2 2 2 3 3 3 3 3 3 3 3 4 4 4 4 5 5 5 5 ]
First = [ 1 0 0 0 0 0 1 0 0 0 0 0 0 0 1 0 0 0 0 0 0 0 1 0 0 0 1 0 0 0 ]
Last = [ 0 0 0 0 0 1 0 0 0 0 0 0 0 1 0 0 0 0 0 0 0 1 0 0 0 1 0 0 0 1 ]
nS = 1
S = [ 0 1 2 3 4 5 6 7 8 9 10 11 12 13 14 15 16 17 18 19 20 21 22 23 24 25 26 27 28 29 ]
