n = 30 ; 
T = 96 ; 
Init = [ 0 0 0 0 0 0 0 1 1 1 1 1 1 1 1 1 1 1 1 1 1 1 1 1 1 1 1 1 1 1 ]
L = [ 4 4 4 4 4 4 4 19 19 19 19 19 19 11 11 11 11 7 12 12 12 5 5 5 5 5 5 5 7 7 ]
l = [ 4 4 4 4 4 4 4 19 19 19 19 19 19 11 11 11 11 7 12 12 12 5 5 5 5 5 5 5 7 7 ]
Pmin = [ 22 22 22 22 22 22 22 100 100 100 100 100 100 50 50 50 50 29 62 62 62 22 22 22 22 22 22 22 31 31 ]
Pmax = [ 46 46 46 46 46 46 46 416 416 416 416 416 416 200 200 200 200 109 240 240 240 56 56 56 56 56 56 56 95 95 ]
cf = [ 36.7557 36.7557 36.7557 36.7557 36.7557 36.7557 36.7557 66.8134 66.8134 66.8134 66.8134 66.8134 66.8134 8.67956 8.67956 8.67956 8.67956 15.1524 35.4631 35.4631 35.4631 66.8077 66.8077 66.8077 66.8077 66.8077 66.8077 66.8077 14.0633 14.0633 ]
c0 = [ 74 74 74 74 74 74 74 250 250 250 250 250 250 145 145 145 145 92 178 178 178 84 84 84 84 84 84 84 88 88 ]
cp = [ 41.9588 41.9588 41.9588 41.9588 41.9588 41.9588 41.9588 11.344 11.344 11.344 11.344 11.344 11.344 24.8522 24.8522 24.8522 24.8522 32.7174 36.1123 36.1123 36.1123 41.2482 41.2482 41.2482 41.2482 41.2482 41.2482 41.2482 32.1974 32.1974 ]
D = [ 1345 1482 1608 1631 1769 1875 2020 2237 2286 2445 2500 2656 2755 3049 3024 3277 3438 3522 3623 3635 3939 4033 4145 4207 4393 4243 3885 3702 3701 3455 3239 3049 2814 2597 2506 2687 2855 3186 3257 3548 3711 3358 3124 2704 2518 2133 1840 1488 1090 1245 1425 1453 1640 1624 1840 1969 2126 2341 2424 2552 2662 2710 2991 3015 3120 3275 3446 3536 3594 3886 3927 4141 4277 4006 3832 3688 3491 3406 3250 3112 2850 2743 2501 2655 2960 3162 3314 3444 3729 3365 3227 2822 2577 2387 2076 1804 ]
K = 7
nk = [ 1 1 1 1 1 1 1 2 2 2 2 2 2 3 3 3 3 4 5 5 5 6 6 6 6 6 6 6 7 7 ]
First = [ 1 0 0 0 0 0 0 1 0 0 0 0 0 1 0 0 0 1 1 0 0 1 0 0 0 0 0 0 1 0 ]
Last = [ 0 0 0 0 0 0 1 0 0 0 0 0 1 0 0 0 1 1 0 0 1 0 0 0 0 0 0 1 0 1 ]
nS = 1
S = [ 0 1 2 3 4 5 6 7 8 9 10 11 12 13 14 15 16 17 18 19 20 21 22 23 24 25 26 27 28 29 ]
