n = 30 ; 
T = 96 ; 
Init = [ 0 0 0 0 0 0 0 1 1 1 1 0 0 0 0 0 1 1 1 0 0 1 1 1 1 1 1 1 0 0 ]
L = [ 19 19 19 19 19 7 7 16 16 16 16 18 18 18 18 18 20 20 20 11 11 17 13 13 13 13 11 11 15 13 ]
l = [ 19 19 19 19 19 7 7 16 16 16 16 18 18 18 18 18 20 20 20 11 11 17 13 13 13 13 11 11 15 13 ]
Pmin = [ 100 100 100 100 100 34 34 88 88 88 88 99 99 99 99 99 100 100 100 59 59 98 67 67 67 67 54 54 85 65 ]
Pmax = [ 420 420 420 420 420 94 94 345 345 345 345 412 412 412 412 412 420 420 420 220 220 376 258 258 258 258 185 185 317 260 ]
cf = [ 53.6064 53.6064 53.6064 53.6064 53.6064 26.2724 26.2724 40.0739 40.0739 40.0739 40.0739 19.8006 19.8006 19.8006 19.8006 19.8006 24.2312 24.2312 24.2312 37.8754 37.8754 43.7463 55.3637 55.3637 55.3637 55.3637 26.8944 26.8944 31.2942 12.1021 ]
c0 = [ 250 250 250 250 250 113 113 231 231 231 231 250 250 250 250 250 250 250 250 160 160 250 188 188 188 188 157 157 220 182 ]
cp = [ 10.04 10.04 10.04 10.04 10.04 36.3268 36.3268 14.0511 14.0511 14.0511 14.0511 10.7307 10.7307 10.7307 10.7307 10.7307 8.82774 8.82774 8.82774 27.6431 27.6431 20.6029 16.6854 16.6854 16.6854 16.6854 34.7228 34.7228 16.6913 19.8187 ]
D = [ 1923 2212 2458 3021 3133 3407 3851 3946 4355 4426 4734 4906 5112 5537 5789 5903 6377 6691 6892 7079 7346 7807 8122 8352 8436 8093 7540 7451 6914 6690 6154 5842 5641 5085 4679 5121 5761 5939 6602 6994 7367 6678 6365 5675 5145 4426 3976 3262 2815 2914 3216 3302 3608 3798 4107 4168 4581 4947 5175 5402 5338 5580 6019 6097 6573 6584 6998 6968 7241 7540 7946 8075 8106 7792 7635 7145 7003 6361 6124 5813 5432 5268 4814 5228 5352 5695 6331 6639 7119 6457 5857 5138 4880 4098 3619 3216 ]
K = 11
nk = [ 1 1 1 1 1 2 2 3 3 3 3 4 4 4 4 4 5 5 5 6 6 7 8 8 8 8 9 9 10 11 ]
First = [ 1 0 0 0 0 1 0 1 0 0 0 1 0 0 0 0 1 0 0 1 0 1 1 0 0 0 1 0 1 1 ]
Last = [ 0 0 0 0 1 0 1 0 0 0 1 0 0 0 0 1 0 0 1 0 1 1 0 0 0 1 0 1 1 1 ]
nS = 1
S = [ 0 1 2 3 4 5 6 7 8 9 10 11 12 13 14 15 16 17 18 19 20 21 22 23 24 25 26 27 28 29 ]
