n = 30 ; 
T = 96 ; 
Init = [ 0 0 0 0 0 0 0 1 1 1 1 1 1 1 1 1 0 0 0 0 1 1 1 1 1 1 1 1 0 0 ]
L = [ 8 8 6 6 6 6 6 18 18 18 18 18 18 18 18 18 18 18 18 18 18 18 18 18 18 18 18 18 7 7 ]
l = [ 8 8 6 6 6 6 6 18 18 18 18 18 18 18 18 18 18 18 18 18 18 18 18 18 18 18 18 18 7 7 ]
Pmin = [ 39 39 28 28 28 28 28 91 91 91 91 91 91 91 91 91 96 96 96 96 100 100 100 100 100 100 100 100 35 35 ]
Pmax = [ 146 146 105 105 105 105 105 371 371 371 371 371 371 371 371 371 386 386 386 386 415 415 415 415 415 415 415 415 131 131 ]
cf = [ 8.23474 8.23474 41.3025 41.3025 41.3025 41.3025 41.3025 56.4357 56.4357 56.4357 56.4357 56.4357 56.4357 56.4357 56.4357 56.4357 43.3048 43.3048 43.3048 43.3048 12.125 12.125 12.125 12.125 12.125 12.125 12.125 12.125 21.1971 21.1971 ]
c0 = [ 109 109 77 77 77 77 77 242 242 242 242 242 242 242 242 242 250 250 250 250 250 250 250 250 250 250 250 250 112 112 ]
cp = [ 32.0878 32.0878 41.3893 41.3893 41.3893 41.3893 41.3893 10.0615 10.0615 10.0615 10.0615 10.0615 10.0615 10.0615 10.0615 10.0615 10.171 10.171 10.171 10.171 14.4894 14.4894 14.4894 14.4894 14.4894 14.4894 14.4894 14.4894 37.5276 37.5276 ]
D = [ 2441 2568 2808 3007 3264 3596 3521 3948 3953 4291 4542 4775 4858 5188 5377 5639 5925 5995 6314 6739 6950 7012 7360 7523 7887 7564 6962 6819 6547 6166 5965 5560 5453 4897 4839 5022 5203 5473 5860 6192 6577 6151 5652 5056 4736 4202 3644 3016 2385 2751 3020 3080 3517 3574 4035 4023 4553 4541 4724 5000 5232 5645 5776 5953 6428 6566 6802 6995 7148 7674 7692 7827 8310 7966 7308 7223 6597 6496 5930 5516 5170 5005 4412 4707 5174 5617 6032 6789 6981 6303 5688 5207 4702 3980 3435 2796 ]
K = 6
nk = [ 1 1 2 2 2 2 2 3 3 3 3 3 3 3 3 3 4 4 4 4 5 5 5 5 5 5 5 5 6 6 ]
First = [ 1 0 1 0 0 0 0 1 0 0 0 0 0 0 0 0 1 0 0 0 1 0 0 0 0 0 0 0 1 0 ]
Last = [ 0 1 0 0 0 0 1 0 0 0 0 0 0 0 0 1 0 0 0 1 0 0 0 0 0 0 0 1 0 1 ]
nS = 1
S = [ 0 1 2 3 4 5 6 7 8 9 10 11 12 13 14 15 16 17 18 19 20 21 22 23 24 25 26 27 28 29 ]
