n = 60 ; 
T = 48 ; 
Init = [ 0 0 0 0 0 0 0 0 0 0 0 0 0 0 0 0 0 0 0 0 0 0 0 0 0 0 1 1 1 1 1 1 1 1 1 1 1 1 0 0 0 0 0 0 0 0 0 0 0 1 1 1 0 0 0 1 1 1 1 1 ]
L = [ 20 20 20 20 20 5 5 5 7 7 7 7 7 7 7 4 4 4 4 4 4 4 4 4 4 4 10 10 10 10 10 10 10 10 10 10 10 10 18 18 18 18 18 18 18 18 18 18 18 18 18 18 15 15 15 20 20 20 20 19 ]
l = [ 20 20 20 20 20 5 5 5 7 7 7 7 7 7 7 4 4 4 4 4 4 4 4 4 4 4 10 10 10 10 10 10 10 10 10 10 10 10 18 18 18 18 18 18 18 18 18 18 18 18 18 18 15 15 15 20 20 20 20 19 ]
Pmin = [ 100 100 100 100 100 29 29 29 35 35 35 35 35 35 35 22 22 22 22 22 22 22 22 22 22 22 48 48 48 48 48 48 48 48 48 48 48 48 100 100 100 100 100 100 100 100 100 100 100 97 97 97 81 81 81 100 100 100 100 100 ]
Pmax = [ 420 420 420 420 420 91 91 91 132 132 132 132 132 132 132 42 42 42 42 42 42 42 42 42 42 42 185 185 185 185 185 185 185 185 185 185 185 185 406 406 406 406 406 406 406 406 406 406 406 395 395 395 310 310 310 418 418 418 418 420 ]
cf = [ 53.3628 53.3628 53.3628 53.3628 53.3628 10.5451 10.5451 10.5451 45.5644 45.5644 45.5644 45.5644 45.5644 45.5644 45.5644 40.6736 40.6736 40.6736 40.6736 40.6736 40.6736 40.6736 40.6736 40.6736 40.6736 40.6736 29.6151 29.6151 29.6151 29.6151 29.6151 29.6151 29.6151 29.6151 29.6151 29.6151 29.6151 29.6151 27.5219 27.5219 27.5219 27.5219 27.5219 27.5219 27.5219 27.5219 27.5219 27.5219 27.5219 44.6051 44.6051 44.6051 46.4834 46.4834 46.4834 9.82407 9.82407 9.82407 9.82407 55.1632 ]
c0 = [ 250 250 250 250 250 98 98 98 99 99 99 99 99 99 99 73 73 73 73 73 73 73 73 73 73 73 131 131 131 131 131 131 131 131 131 131 131 131 250 250 250 250 250 250 250 250 250 250 250 244 244 244 206 206 206 250 250 250 250 250 ]
cp = [ 11.8258 11.8258 11.8258 11.8258 11.8258 38.7754 38.7754 38.7754 37.4891 37.4891 37.4891 37.4891 37.4891 37.4891 37.4891 40.879 40.879 40.879 40.879 40.879 40.879 40.879 40.879 40.879 40.879 40.879 34.4663 34.4663 34.4663 34.4663 34.4663 34.4663 34.4663 34.4663 34.4663 34.4663 34.4663 34.4663 10.6398 10.6398 10.6398 10.6398 10.6398 10.6398 10.6398 10.6398 10.6398 10.6398 10.6398 10.0239 10.0239 10.0239 20.1861 20.1861 20.1861 8.95957 8.95957 8.95957 8.95957 8.62256 ]
D = [ 3037 3394 4143 4161 4784 5086 5733 6147 5979 6381 7262 7609 7630 8196 8420 8873 9340 9775 10231 10440 11201 11522 11705 12258 12368 12057 11622 10751 10399 9683 9276 8345 8183 7548 6831 7498 7958 8681 9372 9860 10595 9589 9018 7783 6953 5630 5044 3704 ]
K = 10
nk = [ 1 1 1 1 1 2 2 2 3 3 3 3 3 3 3 4 4 4 4 4 4 4 4 4 4 4 5 5 5 5 5 5 5 5 5 5 5 5 6 6 6 6 6 6 6 6 6 6 6 7 7 7 8 8 8 9 9 9 9 10 ]
First = [ 1 0 0 0 0 1 0 0 1 0 0 0 0 0 0 1 0 0 0 0 0 0 0 0 0 0 1 0 0 0 0 0 0 0 0 0 0 0 1 0 0 0 0 0 0 0 0 0 0 1 0 0 1 0 0 1 0 0 0 1 ]
Last = [ 0 0 0 0 1 0 0 1 0 0 0 0 0 0 1 0 0 0 0 0 0 0 0 0 0 1 0 0 0 0 0 0 0 0 0 0 0 1 0 0 0 0 0 0 0 0 0 0 1 0 0 1 0 0 1 0 0 0 1 1 ]
nS = 1
S = [ 0 1 2 3 4 5 6 7 8 9 10 11 12 13 14 15 16 17 18 19 20 21 22 23 24 25 26 27 28 29 30 31 32 33 34 35 36 37 38 39 40 41 42 43 44 45 46 47 48 49 50 51 52 53 54 55 56 57 58 59 ]
