n = 60 ; 
T = 48 ; 
Init = [ 1 1 1 1 1 1 1 1 1 1 0 1 1 1 1 1 1 1 1 1 1 1 1 1 1 1 1 0 0 0 0 0 0 0 0 0 0 0 0 0 0 0 0 0 0 1 1 1 1 1 1 1 1 1 1 1 1 1 1 1 ]
L = [ 16 16 16 16 16 16 16 16 16 16 14 7 7 7 7 7 7 7 7 7 7 7 7 14 14 14 14 17 17 17 17 17 12 9 9 9 9 9 9 9 9 6 6 6 6 12 12 17 17 17 19 19 19 19 19 19 19 19 10 10 ]
l = [ 16 16 16 16 16 16 16 16 16 16 14 7 7 7 7 7 7 7 7 7 7 7 7 14 14 14 14 17 17 17 17 17 12 9 9 9 9 9 9 9 9 6 6 6 6 12 12 17 17 17 19 19 19 19 19 19 19 19 10 10 ]
Pmin = [ 85 85 85 85 85 85 85 85 85 85 69 37 37 37 37 37 37 37 37 37 37 37 37 73 73 73 73 95 95 95 95 95 68 48 48 48 48 48 48 48 48 26 26 26 26 57 57 97 97 97 100 100 100 100 100 100 100 100 53 53 ]
Pmax = [ 337 337 337 337 337 337 337 337 337 337 284 119 119 119 119 119 119 119 119 119 119 119 119 300 300 300 300 381 381 381 381 381 257 178 178 178 178 178 178 178 178 70 70 70 70 224 224 374 374 374 420 420 420 420 420 420 420 420 188 188 ]
cf = [ 67.7528 67.7528 67.7528 67.7528 67.7528 67.7528 67.7528 67.7528 67.7528 67.7528 37.2164 41.0171 41.0171 41.0171 41.0171 41.0171 41.0171 41.0171 41.0171 41.0171 41.0171 41.0171 41.0171 27.3697 27.3697 27.3697 27.3697 38.3865 38.3865 38.3865 38.3865 38.3865 41.1205 46.5874 46.5874 46.5874 46.5874 46.5874 46.5874 46.5874 46.5874 12.3801 12.3801 12.3801 12.3801 26.6069 26.6069 25.5101 25.5101 25.5101 33.4541 33.4541 33.4541 33.4541 33.4541 33.4541 33.4541 33.4541 53.891 53.891 ]
c0 = [ 230 230 230 230 230 230 230 230 230 230 178 115 115 115 115 115 115 115 115 115 115 115 115 197 197 197 197 250 250 250 250 250 185 142 142 142 142 142 142 142 142 81 81 81 81 163 163 250 250 250 250 250 250 250 250 250 250 250 153 153 ]
cp = [ 19.2286 19.2286 19.2286 19.2286 19.2286 19.2286 19.2286 19.2286 19.2286 19.2286 20.6622 40.0715 40.0715 40.0715 40.0715 40.0715 40.0715 40.0715 40.0715 40.0715 40.0715 40.0715 40.0715 13.0375 13.0375 13.0375 13.0375 12.3249 12.3249 12.3249 12.3249 12.3249 27.1191 37.1935 37.1935 37.1935 37.1935 37.1935 37.1935 37.1935 37.1935 32.9461 32.9461 32.9461 32.9461 25.5116 25.5116 23.2545 23.2545 23.2545 9.72981 9.72981 9.72981 9.72981 9.72981 9.72981 9.72981 9.72981 30.848 30.848 ]
D = [ 3918 4489 4895 4828 5714 5727 6538 6581 7019 7579 7764 8195 9075 9299 9580 10031 10658 11004 11341 11750 12193 12258 12756 13179 13690 13068 12657 11980 11009 10726 9956 9472 8730 7954 7609 8097 8913 9722 10459 11301 12258 11044 10180 9263 7860 6865 5988 5418 ]
K = 12
nk = [ 1 1 1 1 1 1 1 1 1 1 2 3 3 3 3 3 3 3 3 3 3 3 3 4 4 4 4 5 5 5 5 5 6 7 7 7 7 7 7 7 7 8 8 8 8 9 9 10 10 10 11 11 11 11 11 11 11 11 12 12 ]
First = [ 1 0 0 0 0 0 0 0 0 0 1 1 0 0 0 0 0 0 0 0 0 0 0 1 0 0 0 1 0 0 0 0 1 1 0 0 0 0 0 0 0 1 0 0 0 1 0 1 0 0 1 0 0 0 0 0 0 0 1 0 ]
Last = [ 0 0 0 0 0 0 0 0 0 1 1 0 0 0 0 0 0 0 0 0 0 0 1 0 0 0 1 0 0 0 0 1 1 0 0 0 0 0 0 0 1 0 0 0 1 0 1 0 0 1 0 0 0 0 0 0 0 1 0 1 ]
nS = 1
S = [ 0 1 2 3 4 5 6 7 8 9 10 11 12 13 14 15 16 17 18 19 20 21 22 23 24 25 26 27 28 29 30 31 32 33 34 35 36 37 38 39 40 41 42 43 44 45 46 47 48 49 50 51 52 53 54 55 56 57 58 59 ]
