n = 60 ; 
T = 48 ; 
Init = [ 1 1 1 1 0 0 0 0 0 0 0 0 0 0 0 0 1 1 1 1 1 1 1 1 1 1 1 1 1 1 0 0 0 0 0 0 0 0 0 0 0 0 0 0 0 0 0 0 0 0 0 0 0 0 0 0 0 0 0 0 ]
L = [ 4 11 11 11 17 17 17 17 17 17 17 17 17 17 17 17 12 12 12 12 12 12 12 12 12 12 12 6 6 6 5 5 5 5 5 5 9 9 9 9 9 9 9 15 15 15 15 15 15 15 15 15 15 15 15 15 15 15 15 15 ]
l = [ 4 11 11 11 17 17 17 17 17 17 17 17 17 17 17 17 12 12 12 12 12 12 12 12 12 12 12 6 6 6 5 5 5 5 5 5 9 9 9 9 9 9 9 15 15 15 15 15 15 15 15 15 15 15 15 15 15 15 15 15 ]
Pmin = [ 15 58 58 58 92 92 92 92 92 92 92 92 92 92 92 92 59 59 59 59 59 59 59 59 59 59 59 33 33 33 21 21 21 21 21 21 49 49 49 49 49 49 49 75 75 75 75 75 75 75 75 75 75 75 75 75 75 75 75 75 ]
Pmax = [ 46 218 218 218 357 357 357 357 357 357 357 357 357 357 357 357 242 242 242 242 242 242 242 242 242 242 242 104 104 104 48 48 48 48 48 48 170 170 170 170 170 170 170 303 303 303 303 303 303 303 303 303 303 303 303 303 303 303 303 303 ]
cf = [ 43.6325 22.8905 22.8905 22.8905 37.871 37.871 37.871 37.871 37.871 37.871 37.871 37.871 37.871 37.871 37.871 37.871 49.4587 49.4587 49.4587 49.4587 49.4587 49.4587 49.4587 49.4587 49.4587 49.4587 49.4587 8.80488 8.80488 8.80488 30.0969 30.0969 30.0969 30.0969 30.0969 30.0969 10.1321 10.1321 10.1321 10.1321 10.1321 10.1321 10.1321 64.5035 64.5035 64.5035 64.5035 64.5035 64.5035 64.5035 64.5035 64.5035 64.5035 64.5035 64.5035 64.5035 64.5035 64.5035 64.5035 64.5035 ]
c0 = [ 50 164 164 164 250 250 250 250 250 250 250 250 250 250 250 250 156 156 156 156 156 156 156 156 156 156 156 97 97 97 63 63 63 63 63 63 143 143 143 143 143 143 143 202 202 202 202 202 202 202 202 202 202 202 202 202 202 202 202 202 ]
cp = [ 40.72 30.048 30.048 30.048 12.5028 12.5028 12.5028 12.5028 12.5028 12.5028 12.5028 12.5028 12.5028 12.5028 12.5028 12.5028 31.1717 31.1717 31.1717 31.1717 31.1717 31.1717 31.1717 31.1717 31.1717 31.1717 31.1717 37.8632 37.8632 37.8632 38.8925 38.8925 38.8925 38.8925 38.8925 38.8925 31.2108 31.2108 31.2108 31.2108 31.2108 31.2108 31.2108 23.148 23.148 23.148 23.148 23.148 23.148 23.148 23.148 23.148 23.148 23.148 23.148 23.148 23.148 23.148 23.148 23.148 ]
D = [ 3554 3950 4077 4433 4873 5064 5306 5620 6074 6720 6918 7173 7653 7933 8067 8533 9056 9099 9935 9941 10503 10846 10943 11398 11942 11327 10944 10547 10009 9544 8885 8480 8057 7171 6768 7620 8344 9018 9831 10655 11038 10006 9042 8446 7340 6156 5089 4153 ]
K = 8
nk = [ 1 2 2 2 3 3 3 3 3 3 3 3 3 3 3 3 4 4 4 4 4 4 4 4 4 4 4 5 5 5 6 6 6 6 6 6 7 7 7 7 7 7 7 8 8 8 8 8 8 8 8 8 8 8 8 8 8 8 8 8 ]
First = [ 1 1 0 0 1 0 0 0 0 0 0 0 0 0 0 0 1 0 0 0 0 0 0 0 0 0 0 1 0 0 1 0 0 0 0 0 1 0 0 0 0 0 0 1 0 0 0 0 0 0 0 0 0 0 0 0 0 0 0 0 ]
Last = [ 1 0 0 1 0 0 0 0 0 0 0 0 0 0 0 1 0 0 0 0 0 0 0 0 0 0 1 0 0 1 0 0 0 0 0 1 0 0 0 0 0 0 1 0 0 0 0 0 0 0 0 0 0 0 0 0 0 0 0 1 ]
nS = 1
S = [ 0 1 2 3 4 5 6 7 8 9 10 11 12 13 14 15 16 17 18 19 20 21 22 23 24 25 26 27 28 29 30 31 32 33 34 35 36 37 38 39 40 41 42 43 44 45 46 47 48 49 50 51 52 53 54 55 56 57 58 59 ]
