n = 60 ; 
T = 48 ; 
Init = [ 0 0 0 0 0 0 0 1 1 1 1 1 1 0 0 0 1 1 1 0 0 0 0 0 0 0 1 1 1 1 1 1 1 1 1 1 1 1 1 1 1 1 1 1 1 1 1 1 1 1 1 1 1 1 1 1 0 0 0 0 ]
L = [ 19 19 19 19 19 19 19 14 14 14 14 14 14 16 16 16 4 4 4 9 9 9 9 9 9 9 5 5 5 5 5 5 5 5 5 5 11 11 11 11 18 18 18 18 18 18 7 7 7 7 7 7 7 7 7 15 9 9 9 15 ]
l = [ 19 19 19 19 19 19 19 14 14 14 14 14 14 16 16 16 4 4 4 9 9 9 9 9 9 9 5 5 5 5 5 5 5 5 5 5 11 11 11 11 18 18 18 18 18 18 7 7 7 7 7 7 7 7 7 15 9 9 9 15 ]
Pmin = [ 100 100 100 100 100 100 100 78 78 78 78 78 78 89 89 89 16 16 16 42 42 42 42 42 42 42 14 14 14 14 14 14 14 14 14 14 58 58 58 58 98 98 98 98 98 98 32 32 32 32 32 32 32 32 32 80 45 45 45 83 ]
Pmax = [ 420 420 420 420 420 420 420 300 300 300 300 300 300 337 337 337 39 39 39 147 147 147 147 147 147 147 45 45 45 45 45 45 45 45 45 45 235 235 235 235 394 394 394 394 394 394 120 120 120 120 120 120 120 120 120 309 146 146 146 329 ]
cf = [ 65.9903 65.9903 65.9903 65.9903 65.9903 65.9903 65.9903 65.0954 65.0954 65.0954 65.0954 65.0954 65.0954 58.5527 58.5527 58.5527 9.57504 9.57504 9.57504 38.7999 38.7999 38.7999 38.7999 38.7999 38.7999 38.7999 13.1928 13.1928 13.1928 13.1928 13.1928 13.1928 13.1928 13.1928 13.1928 13.1928 13.1859 13.1859 13.1859 13.1859 27.3166 27.3166 27.3166 27.3166 27.3166 27.3166 9.3372 9.3372 9.3372 9.3372 9.3372 9.3372 9.3372 9.3372 9.3372 56.9091 59.6447 59.6447 59.6447 37.3605 ]
c0 = [ 250 250 250 250 250 250 250 204 204 204 204 204 204 241 241 241 56 56 56 132 132 132 132 132 132 132 50 50 50 50 50 50 50 50 50 50 164 164 164 164 250 250 250 250 250 250 104 104 104 104 104 104 104 104 104 213 128 128 128 225 ]
cp = [ 8.20249 8.20249 8.20249 8.20249 8.20249 8.20249 8.20249 10.1871 10.1871 10.1871 10.1871 10.1871 10.1871 16.0496 16.0496 16.0496 41.5323 41.5323 41.5323 28.4028 28.4028 28.4028 28.4028 28.4028 28.4028 28.4028 40.1035 40.1035 40.1035 40.1035 40.1035 40.1035 40.1035 40.1035 40.1035 40.1035 26.7031 26.7031 26.7031 26.7031 13.7436 13.7436 13.7436 13.7436 13.7436 13.7436 24.5388 24.5388 24.5388 24.5388 24.5388 24.5388 24.5388 24.5388 24.5388 16.3855 23.4663 23.4663 23.4663 18.9306 ]
D = [ 3162 3455 3976 4174 4480 5059 5079 5422 5877 5961 6411 6750 6741 7142 7446 7767 8252 8114 8781 8900 9357 9544 9564 10280 10128 10179 9650 9477 9027 8600 7940 7962 7535 7105 6521 6887 7523 7959 8377 8662 9403 8376 7619 6968 6562 5817 5196 4471 ]
K = 12
nk = [ 1 1 1 1 1 1 1 2 2 2 2 2 2 3 3 3 4 4 4 5 5 5 5 5 5 5 6 6 6 6 6 6 6 6 6 6 7 7 7 7 8 8 8 8 8 8 9 9 9 9 9 9 9 9 9 10 11 11 11 12 ]
First = [ 1 0 0 0 0 0 0 1 0 0 0 0 0 1 0 0 1 0 0 1 0 0 0 0 0 0 1 0 0 0 0 0 0 0 0 0 1 0 0 0 1 0 0 0 0 0 1 0 0 0 0 0 0 0 0 1 1 0 0 1 ]
Last = [ 0 0 0 0 0 0 1 0 0 0 0 0 1 0 0 1 0 0 1 0 0 0 0 0 0 1 0 0 0 0 0 0 0 0 0 1 0 0 0 1 0 0 0 0 0 1 0 0 0 0 0 0 0 0 1 1 0 0 1 1 ]
nS = 1
S = [ 0 1 2 3 4 5 6 7 8 9 10 11 12 13 14 15 16 17 18 19 20 21 22 23 24 25 26 27 28 29 30 31 32 33 34 35 36 37 38 39 40 41 42 43 44 45 46 47 48 49 50 51 52 53 54 55 56 57 58 59 ]
