n = 60 ; 
T = 48 ; 
Init = [ 1 1 1 0 0 0 0 0 0 0 0 0 1 1 1 1 1 1 1 1 1 0 0 1 1 1 1 1 1 0 0 0 0 0 0 0 0 0 0 0 0 0 0 0 0 0 0 0 0 0 0 0 0 0 1 1 1 1 1 1 ]
L = [ 17 17 17 13 13 13 13 13 13 13 13 13 6 6 6 6 6 6 6 6 6 4 4 9 9 9 9 9 19 6 6 6 6 6 6 6 6 6 6 17 17 17 14 14 14 4 4 4 4 4 4 4 4 4 12 12 17 17 17 17 ]
l = [ 17 17 17 13 13 13 13 13 13 13 13 13 6 6 6 6 6 6 6 6 6 4 4 9 9 9 9 9 19 6 6 6 6 6 6 6 6 6 6 17 17 17 14 14 14 4 4 4 4 4 4 4 4 4 12 12 17 17 17 17 ]
Pmin = [ 93 93 93 69 69 69 69 69 69 69 69 69 30 30 30 30 30 30 30 30 30 14 14 46 46 46 46 46 100 23 23 23 23 23 23 23 23 23 23 88 88 88 71 71 71 25 25 25 25 25 25 25 25 25 57 57 96 96 96 96 ]
Pmax = [ 356 356 356 278 278 278 278 278 278 278 278 278 109 109 109 109 109 109 109 109 109 41 41 168 168 168 168 168 420 72 72 72 72 72 72 72 72 72 72 342 342 342 294 294 294 67 67 67 67 67 67 67 67 67 232 232 381 381 381 381 ]
cf = [ 11.615 11.615 11.615 39.0212 39.0212 39.0212 39.0212 39.0212 39.0212 39.0212 39.0212 39.0212 49.4299 49.4299 49.4299 49.4299 49.4299 49.4299 49.4299 49.4299 49.4299 47.8797 47.8797 61.7589 61.7589 61.7589 61.7589 61.7589 65.2497 62.6924 62.6924 62.6924 62.6924 62.6924 62.6924 62.6924 62.6924 62.6924 62.6924 53.7938 53.7938 53.7938 59.8145 59.8145 59.8145 18.517 18.517 18.517 18.517 18.517 18.517 18.517 18.517 18.517 8.42727 8.42727 12.2845 12.2845 12.2845 12.2845 ]
c0 = [ 250 250 250 190 190 190 190 190 190 190 190 190 104 104 104 104 104 104 104 104 104 58 58 136 136 136 136 136 250 80 80 80 80 80 80 80 80 80 80 222 222 222 190 190 190 78 78 78 78 78 78 78 78 78 159 159 250 250 250 250 ]
cp = [ 13.2869 13.2869 13.2869 17.7472 17.7472 17.7472 17.7472 17.7472 17.7472 17.7472 17.7472 17.7472 34.2026 34.2026 34.2026 34.2026 34.2026 34.2026 34.2026 34.2026 34.2026 41.5901 41.5901 29.4485 29.4485 29.4485 29.4485 29.4485 14.7576 40.0935 40.0935 40.0935 40.0935 40.0935 40.0935 40.0935 40.0935 40.0935 40.0935 19.0547 19.0547 19.0547 18.069 18.069 18.069 39.1078 39.1078 39.1078 39.1078 39.1078 39.1078 39.1078 39.1078 39.1078 26.2382 26.2382 24.093 24.093 24.093 24.093 ]
D = [ 2566 2752 3082 3329 3721 4136 4172 4700 4784 5445 5811 6055 6358 6412 6838 6939 7315 7521 8211 8496 8579 8867 9177 9615 9922 9587 8722 8692 8122 7761 7270 6565 6088 5624 5308 5914 6557 6968 7354 8223 8549 7742 7297 6366 5756 4990 4303 3766 ]
K = 12
nk = [ 1 1 1 2 2 2 2 2 2 2 2 2 3 3 3 3 3 3 3 3 3 4 4 5 5 5 5 5 6 7 7 7 7 7 7 7 7 7 7 8 8 8 9 9 9 10 10 10 10 10 10 10 10 10 11 11 12 12 12 12 ]
First = [ 1 0 0 1 0 0 0 0 0 0 0 0 1 0 0 0 0 0 0 0 0 1 0 1 0 0 0 0 1 1 0 0 0 0 0 0 0 0 0 1 0 0 1 0 0 1 0 0 0 0 0 0 0 0 1 0 1 0 0 0 ]
Last = [ 0 0 1 0 0 0 0 0 0 0 0 1 0 0 0 0 0 0 0 0 1 0 1 0 0 0 0 1 1 0 0 0 0 0 0 0 0 0 1 0 0 1 0 0 1 0 0 0 0 0 0 0 0 1 0 1 0 0 0 1 ]
nS = 1
S = [ 0 1 2 3 4 5 6 7 8 9 10 11 12 13 14 15 16 17 18 19 20 21 22 23 24 25 26 27 28 29 30 31 32 33 34 35 36 37 38 39 40 41 42 43 44 45 46 47 48 49 50 51 52 53 54 55 56 57 58 59 ]
