n = 60 ; 
T = 48 ; 
Init = [ 0 0 0 0 0 0 0 0 0 0 0 0 0 0 0 0 0 0 0 0 0 0 0 0 0 0 0 0 0 0 0 0 0 0 0 0 0 0 0 0 1 1 1 1 1 1 1 1 1 1 1 1 1 1 1 1 1 1 1 1 ]
L = [ 15 15 15 15 15 15 15 15 15 15 15 15 15 15 15 15 15 17 17 17 17 17 17 17 17 17 17 17 17 11 11 11 11 11 11 11 11 11 11 11 12 12 12 12 12 12 12 12 12 12 9 9 9 9 9 9 9 9 9 9 ]
l = [ 15 15 15 15 15 15 15 15 15 15 15 15 15 15 15 15 15 17 17 17 17 17 17 17 17 17 17 17 17 11 11 11 11 11 11 11 11 11 11 11 12 12 12 12 12 12 12 12 12 12 9 9 9 9 9 9 9 9 9 9 ]
Pmin = [ 76 76 76 76 76 76 76 76 76 76 76 76 76 76 76 76 76 94 94 94 94 94 94 94 94 94 94 94 94 60 60 60 60 60 60 60 60 60 60 60 62 62 62 62 62 62 62 62 62 62 49 49 49 49 49 49 49 49 49 49 ]
Pmax = [ 316 316 316 316 316 316 316 316 316 316 316 316 316 316 316 316 316 380 380 380 380 380 380 380 380 380 380 380 380 234 234 234 234 234 234 234 234 234 234 234 238 238 238 238 238 238 238 238 238 238 170 170 170 170 170 170 170 170 170 170 ]
cf = [ 45.9845 45.9845 45.9845 45.9845 45.9845 45.9845 45.9845 45.9845 45.9845 45.9845 45.9845 45.9845 45.9845 45.9845 45.9845 45.9845 45.9845 52.8556 52.8556 52.8556 52.8556 52.8556 52.8556 52.8556 52.8556 52.8556 52.8556 52.8556 52.8556 55.8222 55.8222 55.8222 55.8222 55.8222 55.8222 55.8222 55.8222 55.8222 55.8222 55.8222 43.975 43.975 43.975 43.975 43.975 43.975 43.975 43.975 43.975 43.975 61.7318 61.7318 61.7318 61.7318 61.7318 61.7318 61.7318 61.7318 61.7318 61.7318 ]
c0 = [ 207 207 207 207 207 207 207 207 207 207 207 207 207 207 207 207 207 244 244 244 244 244 244 244 244 244 244 244 244 169 169 169 169 169 169 169 169 169 169 169 174 174 174 174 174 174 174 174 174 174 139 139 139 139 139 139 139 139 139 139 ]
cp = [ 22.1523 22.1523 22.1523 22.1523 22.1523 22.1523 22.1523 22.1523 22.1523 22.1523 22.1523 22.1523 22.1523 22.1523 22.1523 22.1523 22.1523 9.27788 9.27788 9.27788 9.27788 9.27788 9.27788 9.27788 9.27788 9.27788 9.27788 9.27788 9.27788 20.541 20.541 20.541 20.541 20.541 20.541 20.541 20.541 20.541 20.541 20.541 24.5975 24.5975 24.5975 24.5975 24.5975 24.5975 24.5975 24.5975 24.5975 24.5975 35.3679 35.3679 35.3679 35.3679 35.3679 35.3679 35.3679 35.3679 35.3679 35.3679 ]
D = [ 4547 4958 4986 5915 6113 6265 6815 7484 7685 8023 8921 8809 9224 9619 10353 10971 11135 11517 12138 12688 12847 13380 13503 14259 14542 13826 13122 12696 11661 10998 10272 10221 9545 8422 8212 8657 9273 9872 10561 11617 12130 10983 10519 9375 8198 7380 6430 5657 ]
K = 5
nk = [ 1 1 1 1 1 1 1 1 1 1 1 1 1 1 1 1 1 2 2 2 2 2 2 2 2 2 2 2 2 3 3 3 3 3 3 3 3 3 3 3 4 4 4 4 4 4 4 4 4 4 5 5 5 5 5 5 5 5 5 5 ]
First = [ 1 0 0 0 0 0 0 0 0 0 0 0 0 0 0 0 0 1 0 0 0 0 0 0 0 0 0 0 0 1 0 0 0 0 0 0 0 0 0 0 1 0 0 0 0 0 0 0 0 0 1 0 0 0 0 0 0 0 0 0 ]
Last = [ 0 0 0 0 0 0 0 0 0 0 0 0 0 0 0 0 1 0 0 0 0 0 0 0 0 0 0 0 1 0 0 0 0 0 0 0 0 0 0 1 0 0 0 0 0 0 0 0 0 1 0 0 0 0 0 0 0 0 0 1 ]
nS = 1
S = [ 0 1 2 3 4 5 6 7 8 9 10 11 12 13 14 15 16 17 18 19 20 21 22 23 24 25 26 27 28 29 30 31 32 33 34 35 36 37 38 39 40 41 42 43 44 45 46 47 48 49 50 51 52 53 54 55 56 57 58 59 ]
