n = 60 ; 
T = 48 ; 
Init = [ 0 0 0 0 0 0 0 0 0 0 0 0 0 0 0 0 0 0 0 1 1 1 0 0 0 0 0 0 0 0 0 0 0 0 0 0 1 1 1 1 1 1 1 1 0 0 0 0 0 1 1 1 1 1 1 1 1 1 1 1 ]
L = [ 10 15 15 15 15 15 15 15 15 15 15 15 13 13 13 13 13 13 13 14 14 14 19 19 19 19 19 19 19 19 19 19 19 19 19 12 12 12 12 12 12 12 11 11 12 12 12 12 12 11 11 11 11 11 11 11 11 11 11 11 ]
l = [ 10 15 15 15 15 15 15 15 15 15 15 15 13 13 13 13 13 13 13 14 14 14 19 19 19 19 19 19 19 19 19 19 19 19 19 12 12 12 12 12 12 12 11 11 12 12 12 12 12 11 11 11 11 11 11 11 11 11 11 11 ]
Pmin = [ 51 83 83 83 83 83 83 83 83 83 83 83 69 69 69 69 69 69 69 73 73 73 100 100 100 100 100 100 100 100 100 100 100 100 100 59 58 58 58 58 58 58 50 50 61 61 61 61 61 55 55 55 55 55 55 55 55 55 55 55 ]
Pmax = [ 192 334 334 334 334 334 334 334 334 334 334 334 258 258 258 258 258 258 258 296 296 296 402 402 402 402 402 402 402 402 402 402 402 402 402 239 232 232 232 232 232 232 199 199 231 231 231 231 231 212 212 212 212 212 212 212 212 212 212 212 ]
cf = [ 50.9105 27.2978 27.2978 27.2978 27.2978 27.2978 27.2978 27.2978 27.2978 27.2978 27.2978 27.2978 22.9848 22.9848 22.9848 22.9848 22.9848 22.9848 22.9848 56.3415 56.3415 56.3415 44.4709 44.4709 44.4709 44.4709 44.4709 44.4709 44.4709 44.4709 44.4709 44.4709 44.4709 44.4709 44.4709 36.7047 8.51164 8.51164 8.51164 8.51164 8.51164 8.51164 11.1627 11.1627 14.8639 14.8639 14.8639 14.8639 14.8639 9.74703 9.74703 9.74703 9.74703 9.74703 9.74703 9.74703 9.74703 9.74703 9.74703 9.74703 ]
c0 = [ 134 222 222 222 222 222 222 222 222 222 222 222 186 186 186 186 186 186 186 206 206 206 250 250 250 250 250 250 250 250 250 250 250 250 250 156 160 160 160 160 160 160 147 147 159 159 159 159 159 143 143 143 143 143 143 143 143 143 143 143 ]
cp = [ 35.9824 15.0494 15.0494 15.0494 15.0494 15.0494 15.0494 15.0494 15.0494 15.0494 15.0494 15.0494 29.9778 29.9778 29.9778 29.9778 29.9778 29.9778 29.9778 16.3585 16.3585 16.3585 13.0675 13.0675 13.0675 13.0675 13.0675 13.0675 13.0675 13.0675 13.0675 13.0675 13.0675 13.0675 13.0675 31.2932 24.6155 24.6155 24.6155 24.6155 24.6155 24.6155 24.1592 24.1592 20.3788 20.3788 20.3788 20.3788 20.3788 34.1055 34.1055 34.1055 34.1055 34.1055 34.1055 34.1055 34.1055 34.1055 34.1055 34.1055 ]
D = [ 4984 5323 5598 6241 6712 6679 7529 7846 8331 8771 8625 9124 9967 10208 10543 10929 11028 11556 12188 12550 12614 13039 13636 14192 14622 14120 13284 12513 12109 11797 11245 10127 9751 9070 8884 9255 10202 11143 12120 12456 13433 11979 11221 10065 9141 7622 6448 5912 ]
K = 10
nk = [ 1 2 2 2 2 2 2 2 2 2 2 2 3 3 3 3 3 3 3 4 4 4 5 5 5 5 5 5 5 5 5 5 5 5 5 6 7 7 7 7 7 7 8 8 9 9 9 9 9 10 10 10 10 10 10 10 10 10 10 10 ]
First = [ 1 1 0 0 0 0 0 0 0 0 0 0 1 0 0 0 0 0 0 1 0 0 1 0 0 0 0 0 0 0 0 0 0 0 0 1 1 0 0 0 0 0 1 0 1 0 0 0 0 1 0 0 0 0 0 0 0 0 0 0 ]
Last = [ 1 0 0 0 0 0 0 0 0 0 0 1 0 0 0 0 0 0 1 0 0 1 0 0 0 0 0 0 0 0 0 0 0 0 1 1 0 0 0 0 0 1 0 1 0 0 0 0 1 0 0 0 0 0 0 0 0 0 0 1 ]
nS = 1
S = [ 0 1 2 3 4 5 6 7 8 9 10 11 12 13 14 15 16 17 18 19 20 21 22 23 24 25 26 27 28 29 30 31 32 33 34 35 36 37 38 39 40 41 42 43 44 45 46 47 48 49 50 51 52 53 54 55 56 57 58 59 ]
