n = 60 ; 
T = 48 ; 
Init = [ 1 1 1 1 1 1 1 1 1 1 1 1 1 1 1 1 1 0 0 0 0 0 0 0 0 0 0 0 0 0 0 0 0 0 0 0 0 1 1 1 1 1 1 1 1 1 1 1 1 1 1 1 1 1 1 1 1 1 1 1 ]
L = [ 7 7 7 10 10 10 10 10 10 10 10 10 10 10 10 10 10 18 18 18 18 18 18 18 18 18 18 18 18 18 18 19 19 19 19 19 19 20 20 20 20 20 13 13 13 13 13 13 13 13 13 13 13 13 13 13 13 13 13 13 ]
l = [ 7 7 7 10 10 10 10 10 10 10 10 10 10 10 10 10 10 18 18 18 18 18 18 18 18 18 18 18 18 18 18 19 19 19 19 19 19 20 20 20 20 20 13 13 13 13 13 13 13 13 13 13 13 13 13 13 13 13 13 13 ]
Pmin = [ 38 38 38 52 52 52 52 52 52 52 52 52 52 52 52 52 52 100 100 100 100 100 100 100 100 100 100 100 100 100 100 100 100 100 100 100 100 100 100 100 100 100 71 71 71 71 71 71 71 71 71 71 71 71 71 72 72 72 72 72 ]
Pmax = [ 133 133 133 208 208 208 208 208 208 208 208 208 208 208 208 208 208 401 401 401 401 401 401 401 401 401 401 401 401 401 401 420 420 420 420 420 420 419 419 419 419 419 282 282 282 282 282 282 282 282 282 282 282 282 282 289 289 289 289 289 ]
cf = [ 32.9871 32.9871 32.9871 65.2452 65.2452 65.2452 65.2452 65.2452 65.2452 65.2452 65.2452 65.2452 65.2452 65.2452 65.2452 65.2452 65.2452 16.7477 16.7477 16.7477 16.7477 16.7477 16.7477 16.7477 16.7477 16.7477 16.7477 16.7477 16.7477 16.7477 16.7477 38.945 38.945 38.945 38.945 38.945 38.945 19.5026 19.5026 19.5026 19.5026 19.5026 25.1805 25.1805 25.1805 25.1805 25.1805 25.1805 25.1805 25.1805 25.1805 25.1805 25.1805 25.1805 25.1805 29.8841 29.8841 29.8841 29.8841 29.8841 ]
c0 = [ 103 103 103 136 136 136 136 136 136 136 136 136 136 136 136 136 136 250 250 250 250 250 250 250 250 250 250 250 250 250 250 250 250 250 250 250 250 250 250 250 250 250 189 189 189 189 189 189 189 189 189 189 189 189 189 191 191 191 191 191 ]
cp = [ 35.0874 35.0874 35.0874 36.4761 36.4761 36.4761 36.4761 36.4761 36.4761 36.4761 36.4761 36.4761 36.4761 36.4761 36.4761 36.4761 36.4761 13.3782 13.3782 13.3782 13.3782 13.3782 13.3782 13.3782 13.3782 13.3782 13.3782 13.3782 13.3782 13.3782 13.3782 12.412 12.412 12.412 12.412 12.412 12.412 8.09239 8.09239 8.09239 8.09239 8.09239 24.3124 24.3124 24.3124 24.3124 24.3124 24.3124 24.3124 24.3124 24.3124 24.3124 24.3124 24.3124 24.3124 21.152 21.152 21.152 21.152 21.152 ]
D = [ 3722 4617 5186 5375 5576 6517 6970 7082 7635 8482 8398 8988 9458 10144 10728 11526 11790 12456 12515 12793 13944 14363 14227 15233 15305 15336 14650 13573 13133 12449 12454 11602 11327 10669 9521 10313 11461 12378 12797 14011 14544 13088 12356 10821 9566 8187 6965 5488 ]
K = 7
nk = [ 1 1 1 2 2 2 2 2 2 2 2 2 2 2 2 2 2 3 3 3 3 3 3 3 3 3 3 3 3 3 3 4 4 4 4 4 4 5 5 5 5 5 6 6 6 6 6 6 6 6 6 6 6 6 6 7 7 7 7 7 ]
First = [ 1 0 0 1 0 0 0 0 0 0 0 0 0 0 0 0 0 1 0 0 0 0 0 0 0 0 0 0 0 0 0 1 0 0 0 0 0 1 0 0 0 0 1 0 0 0 0 0 0 0 0 0 0 0 0 1 0 0 0 0 ]
Last = [ 0 0 1 0 0 0 0 0 0 0 0 0 0 0 0 0 1 0 0 0 0 0 0 0 0 0 0 0 0 0 1 0 0 0 0 0 1 0 0 0 0 1 0 0 0 0 0 0 0 0 0 0 0 0 1 0 0 0 0 1 ]
nS = 1
S = [ 0 1 2 3 4 5 6 7 8 9 10 11 12 13 14 15 16 17 18 19 20 21 22 23 24 25 26 27 28 29 30 31 32 33 34 35 36 37 38 39 40 41 42 43 44 45 46 47 48 49 50 51 52 53 54 55 56 57 58 59 ]
