n = 60 ; 
T = 48 ; 
Init = [ 1 1 1 1 0 0 0 0 0 0 0 0 0 0 0 0 0 0 0 1 1 1 1 1 1 1 1 1 1 1 1 1 1 1 1 1 1 1 1 1 0 0 0 0 0 0 0 0 1 1 1 1 1 1 1 1 1 1 1 1 ]
L = [ 17 17 17 17 14 14 14 14 14 14 14 14 14 14 14 14 19 19 19 19 19 19 19 19 19 19 19 19 12 12 12 8 8 8 8 8 8 8 8 8 11 11 11 11 11 11 11 11 12 12 12 12 12 12 12 12 12 12 12 12 ]
l = [ 17 17 17 17 14 14 14 14 14 14 14 14 14 14 14 14 19 19 19 19 19 19 19 19 19 19 19 19 12 12 12 8 8 8 8 8 8 8 8 8 11 11 11 11 11 11 11 11 12 12 12 12 12 12 12 12 12 12 12 12 ]
Pmin = [ 81 81 81 81 73 73 73 73 73 73 73 73 73 73 73 73 100 100 100 100 100 100 100 100 100 100 100 100 60 60 60 43 43 43 43 43 43 43 43 43 57 57 57 57 57 57 57 57 59 59 59 59 59 59 59 59 59 59 59 59 ]
Pmax = [ 333 333 333 333 290 290 290 290 290 290 290 290 290 290 290 290 420 420 420 402 402 402 402 402 402 402 402 402 224 224 224 145 145 145 145 145 145 145 145 145 200 200 200 200 200 200 200 200 227 227 227 227 227 227 227 227 227 227 227 227 ]
cf = [ 8.59544 8.59544 8.59544 8.59544 44.4986 44.4986 44.4986 44.4986 44.4986 44.4986 44.4986 44.4986 44.4986 44.4986 44.4986 44.4986 63.0631 63.0631 63.0631 62.8737 62.8737 62.8737 62.8737 62.8737 62.8737 62.8737 62.8737 62.8737 21.9855 21.9855 21.9855 43.4967 43.4967 43.4967 43.4967 43.4967 43.4967 43.4967 43.4967 43.4967 63.5167 63.5167 63.5167 63.5167 63.5167 63.5167 63.5167 63.5167 41.0627 41.0627 41.0627 41.0627 41.0627 41.0627 41.0627 41.0627 41.0627 41.0627 41.0627 41.0627 ]
c0 = [ 215 215 215 215 207 207 207 207 207 207 207 207 207 207 207 207 250 250 250 250 250 250 250 250 250 250 250 250 157 157 157 129 129 129 129 129 129 129 129 129 153 153 153 153 153 153 153 153 152 152 152 152 152 152 152 152 152 152 152 152 ]
cp = [ 21.9748 21.9748 21.9748 21.9748 26.3538 26.3538 26.3538 26.3538 26.3538 26.3538 26.3538 26.3538 26.3538 26.3538 26.3538 26.3538 10.965 10.965 10.965 12.6854 12.6854 12.6854 12.6854 12.6854 12.6854 12.6854 12.6854 12.6854 24.5042 24.5042 24.5042 35.2988 35.2988 35.2988 35.2988 35.2988 35.2988 35.2988 35.2988 35.2988 23.8971 23.8971 23.8971 23.8971 23.8971 23.8971 23.8971 23.8971 14.1456 14.1456 14.1456 14.1456 14.1456 14.1456 14.1456 14.1456 14.1456 14.1456 14.1456 14.1456 ]
D = [ 4524 4810 5069 5609 6006 5782 6654 6517 7366 7840 8115 8257 8519 8912 9189 9643 10310 10103 10921 10913 11221 12019 12194 12865 13138 12743 12027 11285 11075 10587 10247 9479 8917 8476 7888 8597 9445 9962 10813 11512 12143 11179 10569 9372 8441 7109 6645 5381 ]
K = 8
nk = [ 1 1 1 1 2 2 2 2 2 2 2 2 2 2 2 2 3 3 3 4 4 4 4 4 4 4 4 4 5 5 5 6 6 6 6 6 6 6 6 6 7 7 7 7 7 7 7 7 8 8 8 8 8 8 8 8 8 8 8 8 ]
First = [ 1 0 0 0 1 0 0 0 0 0 0 0 0 0 0 0 1 0 0 1 0 0 0 0 0 0 0 0 1 0 0 1 0 0 0 0 0 0 0 0 1 0 0 0 0 0 0 0 1 0 0 0 0 0 0 0 0 0 0 0 ]
Last = [ 0 0 0 1 0 0 0 0 0 0 0 0 0 0 0 1 0 0 1 0 0 0 0 0 0 0 0 1 0 0 1 0 0 0 0 0 0 0 0 1 0 0 0 0 0 0 0 1 0 0 0 0 0 0 0 0 0 0 0 1 ]
nS = 1
S = [ 0 1 2 3 4 5 6 7 8 9 10 11 12 13 14 15 16 17 18 19 20 21 22 23 24 25 26 27 28 29 30 31 32 33 34 35 36 37 38 39 40 41 42 43 44 45 46 47 48 49 50 51 52 53 54 55 56 57 58 59 ]
