n = 60 ; 
T = 48 ; 
Init = [ 1 1 1 1 1 1 1 0 0 0 0 0 0 0 0 0 0 0 0 0 0 0 0 0 0 1 1 1 1 1 1 1 1 1 1 1 1 0 0 0 0 0 0 0 0 0 0 0 0 0 0 0 0 0 0 0 0 0 0 0 ]
L = [ 6 6 6 6 6 6 6 19 19 19 19 19 19 19 19 11 11 11 11 11 11 11 11 11 11 18 18 18 18 18 5 5 5 5 5 5 5 18 18 18 5 5 5 5 5 5 5 5 5 9 9 9 9 9 9 9 9 9 9 9 ]
l = [ 6 6 6 6 6 6 6 19 19 19 19 19 19 19 19 11 11 11 11 11 11 11 11 11 11 18 18 18 18 18 5 5 5 5 5 5 5 18 18 18 5 5 5 5 5 5 5 5 5 9 9 9 9 9 9 9 9 9 9 9 ]
Pmin = [ 35 35 35 35 35 35 35 100 100 100 100 100 100 100 100 66 66 66 66 66 66 66 66 66 66 92 92 92 92 92 25 25 25 25 25 25 25 100 100 100 21 21 21 21 21 21 21 21 21 48 48 48 48 48 48 48 48 48 48 48 ]
Pmax = [ 104 104 104 104 104 104 104 420 420 420 420 420 420 420 420 230 230 230 230 230 230 230 230 230 230 385 385 385 385 385 85 85 85 85 85 85 85 401 401 401 70 70 70 70 70 70 70 70 70 174 174 174 174 174 174 174 174 174 174 174 ]
cf = [ 7.46879 7.46879 7.46879 7.46879 7.46879 7.46879 7.46879 57.1483 57.1483 57.1483 57.1483 57.1483 57.1483 57.1483 57.1483 29.6502 29.6502 29.6502 29.6502 29.6502 29.6502 29.6502 29.6502 29.6502 29.6502 55.4734 55.4734 55.4734 55.4734 55.4734 58.3394 58.3394 58.3394 58.3394 58.3394 58.3394 58.3394 47.7505 47.7505 47.7505 63.1971 63.1971 63.1971 63.1971 63.1971 63.1971 63.1971 63.1971 63.1971 49.4618 49.4618 49.4618 49.4618 49.4618 49.4618 49.4618 49.4618 49.4618 49.4618 49.4618 ]
c0 = [ 105 105 105 105 105 105 105 250 250 250 250 250 250 250 250 183 183 183 183 183 183 183 183 183 183 239 239 239 239 239 79 79 79 79 79 79 79 250 250 250 71 71 71 71 71 71 71 71 71 134 134 134 134 134 134 134 134 134 134 134 ]
cp = [ 30.9116 30.9116 30.9116 30.9116 30.9116 30.9116 30.9116 9.13926 9.13926 9.13926 9.13926 9.13926 9.13926 9.13926 9.13926 23.189 23.189 23.189 23.189 23.189 23.189 23.189 23.189 23.189 23.189 8.88487 8.88487 8.88487 8.88487 8.88487 38.2936 38.2936 38.2936 38.2936 38.2936 38.2936 38.2936 13.7308 13.7308 13.7308 36.6339 36.6339 36.6339 36.6339 36.6339 36.6339 36.6339 36.6339 36.6339 28.0025 28.0025 28.0025 28.0025 28.0025 28.0025 28.0025 28.0025 28.0025 28.0025 28.0025 ]
D = [ 3761 3797 4348 4667 4912 4893 5286 5853 6009 5974 6425 6817 7183 7243 7710 8053 8198 8416 8679 8901 9139 9637 9778 9776 10421 9716 9182 9160 8531 7950 7620 7496 6681 6632 6052 6728 6892 7951 8418 8975 9223 8450 7709 7139 6157 5106 4610 3503 ]
K = 8
nk = [ 1 1 1 1 1 1 1 2 2 2 2 2 2 2 2 3 3 3 3 3 3 3 3 3 3 4 4 4 4 4 5 5 5 5 5 5 5 6 6 6 7 7 7 7 7 7 7 7 7 8 8 8 8 8 8 8 8 8 8 8 ]
First = [ 1 0 0 0 0 0 0 1 0 0 0 0 0 0 0 1 0 0 0 0 0 0 0 0 0 1 0 0 0 0 1 0 0 0 0 0 0 1 0 0 1 0 0 0 0 0 0 0 0 1 0 0 0 0 0 0 0 0 0 0 ]
Last = [ 0 0 0 0 0 0 1 0 0 0 0 0 0 0 1 0 0 0 0 0 0 0 0 0 1 0 0 0 0 1 0 0 0 0 0 0 1 0 0 1 0 0 0 0 0 0 0 0 1 0 0 0 0 0 0 0 0 0 0 1 ]
nS = 1
S = [ 0 1 2 3 4 5 6 7 8 9 10 11 12 13 14 15 16 17 18 19 20 21 22 23 24 25 26 27 28 29 30 31 32 33 34 35 36 37 38 39 40 41 42 43 44 45 46 47 48 49 50 51 52 53 54 55 56 57 58 59 ]
