n = 60 ; 
T = 48 ; 
Init = [ 0 0 0 0 0 0 0 0 0 0 0 0 0 0 0 0 0 0 0 1 1 1 1 1 1 1 1 1 1 1 1 1 1 1 1 0 0 0 0 0 0 0 0 0 0 0 0 0 0 0 0 0 0 0 0 0 0 0 0 0 ]
L = [ 13 13 13 13 13 13 13 13 13 13 13 13 13 13 13 13 13 13 13 11 11 11 11 11 11 11 11 11 11 11 11 11 11 11 11 8 8 8 8 8 8 8 8 8 8 8 8 8 5 5 5 5 5 5 5 5 5 5 5 5 ]
l = [ 13 13 13 13 13 13 13 13 13 13 13 13 13 13 13 13 13 13 13 11 11 11 11 11 11 11 11 11 11 11 11 11 11 11 11 8 8 8 8 8 8 8 8 8 8 8 8 8 5 5 5 5 5 5 5 5 5 5 5 5 ]
Pmin = [ 65 65 65 65 65 65 65 65 65 65 65 65 65 65 65 65 65 65 67 57 57 57 57 57 57 57 57 57 57 57 57 57 57 57 57 46 46 46 46 46 46 46 46 46 46 46 46 46 19 19 19 19 19 19 19 19 19 19 19 19 ]
Pmax = [ 248 248 248 248 248 248 248 248 248 248 248 248 248 248 248 248 248 248 253 202 202 202 202 202 202 202 202 202 202 202 202 202 202 202 202 149 149 149 149 149 149 149 149 149 149 149 149 149 57 57 57 57 57 57 57 57 57 57 57 57 ]
cf = [ 17.5149 17.5149 17.5149 17.5149 17.5149 17.5149 17.5149 17.5149 17.5149 17.5149 17.5149 17.5149 17.5149 17.5149 17.5149 17.5149 17.5149 17.5149 15.4601 7.89853 7.89853 7.89853 7.89853 7.89853 7.89853 7.89853 7.89853 7.89853 7.89853 7.89853 7.89853 7.89853 7.89853 7.89853 7.89853 20.0999 20.0999 20.0999 20.0999 20.0999 20.0999 20.0999 20.0999 20.0999 20.0999 20.0999 20.0999 20.0999 50.6611 50.6611 50.6611 50.6611 50.6611 50.6611 50.6611 50.6611 50.6611 50.6611 50.6611 50.6611 ]
c0 = [ 183 183 183 183 183 183 183 183 183 183 183 183 183 183 183 183 183 183 186 165 165 165 165 165 165 165 165 165 165 165 165 165 165 165 165 141 141 141 141 141 141 141 141 141 141 141 141 141 63 63 63 63 63 63 63 63 63 63 63 63 ]
cp = [ 23.0003 23.0003 23.0003 23.0003 23.0003 23.0003 23.0003 23.0003 23.0003 23.0003 23.0003 23.0003 23.0003 23.0003 23.0003 23.0003 23.0003 23.0003 28.6944 31.7409 31.7409 31.7409 31.7409 31.7409 31.7409 31.7409 31.7409 31.7409 31.7409 31.7409 31.7409 31.7409 31.7409 31.7409 31.7409 35.6876 35.6876 35.6876 35.6876 35.6876 35.6876 35.6876 35.6876 35.6876 35.6876 35.6876 35.6876 35.6876 37.448 37.448 37.448 37.448 37.448 37.448 37.448 37.448 37.448 37.448 37.448 37.448 ]
D = [ 3101 3154 3721 3837 4000 4316 4593 4676 5176 5327 5676 5897 5958 6552 6788 6969 7248 7256 7478 8001 7996 8599 8843 8856 9231 8628 8329 8073 7654 7516 6995 6403 6063 5854 5546 5801 6340 6319 6825 7186 7484 6711 6088 5665 4808 4166 3668 3258 ]
K = 5
nk = [ 1 1 1 1 1 1 1 1 1 1 1 1 1 1 1 1 1 1 2 3 3 3 3 3 3 3 3 3 3 3 3 3 3 3 3 4 4 4 4 4 4 4 4 4 4 4 4 4 5 5 5 5 5 5 5 5 5 5 5 5 ]
First = [ 1 0 0 0 0 0 0 0 0 0 0 0 0 0 0 0 0 0 1 1 0 0 0 0 0 0 0 0 0 0 0 0 0 0 0 1 0 0 0 0 0 0 0 0 0 0 0 0 1 0 0 0 0 0 0 0 0 0 0 0 ]
Last = [ 0 0 0 0 0 0 0 0 0 0 0 0 0 0 0 0 0 1 1 0 0 0 0 0 0 0 0 0 0 0 0 0 0 0 1 0 0 0 0 0 0 0 0 0 0 0 0 1 0 0 0 0 0 0 0 0 0 0 0 1 ]
nS = 1
S = [ 0 1 2 3 4 5 6 7 8 9 10 11 12 13 14 15 16 17 18 19 20 21 22 23 24 25 26 27 28 29 30 31 32 33 34 35 36 37 38 39 40 41 42 43 44 45 46 47 48 49 50 51 52 53 54 55 56 57 58 59 ]
