n = 60 ; 
T = 48 ; 
Init = [ 1 1 1 1 1 1 1 1 1 1 1 1 0 0 0 0 0 0 0 0 0 0 1 1 1 1 1 1 1 1 1 1 1 1 0 0 0 0 0 0 0 0 0 0 0 1 1 1 1 1 1 1 1 1 0 0 0 0 0 0 ]
L = [ 13 13 13 13 13 13 13 13 13 13 13 13 6 6 6 6 18 18 18 18 18 18 20 20 20 20 20 20 20 20 20 8 8 8 9 9 9 9 9 9 9 9 9 9 9 13 13 13 7 7 7 7 7 7 19 19 19 12 12 12 ]
l = [ 13 13 13 13 13 13 13 13 13 13 13 13 6 6 6 6 18 18 18 18 18 18 20 20 20 20 20 20 20 20 20 8 8 8 9 9 9 9 9 9 9 9 9 9 9 13 13 13 7 7 7 7 7 7 19 19 19 12 12 12 ]
Pmin = [ 69 69 69 69 69 69 69 71 71 71 71 71 34 34 34 34 91 91 91 91 91 91 100 100 100 100 100 100 100 100 100 36 36 36 39 39 39 39 39 39 39 39 39 39 39 66 66 66 31 31 31 31 31 31 100 100 100 64 64 64 ]
Pmax = [ 258 258 258 258 258 258 258 286 286 286 286 286 94 94 94 94 380 380 380 380 380 380 420 420 420 420 420 420 420 420 420 122 122 122 151 151 151 151 151 151 151 151 151 151 151 242 242 242 112 112 112 112 112 112 420 420 420 242 242 242 ]
cf = [ 31.1497 31.1497 31.1497 31.1497 31.1497 31.1497 31.1497 48.3131 48.3131 48.3131 48.3131 48.3131 51.4232 51.4232 51.4232 51.4232 63.2695 63.2695 63.2695 63.2695 63.2695 63.2695 32.3793 32.3793 32.3793 32.3793 32.3793 32.3793 32.3793 32.3793 32.3793 64.8115 64.8115 64.8115 20.5688 20.5688 20.5688 20.5688 20.5688 20.5688 20.5688 20.5688 20.5688 20.5688 20.5688 38.7525 38.7525 38.7525 38.7634 38.7634 38.7634 38.7634 38.7634 38.7634 51.6986 51.6986 51.6986 26.9595 26.9595 26.9595 ]
c0 = [ 178 178 178 178 178 178 178 201 201 201 201 201 94 94 94 94 250 250 250 250 250 250 250 250 250 250 250 250 250 250 250 104 104 104 113 113 113 113 113 113 113 113 113 113 113 173 173 173 101 101 101 101 101 101 250 250 250 180 180 180 ]
cp = [ 26.9297 26.9297 26.9297 26.9297 26.9297 26.9297 26.9297 20.5752 20.5752 20.5752 20.5752 20.5752 30.0665 30.0665 30.0665 30.0665 12.6258 12.6258 12.6258 12.6258 12.6258 12.6258 8.90601 8.90601 8.90601 8.90601 8.90601 8.90601 8.90601 8.90601 8.90601 26.3154 26.3154 26.3154 31.4157 31.4157 31.4157 31.4157 31.4157 31.4157 31.4157 31.4157 31.4157 31.4157 31.4157 29.4266 29.4266 29.4266 35.4032 35.4032 35.4032 35.4032 35.4032 35.4032 9.31284 9.31284 9.31284 34.2543 34.2543 34.2543 ]
D = [ 4431 4964 4933 5557 5848 6418 6507 6923 7063 7442 8290 8223 8627 9348 9401 9884 10253 10455 10658 11568 11379 11867 12156 12955 13107 12802 12210 11395 11039 10430 9828 9186 8747 8356 7976 8460 8669 9010 9549 10139 10497 9637 9119 8238 7134 6307 5547 5053 ]
K = 11
nk = [ 1 1 1 1 1 1 1 2 2 2 2 2 3 3 3 3 4 4 4 4 4 4 5 5 5 5 5 5 5 5 5 6 6 6 7 7 7 7 7 7 7 7 7 7 7 8 8 8 9 9 9 9 9 9 10 10 10 11 11 11 ]
First = [ 1 0 0 0 0 0 0 1 0 0 0 0 1 0 0 0 1 0 0 0 0 0 1 0 0 0 0 0 0 0 0 1 0 0 1 0 0 0 0 0 0 0 0 0 0 1 0 0 1 0 0 0 0 0 1 0 0 1 0 0 ]
Last = [ 0 0 0 0 0 0 1 0 0 0 0 1 0 0 0 1 0 0 0 0 0 1 0 0 0 0 0 0 0 0 1 0 0 1 0 0 0 0 0 0 0 0 0 0 1 0 0 1 0 0 0 0 0 1 0 0 1 0 0 1 ]
nS = 1
S = [ 0 1 2 3 4 5 6 7 8 9 10 11 12 13 14 15 16 17 18 19 20 21 22 23 24 25 26 27 28 29 30 31 32 33 34 35 36 37 38 39 40 41 42 43 44 45 46 47 48 49 50 51 52 53 54 55 56 57 58 59 ]
