n = 60 ; 
T = 48 ; 
Init = [ 1 1 1 1 1 1 1 1 1 1 1 1 1 1 1 0 0 0 0 0 0 0 0 0 0 0 0 0 0 0 0 0 0 0 1 1 1 1 1 1 1 1 1 1 1 1 1 1 1 1 1 1 1 1 1 1 1 1 1 1 ]
L = [ 6 6 6 6 6 6 6 6 6 6 6 6 6 6 6 15 15 15 15 15 15 15 15 15 15 15 15 15 15 15 15 15 15 15 19 19 19 19 19 19 19 19 19 19 19 19 19 19 19 19 19 19 19 14 14 14 14 7 7 7 ]
l = [ 6 6 6 6 6 6 6 6 6 6 6 6 6 6 6 15 15 15 15 15 15 15 15 15 15 15 15 15 15 15 15 15 15 15 19 19 19 19 19 19 19 19 19 19 19 19 19 19 19 19 19 19 19 14 14 14 14 7 7 7 ]
Pmin = [ 30 30 30 30 30 30 30 30 30 30 30 30 30 30 30 78 78 78 78 78 78 78 78 78 78 78 78 78 78 78 78 78 78 78 100 100 100 100 100 100 100 100 100 100 100 100 100 100 100 100 100 100 100 73 73 73 73 39 39 39 ]
Pmax = [ 91 91 91 91 91 91 91 91 91 91 91 91 91 91 91 308 308 308 308 308 308 308 308 308 308 308 308 308 308 308 308 308 308 308 408 408 408 408 408 408 408 408 408 408 408 408 408 408 408 408 408 408 408 270 270 270 270 136 136 136 ]
cf = [ 63.1663 63.1663 63.1663 63.1663 63.1663 63.1663 63.1663 63.1663 63.1663 63.1663 63.1663 63.1663 63.1663 63.1663 63.1663 13.6824 13.6824 13.6824 13.6824 13.6824 13.6824 13.6824 13.6824 13.6824 13.6824 13.6824 13.6824 13.6824 13.6824 13.6824 13.6824 13.6824 13.6824 13.6824 64.0561 64.0561 64.0561 64.0561 64.0561 64.0561 64.0561 64.0561 64.0561 64.0561 64.0561 64.0561 64.0561 64.0561 64.0561 64.0561 64.0561 64.0561 64.0561 39.5829 39.5829 39.5829 39.5829 8.76179 8.76179 8.76179 ]
c0 = [ 91 91 91 91 91 91 91 91 91 91 91 91 91 91 91 206 206 206 206 206 206 206 206 206 206 206 206 206 206 206 206 206 206 206 250 250 250 250 250 250 250 250 250 250 250 250 250 250 250 250 250 250 250 197 197 197 197 111 111 111 ]
cp = [ 40.0112 40.0112 40.0112 40.0112 40.0112 40.0112 40.0112 40.0112 40.0112 40.0112 40.0112 40.0112 40.0112 40.0112 40.0112 20.3606 20.3606 20.3606 20.3606 20.3606 20.3606 20.3606 20.3606 20.3606 20.3606 20.3606 20.3606 20.3606 20.3606 20.3606 20.3606 20.3606 20.3606 20.3606 8.96975 8.96975 8.96975 8.96975 8.96975 8.96975 8.96975 8.96975 8.96975 8.96975 8.96975 8.96975 8.96975 8.96975 8.96975 8.96975 8.96975 8.96975 8.96975 17.2385 17.2385 17.2385 17.2385 38.956 38.956 38.956 ]
D = [ 4239 4795 4821 5573 5835 5965 6533 6950 7146 7859 8320 8173 8779 9208 9801 10153 10663 10805 10950 11322 11973 12541 12434 13247 13070 12882 12307 11680 11028 10793 10384 9691 8975 8872 7895 8959 9188 10296 10741 11447 12231 11058 10195 9506 8383 7078 6363 5372 ]
K = 5
nk = [ 1 1 1 1 1 1 1 1 1 1 1 1 1 1 1 2 2 2 2 2 2 2 2 2 2 2 2 2 2 2 2 2 2 2 3 3 3 3 3 3 3 3 3 3 3 3 3 3 3 3 3 3 3 4 4 4 4 5 5 5 ]
First = [ 1 0 0 0 0 0 0 0 0 0 0 0 0 0 0 1 0 0 0 0 0 0 0 0 0 0 0 0 0 0 0 0 0 0 1 0 0 0 0 0 0 0 0 0 0 0 0 0 0 0 0 0 0 1 0 0 0 1 0 0 ]
Last = [ 0 0 0 0 0 0 0 0 0 0 0 0 0 0 1 0 0 0 0 0 0 0 0 0 0 0 0 0 0 0 0 0 0 1 0 0 0 0 0 0 0 0 0 0 0 0 0 0 0 0 0 0 1 0 0 0 1 0 0 1 ]
nS = 1
S = [ 0 1 2 3 4 5 6 7 8 9 10 11 12 13 14 15 16 17 18 19 20 21 22 23 24 25 26 27 28 29 30 31 32 33 34 35 36 37 38 39 40 41 42 43 44 45 46 47 48 49 50 51 52 53 54 55 56 57 58 59 ]
