n = 60 ; 
T = 48 ; 
Init = [ 0 0 0 0 0 0 0 0 0 0 0 0 1 1 1 1 1 1 1 1 1 1 1 1 1 1 1 1 1 1 1 0 0 0 0 0 1 1 1 1 1 1 1 1 1 0 0 0 0 0 0 0 0 0 0 0 1 1 1 1 ]
L = [ 10 10 10 10 10 10 10 10 10 10 10 10 17 17 17 17 17 17 17 17 6 6 6 6 6 6 6 6 6 6 6 19 19 19 19 19 16 16 16 16 16 16 16 16 16 9 9 9 9 9 18 18 18 18 18 18 15 15 15 15 ]
l = [ 10 10 10 10 10 10 10 10 10 10 10 10 17 17 17 17 17 17 17 17 6 6 6 6 6 6 6 6 6 6 6 19 19 19 19 19 16 16 16 16 16 16 16 16 16 9 9 9 9 9 18 18 18 18 18 18 15 15 15 15 ]
Pmin = [ 44 44 44 44 44 44 44 44 44 44 44 44 89 89 89 89 89 89 89 89 32 32 32 32 32 32 32 32 32 32 32 100 100 100 100 100 83 83 83 83 83 83 83 83 83 45 45 45 45 45 100 100 100 100 100 100 75 75 75 75 ]
Pmax = [ 164 164 164 164 164 164 164 164 164 164 164 164 345 345 345 345 345 345 345 345 96 96 96 96 96 96 96 96 96 96 96 404 404 404 404 404 345 345 345 345 345 345 345 345 345 178 178 178 178 178 418 418 418 418 418 418 305 305 305 305 ]
cf = [ 37.8469 37.8469 37.8469 37.8469 37.8469 37.8469 37.8469 37.8469 37.8469 37.8469 37.8469 37.8469 65.6605 65.6605 65.6605 65.6605 65.6605 65.6605 65.6605 65.6605 18.017 18.017 18.017 18.017 18.017 18.017 18.017 18.017 18.017 18.017 18.017 23.1607 23.1607 23.1607 23.1607 23.1607 62.775 62.775 62.775 62.775 62.775 62.775 62.775 62.775 62.775 65.2754 65.2754 65.2754 65.2754 65.2754 60.5477 60.5477 60.5477 60.5477 60.5477 60.5477 18.3829 18.3829 18.3829 18.3829 ]
c0 = [ 123 123 123 123 123 123 123 123 123 123 123 123 225 225 225 225 225 225 225 225 90 90 90 90 90 90 90 90 90 90 90 250 250 250 250 250 229 229 229 229 229 229 229 229 229 127 127 127 127 127 250 250 250 250 250 250 207 207 207 207 ]
cp = [ 27.4155 27.4155 27.4155 27.4155 27.4155 27.4155 27.4155 27.4155 27.4155 27.4155 27.4155 27.4155 17.6833 17.6833 17.6833 17.6833 17.6833 17.6833 17.6833 17.6833 33.5771 33.5771 33.5771 33.5771 33.5771 33.5771 33.5771 33.5771 33.5771 33.5771 33.5771 10.2187 10.2187 10.2187 10.2187 10.2187 24.4793 24.4793 24.4793 24.4793 24.4793 24.4793 24.4793 24.4793 24.4793 29.8452 29.8452 29.8452 29.8452 29.8452 8.94934 8.94934 8.94934 8.94934 8.94934 8.94934 21.6626 21.6626 21.6626 21.6626 ]
D = [ 3710 4582 4454 5160 5377 5760 6095 6572 7286 7353 7821 8389 8517 9423 9884 10175 10369 10599 11424 11309 11766 12167 12886 13102 13542 13300 12583 11733 11204 10575 9936 9437 8654 8104 7285 8169 8832 9178 10134 10485 11113 10032 9066 8559 7357 6448 5827 5035 ]
K = 8
nk = [ 1 1 1 1 1 1 1 1 1 1 1 1 2 2 2 2 2 2 2 2 3 3 3 3 3 3 3 3 3 3 3 4 4 4 4 4 5 5 5 5 5 5 5 5 5 6 6 6 6 6 7 7 7 7 7 7 8 8 8 8 ]
First = [ 1 0 0 0 0 0 0 0 0 0 0 0 1 0 0 0 0 0 0 0 1 0 0 0 0 0 0 0 0 0 0 1 0 0 0 0 1 0 0 0 0 0 0 0 0 1 0 0 0 0 1 0 0 0 0 0 1 0 0 0 ]
Last = [ 0 0 0 0 0 0 0 0 0 0 0 1 0 0 0 0 0 0 0 1 0 0 0 0 0 0 0 0 0 0 1 0 0 0 0 1 0 0 0 0 0 0 0 0 1 0 0 0 0 1 0 0 0 0 0 1 0 0 0 1 ]
nS = 1
S = [ 0 1 2 3 4 5 6 7 8 9 10 11 12 13 14 15 16 17 18 19 20 21 22 23 24 25 26 27 28 29 30 31 32 33 34 35 36 37 38 39 40 41 42 43 44 45 46 47 48 49 50 51 52 53 54 55 56 57 58 59 ]
