n = 60 ; 
T = 48 ; 
Init = [ 1 1 1 1 1 1 1 1 1 1 1 0 0 0 0 0 1 1 1 1 1 1 1 1 1 1 1 1 1 1 1 1 1 1 1 1 1 1 1 1 1 1 1 1 1 1 1 1 0 0 0 0 0 0 1 1 1 1 1 1 ]
L = [ 14 13 8 8 8 8 8 8 8 8 8 13 13 10 10 10 6 8 8 8 8 8 8 9 9 9 9 9 9 9 9 9 9 4 4 4 4 4 4 4 4 14 14 14 6 6 6 6 14 14 14 14 14 14 19 19 19 19 19 19 ]
l = [ 14 13 8 8 8 8 8 8 8 8 8 13 13 10 10 10 6 8 8 8 8 8 8 9 9 9 9 9 9 9 9 9 9 4 4 4 4 4 4 4 4 14 14 14 6 6 6 6 14 14 14 14 14 14 19 19 19 19 19 19 ]
Pmin = [ 77 66 39 39 39 39 39 39 39 39 39 78 78 56 56 56 30 35 35 35 35 35 35 46 46 46 46 46 46 46 46 46 46 22 22 22 22 22 22 22 22 71 71 71 19 19 19 19 81 81 81 81 81 81 100 100 100 100 100 100 ]
Pmax = [ 285 263 146 146 146 146 146 146 146 146 146 294 294 197 197 197 77 115 115 115 115 115 115 155 155 155 155 155 155 155 155 155 155 42 42 42 42 42 42 42 42 274 274 274 67 67 67 67 303 303 303 303 303 303 420 420 420 420 420 420 ]
cf = [ 30.6706 18.52 51.2285 51.2285 51.2285 51.2285 51.2285 51.2285 51.2285 51.2285 51.2285 66.3903 66.3903 29.4673 29.4673 29.4673 11.8834 8.10976 8.10976 8.10976 8.10976 8.10976 8.10976 28.1698 28.1698 28.1698 28.1698 28.1698 28.1698 28.1698 28.1698 28.1698 28.1698 15.7145 15.7145 15.7145 15.7145 15.7145 15.7145 15.7145 15.7145 14.3945 14.3945 14.3945 37.2053 37.2053 37.2053 37.2053 49.9708 49.9708 49.9708 49.9708 49.9708 49.9708 50.811 50.811 50.811 50.811 50.811 50.811 ]
c0 = [ 201 191 124 124 124 124 124 124 124 124 124 210 210 155 155 155 101 109 109 109 109 109 109 121 121 121 121 121 121 121 121 121 121 66 66 66 66 66 66 66 66 191 191 191 67 67 67 67 206 206 206 206 206 206 250 250 250 250 250 250 ]
cp = [ 15.5387 30.0515 29.2522 29.2522 29.2522 29.2522 29.2522 29.2522 29.2522 29.2522 29.2522 20.7586 20.7586 36.7308 36.7308 36.7308 40.255 33.0554 33.0554 33.0554 33.0554 33.0554 33.0554 35.8597 35.8597 35.8597 35.8597 35.8597 35.8597 35.8597 35.8597 35.8597 35.8597 35.5485 35.5485 35.5485 35.5485 35.5485 35.5485 35.5485 35.5485 31.8654 31.8654 31.8654 37.1382 37.1382 37.1382 37.1382 20.8781 20.8781 20.8781 20.8781 20.8781 20.8781 8.07054 8.07054 8.07054 8.07054 8.07054 8.07054 ]
D = [ 3047 3435 3703 3773 4186 4469 4551 4704 5092 5193 5507 5951 5882 6404 6618 6730 7139 7263 7439 7891 8194 8053 8574 8762 9207 8474 8157 7673 7581 7078 6957 6221 5859 5759 5291 6053 6504 6829 7498 8090 8714 8114 7121 6537 5767 5186 4467 3414 ]
K = 13
nk = [ 1 2 3 3 3 3 3 3 3 3 3 4 4 5 5 5 6 7 7 7 7 7 7 8 8 8 8 8 8 8 8 8 8 9 9 9 9 9 9 9 9 10 10 10 11 11 11 11 12 12 12 12 12 12 13 13 13 13 13 13 ]
First = [ 1 1 1 0 0 0 0 0 0 0 0 1 0 1 0 0 1 1 0 0 0 0 0 1 0 0 0 0 0 0 0 0 0 1 0 0 0 0 0 0 0 1 0 0 1 0 0 0 1 0 0 0 0 0 1 0 0 0 0 0 ]
Last = [ 1 1 0 0 0 0 0 0 0 0 1 0 1 0 0 1 1 0 0 0 0 0 1 0 0 0 0 0 0 0 0 0 1 0 0 0 0 0 0 0 1 0 0 1 0 0 0 1 0 0 0 0 0 1 0 0 0 0 0 1 ]
nS = 1
S = [ 0 1 2 3 4 5 6 7 8 9 10 11 12 13 14 15 16 17 18 19 20 21 22 23 24 25 26 27 28 29 30 31 32 33 34 35 36 37 38 39 40 41 42 43 44 45 46 47 48 49 50 51 52 53 54 55 56 57 58 59 ]
