n = 60 ; 
T = 48 ; 
Init = [ 1 1 1 1 1 1 1 1 1 1 1 1 1 1 1 1 1 1 1 1 1 1 1 1 1 1 1 1 1 1 1 1 1 1 1 1 1 1 1 1 1 1 1 1 1 1 0 0 0 0 0 0 0 0 0 0 0 0 0 0 ]
L = [ 8 8 8 8 4 4 4 4 4 4 4 4 4 4 4 4 4 4 4 16 16 16 16 16 16 16 16 16 17 17 17 17 17 17 17 17 17 17 17 17 17 17 17 17 17 17 11 11 11 11 11 11 11 11 11 11 11 11 11 11 ]
l = [ 8 8 8 8 4 4 4 4 4 4 4 4 4 4 4 4 4 4 4 16 16 16 16 16 16 16 16 16 17 17 17 17 17 17 17 17 17 17 17 17 17 17 17 17 17 17 11 11 11 11 11 11 11 11 11 11 11 11 11 11 ]
Pmin = [ 44 44 44 44 24 24 24 24 24 24 24 24 24 24 24 24 24 24 24 82 82 82 82 82 82 82 82 82 97 97 97 97 97 97 97 97 97 97 97 97 97 97 97 97 97 97 56 56 56 56 56 56 56 56 56 56 56 56 56 56 ]
Pmax = [ 161 161 161 161 60 60 60 60 60 60 60 60 60 60 60 60 60 60 60 340 340 340 340 340 340 340 340 340 375 375 375 375 375 375 375 375 375 375 375 375 375 375 375 375 375 375 209 209 209 209 209 209 209 209 209 209 209 209 209 209 ]
cf = [ 9.05719 9.05719 9.05719 9.05719 31.1624 31.1624 31.1624 31.1624 31.1624 31.1624 31.1624 31.1624 31.1624 31.1624 31.1624 31.1624 31.1624 31.1624 31.1624 51.8621 51.8621 51.8621 51.8621 51.8621 51.8621 51.8621 51.8621 51.8621 49.5667 49.5667 49.5667 49.5667 49.5667 49.5667 49.5667 49.5667 49.5667 49.5667 49.5667 49.5667 49.5667 49.5667 49.5667 49.5667 49.5667 49.5667 58.7001 58.7001 58.7001 58.7001 58.7001 58.7001 58.7001 58.7001 58.7001 58.7001 58.7001 58.7001 58.7001 58.7001 ]
c0 = [ 129 129 129 129 86 86 86 86 86 86 86 86 86 86 86 86 86 86 86 229 229 229 229 229 229 229 229 229 250 250 250 250 250 250 250 250 250 250 250 250 250 250 250 250 250 250 155 155 155 155 155 155 155 155 155 155 155 155 155 155 ]
cp = [ 33.8563 33.8563 33.8563 33.8563 41.6703 41.6703 41.6703 41.6703 41.6703 41.6703 41.6703 41.6703 41.6703 41.6703 41.6703 41.6703 41.6703 41.6703 41.6703 14.622 14.622 14.622 14.622 14.622 14.622 14.622 14.622 14.622 13.788 13.788 13.788 13.788 13.788 13.788 13.788 13.788 13.788 13.788 13.788 13.788 13.788 13.788 13.788 13.788 13.788 13.788 26.3629 26.3629 26.3629 26.3629 26.3629 26.3629 26.3629 26.3629 26.3629 26.3629 26.3629 26.3629 26.3629 26.3629 ]
D = [ 3314 3545 3861 4198 4699 4733 5293 5266 5623 6415 6808 6651 7462 7486 7910 8146 8499 9172 9181 9826 10218 10574 10619 11044 11210 11333 10606 10218 9491 9334 8642 8187 7909 7752 7282 7607 8156 8918 9436 9990 10621 9612 8660 7611 6845 5966 4801 4037 ]
K = 5
nk = [ 1 1 1 1 2 2 2 2 2 2 2 2 2 2 2 2 2 2 2 3 3 3 3 3 3 3 3 3 4 4 4 4 4 4 4 4 4 4 4 4 4 4 4 4 4 4 5 5 5 5 5 5 5 5 5 5 5 5 5 5 ]
First = [ 1 0 0 0 1 0 0 0 0 0 0 0 0 0 0 0 0 0 0 1 0 0 0 0 0 0 0 0 1 0 0 0 0 0 0 0 0 0 0 0 0 0 0 0 0 0 1 0 0 0 0 0 0 0 0 0 0 0 0 0 ]
Last = [ 0 0 0 1 0 0 0 0 0 0 0 0 0 0 0 0 0 0 1 0 0 0 0 0 0 0 0 1 0 0 0 0 0 0 0 0 0 0 0 0 0 0 0 0 0 1 0 0 0 0 0 0 0 0 0 0 0 0 0 1 ]
nS = 1
S = [ 0 1 2 3 4 5 6 7 8 9 10 11 12 13 14 15 16 17 18 19 20 21 22 23 24 25 26 27 28 29 30 31 32 33 34 35 36 37 38 39 40 41 42 43 44 45 46 47 48 49 50 51 52 53 54 55 56 57 58 59 ]
