n = 60 ; 
T = 48 ; 
Init = [ 1 1 1 1 1 1 1 1 1 1 1 1 1 1 1 1 1 1 1 1 1 1 1 1 1 0 0 0 0 0 1 1 1 1 1 1 1 1 1 1 1 1 1 1 1 1 1 0 0 0 0 0 0 0 0 0 0 0 0 0 ]
L = [ 16 16 16 16 16 16 16 16 16 16 16 16 16 16 16 16 16 16 16 16 9 9 9 9 9 13 13 13 13 13 18 18 18 18 18 18 18 18 18 18 18 18 18 18 18 18 18 16 16 16 16 16 16 16 16 16 16 16 16 16 ]
l = [ 16 16 16 16 16 16 16 16 16 16 16 16 16 16 16 16 16 16 16 16 9 9 9 9 9 13 13 13 13 13 18 18 18 18 18 18 18 18 18 18 18 18 18 18 18 18 18 16 16 16 16 16 16 16 16 16 16 16 16 16 ]
Pmin = [ 86 86 86 86 86 86 86 86 86 86 86 86 86 86 86 86 86 86 86 86 49 49 49 49 49 66 66 66 66 66 94 94 94 94 94 94 94 94 94 94 94 94 94 94 94 94 94 87 87 87 87 87 87 87 87 87 87 87 87 87 ]
Pmax = [ 360 360 360 360 360 360 360 360 360 360 360 360 360 360 360 360 360 360 360 360 183 183 183 183 183 260 260 260 260 260 377 377 377 377 377 377 377 377 377 377 377 377 377 377 377 377 377 330 330 330 330 330 330 330 330 330 330 330 330 330 ]
cf = [ 39.1994 39.1994 39.1994 39.1994 39.1994 39.1994 39.1994 39.1994 39.1994 39.1994 39.1994 39.1994 39.1994 39.1994 39.1994 39.1994 39.1994 39.1994 39.1994 39.1994 7.89252 7.89252 7.89252 7.89252 7.89252 13.1889 13.1889 13.1889 13.1889 13.1889 34.2209 34.2209 34.2209 34.2209 34.2209 34.2209 34.2209 34.2209 34.2209 34.2209 34.2209 34.2209 34.2209 34.2209 34.2209 34.2209 34.2209 47.651 47.651 47.651 47.651 47.651 47.651 47.651 47.651 47.651 47.651 47.651 47.651 47.651 ]
c0 = [ 237 237 237 237 237 237 237 237 237 237 237 237 237 237 237 237 237 237 237 237 149 149 149 149 149 185 185 185 185 185 250 250 250 250 250 250 250 250 250 250 250 250 250 250 250 250 250 235 235 235 235 235 235 235 235 235 235 235 235 235 ]
cp = [ 28.6527 28.6527 28.6527 28.6527 28.6527 28.6527 28.6527 28.6527 28.6527 28.6527 28.6527 28.6527 28.6527 28.6527 28.6527 28.6527 28.6527 28.6527 28.6527 28.6527 27.5536 27.5536 27.5536 27.5536 27.5536 19.0281 19.0281 19.0281 19.0281 19.0281 15.1204 15.1204 15.1204 15.1204 15.1204 15.1204 15.1204 15.1204 15.1204 15.1204 15.1204 15.1204 15.1204 15.1204 15.1204 15.1204 15.1204 19.0941 19.0941 19.0941 19.0941 19.0941 19.0941 19.0941 19.0941 19.0941 19.0941 19.0941 19.0941 19.0941 ]
D = [ 4703 5544 5722 6243 6881 7229 7819 8127 8749 8932 9789 10172 10450 11364 11377 12517 12452 12996 13933 13899 14476 15212 15770 15690 16313 15815 15349 14467 14169 13741 12994 12535 11661 11413 10187 11585 11711 12710 13127 14196 14895 13659 12599 11065 9454 7923 7047 5692 ]
K = 5
nk = [ 1 1 1 1 1 1 1 1 1 1 1 1 1 1 1 1 1 1 1 1 2 2 2 2 2 3 3 3 3 3 4 4 4 4 4 4 4 4 4 4 4 4 4 4 4 4 4 5 5 5 5 5 5 5 5 5 5 5 5 5 ]
First = [ 1 0 0 0 0 0 0 0 0 0 0 0 0 0 0 0 0 0 0 0 1 0 0 0 0 1 0 0 0 0 1 0 0 0 0 0 0 0 0 0 0 0 0 0 0 0 0 1 0 0 0 0 0 0 0 0 0 0 0 0 ]
Last = [ 0 0 0 0 0 0 0 0 0 0 0 0 0 0 0 0 0 0 0 1 0 0 0 0 1 0 0 0 0 1 0 0 0 0 0 0 0 0 0 0 0 0 0 0 0 0 1 0 0 0 0 0 0 0 0 0 0 0 0 1 ]
nS = 1
S = [ 0 1 2 3 4 5 6 7 8 9 10 11 12 13 14 15 16 17 18 19 20 21 22 23 24 25 26 27 28 29 30 31 32 33 34 35 36 37 38 39 40 41 42 43 44 45 46 47 48 49 50 51 52 53 54 55 56 57 58 59 ]
