n = 60 ; 
T = 48 ; 
Init = [ 0 0 0 0 0 0 0 0 0 0 0 0 0 0 0 0 0 0 0 0 0 0 0 0 0 0 0 0 0 0 0 0 0 0 0 0 0 0 0 1 1 1 1 1 1 1 1 1 1 1 1 1 1 1 1 1 0 0 0 0 ]
L = [ 5 5 5 5 5 5 5 5 5 5 5 5 5 5 5 5 5 5 5 5 5 5 5 5 19 19 19 19 19 19 19 19 19 19 19 19 7 7 7 17 17 17 17 17 17 17 17 17 17 17 17 17 17 17 17 17 13 13 13 13 ]
l = [ 5 5 5 5 5 5 5 5 5 5 5 5 5 5 5 5 5 5 5 5 5 5 5 5 19 19 19 19 19 19 19 19 19 19 19 19 7 7 7 17 17 17 17 17 17 17 17 17 17 17 17 17 17 17 17 17 13 13 13 13 ]
Pmin = [ 30 30 30 30 30 30 30 30 30 30 30 30 30 30 30 30 30 30 30 30 30 30 30 30 97 97 97 97 97 97 97 97 97 97 100 100 37 37 37 93 93 93 93 93 93 93 93 93 93 93 93 93 93 93 93 93 75 75 75 75 ]
Pmax = [ 87 87 87 87 87 87 87 87 87 87 87 87 87 87 87 87 87 87 87 87 87 87 87 87 397 397 397 397 397 397 397 397 397 397 406 406 126 126 126 383 383 383 383 383 383 383 383 383 383 383 383 383 383 383 383 383 271 271 271 271 ]
cf = [ 50.7267 50.7267 50.7267 50.7267 50.7267 50.7267 50.7267 50.7267 50.7267 50.7267 50.7267 50.7267 50.7267 50.7267 50.7267 50.7267 50.7267 50.7267 50.7267 50.7267 50.7267 50.7267 50.7267 50.7267 43.4608 43.4608 43.4608 43.4608 43.4608 43.4608 43.4608 43.4608 43.4608 43.4608 60.6342 60.6342 19.7209 19.7209 19.7209 40.2807 40.2807 40.2807 40.2807 40.2807 40.2807 40.2807 40.2807 40.2807 40.2807 40.2807 40.2807 40.2807 40.2807 40.2807 40.2807 40.2807 7.02697 7.02697 7.02697 7.02697 ]
c0 = [ 85 85 85 85 85 85 85 85 85 85 85 85 85 85 85 85 85 85 85 85 85 85 85 85 247 247 247 247 247 247 247 247 247 247 250 250 115 115 115 242 242 242 242 242 242 242 242 242 242 242 242 242 242 242 242 242 204 204 204 204 ]
cp = [ 39.0301 39.0301 39.0301 39.0301 39.0301 39.0301 39.0301 39.0301 39.0301 39.0301 39.0301 39.0301 39.0301 39.0301 39.0301 39.0301 39.0301 39.0301 39.0301 39.0301 39.0301 39.0301 39.0301 39.0301 8.44611 8.44611 8.44611 8.44611 8.44611 8.44611 8.44611 8.44611 8.44611 8.44611 9.5529 9.5529 36.3514 36.3514 36.3514 16.6552 16.6552 16.6552 16.6552 16.6552 16.6552 16.6552 16.6552 16.6552 16.6552 16.6552 16.6552 16.6552 16.6552 16.6552 16.6552 16.6552 22.4536 22.4536 22.4536 22.4536 ]
D = [ 3579 3787 3978 4639 5007 5607 5555 6106 6238 7007 7408 7414 8013 8776 8683 9284 9658 9890 10714 10650 11339 11519 11887 12176 12925 12058 11678 11223 10661 10509 9669 9054 8714 8262 7911 7926 8655 8834 9597 10061 10612 9449 8780 7602 6805 6239 5266 4446 ]
K = 6
nk = [ 1 1 1 1 1 1 1 1 1 1 1 1 1 1 1 1 1 1 1 1 1 1 1 1 2 2 2 2 2 2 2 2 2 2 3 3 4 4 4 5 5 5 5 5 5 5 5 5 5 5 5 5 5 5 5 5 6 6 6 6 ]
First = [ 1 0 0 0 0 0 0 0 0 0 0 0 0 0 0 0 0 0 0 0 0 0 0 0 1 0 0 0 0 0 0 0 0 0 1 0 1 0 0 1 0 0 0 0 0 0 0 0 0 0 0 0 0 0 0 0 1 0 0 0 ]
Last = [ 0 0 0 0 0 0 0 0 0 0 0 0 0 0 0 0 0 0 0 0 0 0 0 1 0 0 0 0 0 0 0 0 0 1 0 1 0 0 1 0 0 0 0 0 0 0 0 0 0 0 0 0 0 0 0 1 0 0 0 1 ]
nS = 1
S = [ 0 1 2 3 4 5 6 7 8 9 10 11 12 13 14 15 16 17 18 19 20 21 22 23 24 25 26 27 28 29 30 31 32 33 34 35 36 37 38 39 40 41 42 43 44 45 46 47 48 49 50 51 52 53 54 55 56 57 58 59 ]
