n = 60 ; 
T = 48 ; 
Init = [ 0 0 0 0 0 0 0 0 0 0 0 1 1 1 1 1 1 1 1 1 1 1 1 1 1 1 1 1 1 1 1 1 1 1 1 1 1 1 0 0 0 0 0 0 0 0 0 0 0 0 0 0 0 0 0 0 0 0 0 0 ]
L = [ 9 9 9 9 9 9 9 9 9 9 9 16 16 16 16 16 16 10 10 10 10 10 10 10 10 10 10 10 10 10 10 10 10 10 10 10 10 11 20 20 20 20 20 20 20 20 20 20 20 20 19 19 19 19 19 19 19 19 19 19 ]
l = [ 9 9 9 9 9 9 9 9 9 9 9 16 16 16 16 16 16 10 10 10 10 10 10 10 10 10 10 10 10 10 10 10 10 10 10 10 10 11 20 20 20 20 20 20 20 20 20 20 20 20 19 19 19 19 19 19 19 19 19 19 ]
Pmin = [ 47 47 47 47 47 47 47 47 47 47 47 90 90 90 90 90 90 47 47 47 47 47 47 47 47 47 47 47 47 47 47 47 47 47 47 47 47 53 100 100 100 100 100 100 100 100 100 100 100 100 98 98 98 98 98 98 98 98 98 98 ]
Pmax = [ 172 172 172 172 172 172 172 172 172 172 172 351 351 351 351 351 351 184 184 184 184 184 184 184 184 184 184 184 184 184 184 184 184 184 184 184 184 210 420 420 420 420 420 420 420 420 420 420 420 420 406 406 406 406 406 406 406 406 406 406 ]
cf = [ 66.5833 66.5833 66.5833 66.5833 66.5833 66.5833 66.5833 66.5833 66.5833 66.5833 66.5833 58.6526 58.6526 58.6526 58.6526 58.6526 58.6526 39.6371 39.6371 39.6371 39.6371 39.6371 39.6371 39.6371 39.6371 39.6371 39.6371 39.6371 39.6371 39.6371 39.6371 39.6371 39.6371 39.6371 39.6371 39.6371 39.6371 52.3296 49.5207 49.5207 49.5207 49.5207 49.5207 49.5207 49.5207 49.5207 49.5207 49.5207 49.5207 49.5207 46.4199 46.4199 46.4199 46.4199 46.4199 46.4199 46.4199 46.4199 46.4199 46.4199 ]
c0 = [ 127 127 127 127 127 127 127 127 127 127 127 236 236 236 236 236 236 133 133 133 133 133 133 133 133 133 133 133 133 133 133 133 133 133 133 133 133 150 250 250 250 250 250 250 250 250 250 250 250 250 250 250 250 250 250 250 250 250 250 250 ]
cp = [ 37.1764 37.1764 37.1764 37.1764 37.1764 37.1764 37.1764 37.1764 37.1764 37.1764 37.1764 25.2529 25.2529 25.2529 25.2529 25.2529 25.2529 31.3183 31.3183 31.3183 31.3183 31.3183 31.3183 31.3183 31.3183 31.3183 31.3183 31.3183 31.3183 31.3183 31.3183 31.3183 31.3183 31.3183 31.3183 31.3183 31.3183 27.7159 8.05015 8.05015 8.05015 8.05015 8.05015 8.05015 8.05015 8.05015 8.05015 8.05015 8.05015 8.05015 9.43417 9.43417 9.43417 9.43417 9.43417 9.43417 9.43417 9.43417 9.43417 9.43417 ]
D = [ 4269 5206 5237 5513 6459 6718 7133 7665 7842 8182 9168 9481 9608 9974 10952 11153 11488 11950 12679 12863 13297 13772 14025 14725 15421 14236 13514 12764 12309 11371 10961 10352 9904 9078 8297 9115 9548 10181 11084 11926 12453 11369 10231 9271 8106 6820 6292 5015 ]
K = 6
nk = [ 1 1 1 1 1 1 1 1 1 1 1 2 2 2 2 2 2 3 3 3 3 3 3 3 3 3 3 3 3 3 3 3 3 3 3 3 3 4 5 5 5 5 5 5 5 5 5 5 5 5 6 6 6 6 6 6 6 6 6 6 ]
First = [ 1 0 0 0 0 0 0 0 0 0 0 1 0 0 0 0 0 1 0 0 0 0 0 0 0 0 0 0 0 0 0 0 0 0 0 0 0 1 1 0 0 0 0 0 0 0 0 0 0 0 1 0 0 0 0 0 0 0 0 0 ]
Last = [ 0 0 0 0 0 0 0 0 0 0 1 0 0 0 0 0 1 0 0 0 0 0 0 0 0 0 0 0 0 0 0 0 0 0 0 0 1 1 0 0 0 0 0 0 0 0 0 0 0 1 0 0 0 0 0 0 0 0 0 1 ]
nS = 1
S = [ 0 1 2 3 4 5 6 7 8 9 10 11 12 13 14 15 16 17 18 19 20 21 22 23 24 25 26 27 28 29 30 31 32 33 34 35 36 37 38 39 40 41 42 43 44 45 46 47 48 49 50 51 52 53 54 55 56 57 58 59 ]
