n = 60 ; 
T = 48 ; 
Init = [ 0 0 0 0 0 1 0 0 0 0 0 0 0 0 0 0 1 1 1 1 1 1 1 1 1 1 1 1 1 1 1 1 1 1 1 1 0 0 0 0 0 0 0 0 0 1 1 1 1 1 0 0 0 0 0 0 0 0 0 0 ]
L = [ 12 12 12 12 12 8 15 14 14 14 14 14 14 14 14 14 20 20 19 19 19 19 19 19 19 19 19 19 11 11 11 11 11 11 11 11 10 10 10 10 10 10 10 10 10 18 18 18 18 18 11 11 11 11 11 11 10 10 10 10 ]
l = [ 12 12 12 12 12 8 15 14 14 14 14 14 14 14 14 14 20 20 19 19 19 19 19 19 19 19 19 19 11 11 11 11 11 11 11 11 10 10 10 10 10 10 10 10 10 18 18 18 18 18 11 11 11 11 11 11 10 10 10 10 ]
Pmin = [ 65 65 65 65 65 34 83 67 67 67 67 67 67 67 67 67 100 100 100 100 100 100 100 100 100 100 100 100 50 50 50 50 50 50 50 50 53 53 53 53 53 53 53 53 53 100 100 100 100 100 53 53 53 53 53 53 46 46 46 46 ]
Pmax = [ 255 255 255 255 255 131 337 265 265 265 265 265 265 265 265 265 420 420 417 417 417 417 417 417 417 417 417 417 187 187 187 187 187 187 187 187 178 178 178 178 178 178 178 178 178 394 394 394 394 394 192 192 192 192 192 192 173 173 173 173 ]
cf = [ 54.6379 54.6379 54.6379 54.6379 54.6379 11.6668 33.0626 46.4848 46.4848 46.4848 46.4848 46.4848 46.4848 46.4848 46.4848 46.4848 27.5414 27.5414 33.151 33.151 33.151 33.151 33.151 33.151 33.151 33.151 33.151 33.151 38.904 38.904 38.904 38.904 38.904 38.904 38.904 38.904 21.8772 21.8772 21.8772 21.8772 21.8772 21.8772 21.8772 21.8772 21.8772 42.5478 42.5478 42.5478 42.5478 42.5478 58.7586 58.7586 58.7586 58.7586 58.7586 58.7586 34.6952 34.6952 34.6952 34.6952 ]
c0 = [ 178 178 178 178 178 114 218 177 177 177 177 177 177 177 177 177 250 250 250 250 250 250 250 250 250 250 250 250 134 134 134 134 134 134 134 134 146 146 146 146 146 146 146 146 146 250 250 250 250 250 158 158 158 158 158 158 133 133 133 133 ]
cp = [ 25.6419 25.6419 25.6419 25.6419 25.6419 37.6856 26.8503 22.8232 22.8232 22.8232 22.8232 22.8232 22.8232 22.8232 22.8232 22.8232 9.94068 9.94068 11.3264 11.3264 11.3264 11.3264 11.3264 11.3264 11.3264 11.3264 11.3264 11.3264 37.2542 37.2542 37.2542 37.2542 37.2542 37.2542 37.2542 37.2542 26.7049 26.7049 26.7049 26.7049 26.7049 26.7049 26.7049 26.7049 26.7049 10.5499 10.5499 10.5499 10.5499 10.5499 31.5897 31.5897 31.5897 31.5897 31.5897 31.5897 19.057 19.057 19.057 19.057 ]
D = [ 4586 5186 5504 5970 6019 6541 6597 7135 7361 7686 8343 8689 9097 9298 9348 10200 10097 10616 11139 11296 11735 11826 12359 12718 13136 12318 11966 11543 10773 10413 9971 9258 8511 8044 7454 8229 9114 9410 10379 10506 11426 10441 9588 8307 7179 6675 5260 4328 ]
K = 11
nk = [ 1 1 1 1 1 2 3 4 4 4 4 4 4 4 4 4 5 5 6 6 6 6 6 6 6 6 6 6 7 7 7 7 7 7 7 7 8 8 8 8 8 8 8 8 8 9 9 9 9 9 10 10 10 10 10 10 11 11 11 11 ]
First = [ 1 0 0 0 0 1 1 1 0 0 0 0 0 0 0 0 1 0 1 0 0 0 0 0 0 0 0 0 1 0 0 0 0 0 0 0 1 0 0 0 0 0 0 0 0 1 0 0 0 0 1 0 0 0 0 0 1 0 0 0 ]
Last = [ 0 0 0 0 1 1 1 0 0 0 0 0 0 0 0 1 0 1 0 0 0 0 0 0 0 0 0 1 0 0 0 0 0 0 0 1 0 0 0 0 0 0 0 0 1 0 0 0 0 1 0 0 0 0 0 1 0 0 0 1 ]
nS = 1
S = [ 0 1 2 3 4 5 6 7 8 9 10 11 12 13 14 15 16 17 18 19 20 21 22 23 24 25 26 27 28 29 30 31 32 33 34 35 36 37 38 39 40 41 42 43 44 45 46 47 48 49 50 51 52 53 54 55 56 57 58 59 ]
