n = 60 ; 
T = 48 ; 
Init = [ 0 0 0 0 1 1 1 1 1 1 1 1 1 1 1 1 1 0 0 0 0 0 0 0 0 0 0 0 0 1 1 1 1 0 0 0 0 0 0 0 0 0 0 0 1 1 1 1 1 1 1 1 1 1 1 1 1 1 1 1 ]
L = [ 20 20 20 20 12 12 12 12 12 12 12 12 12 12 12 12 12 6 6 6 6 6 6 6 6 6 6 6 6 6 6 6 6 14 14 14 14 14 14 14 14 14 14 14 10 10 10 10 10 10 10 10 10 10 10 12 12 12 12 12 ]
l = [ 20 20 20 20 12 12 12 12 12 12 12 12 12 12 12 12 12 6 6 6 6 6 6 6 6 6 6 6 6 6 6 6 6 14 14 14 14 14 14 14 14 14 14 14 10 10 10 10 10 10 10 10 10 10 10 12 12 12 12 12 ]
Pmin = [ 100 100 100 100 61 61 61 61 61 61 61 61 61 61 61 61 61 25 25 25 25 25 25 25 25 25 25 25 25 32 32 32 32 79 79 79 79 79 79 79 79 79 79 79 52 52 52 52 52 52 52 52 52 52 52 63 63 63 63 63 ]
Pmax = [ 414 414 414 414 246 246 246 246 246 246 246 246 246 246 246 246 246 74 74 74 74 74 74 74 74 74 74 74 74 103 103 103 103 322 322 322 322 322 322 322 322 322 322 322 210 210 210 210 210 210 210 210 210 210 210 245 245 245 245 245 ]
cf = [ 43.3181 43.3181 43.3181 43.3181 37.7416 37.7416 37.7416 37.7416 37.7416 37.7416 37.7416 37.7416 37.7416 37.7416 37.7416 37.7416 37.7416 35.7776 35.7776 35.7776 35.7776 35.7776 35.7776 35.7776 35.7776 35.7776 35.7776 35.7776 35.7776 39.7205 39.7205 39.7205 39.7205 55.4932 55.4932 55.4932 55.4932 55.4932 55.4932 55.4932 55.4932 55.4932 55.4932 55.4932 27.4272 27.4272 27.4272 27.4272 27.4272 27.4272 27.4272 27.4272 27.4272 27.4272 27.4272 7.02883 7.02883 7.02883 7.02883 7.02883 ]
c0 = [ 250 250 250 250 178 178 178 178 178 178 178 178 178 178 178 178 178 88 88 88 88 88 88 88 88 88 88 88 88 100 100 100 100 211 211 211 211 211 211 211 211 211 211 211 137 137 137 137 137 137 137 137 137 137 137 179 179 179 179 179 ]
cp = [ 9.6889 9.6889 9.6889 9.6889 22.6613 22.6613 22.6613 22.6613 22.6613 22.6613 22.6613 22.6613 22.6613 22.6613 22.6613 22.6613 22.6613 36.5594 36.5594 36.5594 36.5594 36.5594 36.5594 36.5594 36.5594 36.5594 36.5594 36.5594 36.5594 37.0586 37.0586 37.0586 37.0586 14.0517 14.0517 14.0517 14.0517 14.0517 14.0517 14.0517 14.0517 14.0517 14.0517 14.0517 25.5605 25.5605 25.5605 25.5605 25.5605 25.5605 25.5605 25.5605 25.5605 25.5605 25.5605 27.0013 27.0013 27.0013 27.0013 27.0013 ]
D = [ 3258 3958 4255 4337 4589 5173 5220 5918 5920 6357 6805 7392 7581 7961 8469 8347 9172 9302 9660 9823 10312 10621 11212 11223 11472 11211 10866 10301 9806 9288 8833 8439 7746 7240 6581 7261 7402 7911 8412 8737 9336 8693 7483 6678 6068 5549 4275 3613 ]
K = 7
nk = [ 1 1 1 1 2 2 2 2 2 2 2 2 2 2 2 2 2 3 3 3 3 3 3 3 3 3 3 3 3 4 4 4 4 5 5 5 5 5 5 5 5 5 5 5 6 6 6 6 6 6 6 6 6 6 6 7 7 7 7 7 ]
First = [ 1 0 0 0 1 0 0 0 0 0 0 0 0 0 0 0 0 1 0 0 0 0 0 0 0 0 0 0 0 1 0 0 0 1 0 0 0 0 0 0 0 0 0 0 1 0 0 0 0 0 0 0 0 0 0 1 0 0 0 0 ]
Last = [ 0 0 0 1 0 0 0 0 0 0 0 0 0 0 0 0 1 0 0 0 0 0 0 0 0 0 0 0 1 0 0 0 1 0 0 0 0 0 0 0 0 0 0 1 0 0 0 0 0 0 0 0 0 0 1 0 0 0 0 1 ]
nS = 1
S = [ 0 1 2 3 4 5 6 7 8 9 10 11 12 13 14 15 16 17 18 19 20 21 22 23 24 25 26 27 28 29 30 31 32 33 34 35 36 37 38 39 40 41 42 43 44 45 46 47 48 49 50 51 52 53 54 55 56 57 58 59 ]
