n = 60 ; 
T = 48 ; 
Init = [ 1 1 1 1 1 1 1 1 1 1 1 0 0 0 0 0 0 1 1 1 0 0 1 1 1 0 0 0 0 0 0 0 0 0 0 0 0 0 0 0 0 0 0 0 0 0 0 0 0 0 0 0 0 0 0 0 0 1 1 1 ]
L = [ 19 19 19 19 19 19 19 19 19 19 19 10 10 10 10 10 10 16 16 16 10 10 19 19 19 5 5 5 5 5 5 5 14 14 14 14 9 9 9 9 9 9 14 14 14 14 14 14 12 12 12 12 12 12 12 12 12 7 7 7 ]
l = [ 19 19 19 19 19 19 19 19 19 19 19 10 10 10 10 10 10 16 16 16 10 10 19 19 19 5 5 5 5 5 5 5 14 14 14 14 9 9 9 9 9 9 14 14 14 14 14 14 12 12 12 12 12 12 12 12 12 7 7 7 ]
Pmin = [ 100 100 100 100 100 100 100 100 100 100 100 43 43 43 43 43 43 80 80 80 54 54 100 100 100 30 30 30 30 30 30 30 72 72 72 72 40 40 40 40 40 40 78 78 78 78 78 78 64 64 64 64 64 64 64 64 64 35 35 35 ]
Pmax = [ 417 417 417 417 417 417 417 417 417 417 417 171 171 171 171 171 171 331 331 331 201 201 407 407 407 81 81 81 81 81 81 81 279 279 279 279 152 152 152 152 152 152 292 292 292 292 292 292 241 241 241 241 241 241 241 241 241 128 128 128 ]
cf = [ 37.2095 37.2095 37.2095 37.2095 37.2095 37.2095 37.2095 37.2095 37.2095 37.2095 37.2095 15.7203 15.7203 15.7203 15.7203 15.7203 15.7203 44.2074 44.2074 44.2074 10.4636 10.4636 49.5883 49.5883 49.5883 41.8064 41.8064 41.8064 41.8064 41.8064 41.8064 41.8064 27.3548 27.3548 27.3548 27.3548 35.5998 35.5998 35.5998 35.5998 35.5998 35.5998 44.5367 44.5367 44.5367 44.5367 44.5367 44.5367 47.7216 47.7216 47.7216 47.7216 47.7216 47.7216 47.7216 47.7216 47.7216 41.4728 41.4728 41.4728 ]
c0 = [ 250 250 250 250 250 250 250 250 250 250 250 119 119 119 119 119 119 215 215 215 149 149 250 250 250 89 89 89 89 89 89 89 184 184 184 184 107 107 107 107 107 107 204 204 204 204 204 204 184 184 184 184 184 184 184 184 184 99 99 99 ]
cp = [ 9.80085 9.80085 9.80085 9.80085 9.80085 9.80085 9.80085 9.80085 9.80085 9.80085 9.80085 34.1709 34.1709 34.1709 34.1709 34.1709 34.1709 15.0202 15.0202 15.0202 31.1341 31.1341 10.2691 10.2691 10.2691 33.8917 33.8917 33.8917 33.8917 33.8917 33.8917 33.8917 23.7314 23.7314 23.7314 23.7314 38.5784 38.5784 38.5784 38.5784 38.5784 38.5784 14.3492 14.3492 14.3492 14.3492 14.3492 14.3492 14.4148 14.4148 14.4148 14.4148 14.4148 14.4148 14.4148 14.4148 14.4148 25.1985 25.1985 25.1985 ]
D = [ 3540 3841 4375 4345 4858 5534 5541 6205 6437 6842 7299 7706 7796 8028 8736 9199 9131 9536 9943 10217 10784 11339 11635 11686 12365 11407 11267 10478 10186 9853 9178 9093 8093 7589 7111 7950 8842 9092 9627 10388 10681 9789 9073 8178 7156 6181 5387 4538 ]
K = 11
nk = [ 1 1 1 1 1 1 1 1 1 1 1 2 2 2 2 2 2 3 3 3 4 4 5 5 5 6 6 6 6 6 6 6 7 7 7 7 8 8 8 8 8 8 9 9 9 9 9 9 10 10 10 10 10 10 10 10 10 11 11 11 ]
First = [ 1 0 0 0 0 0 0 0 0 0 0 1 0 0 0 0 0 1 0 0 1 0 1 0 0 1 0 0 0 0 0 0 1 0 0 0 1 0 0 0 0 0 1 0 0 0 0 0 1 0 0 0 0 0 0 0 0 1 0 0 ]
Last = [ 0 0 0 0 0 0 0 0 0 0 1 0 0 0 0 0 1 0 0 1 0 1 0 0 1 0 0 0 0 0 0 1 0 0 0 1 0 0 0 0 0 1 0 0 0 0 0 1 0 0 0 0 0 0 0 0 1 0 0 1 ]
nS = 1
S = [ 0 1 2 3 4 5 6 7 8 9 10 11 12 13 14 15 16 17 18 19 20 21 22 23 24 25 26 27 28 29 30 31 32 33 34 35 36 37 38 39 40 41 42 43 44 45 46 47 48 49 50 51 52 53 54 55 56 57 58 59 ]
