n = 60 ; 
T = 48 ; 
Init = [ 0 0 0 0 0 0 0 0 0 0 0 0 1 1 1 1 1 1 1 1 1 1 1 1 1 1 1 1 1 1 0 0 0 0 0 0 0 0 0 0 0 0 0 0 0 0 0 0 0 0 0 0 0 0 0 1 1 1 1 1 ]
L = [ 13 13 13 13 13 13 13 13 13 13 13 13 20 20 20 20 20 20 20 20 20 20 20 20 20 20 20 20 20 20 16 16 16 16 16 16 16 16 10 10 10 10 10 10 14 14 14 14 14 14 14 14 14 4 4 5 5 5 6 6 ]
l = [ 13 13 13 13 13 13 13 13 13 13 13 13 20 20 20 20 20 20 20 20 20 20 20 20 20 20 20 20 20 20 16 16 16 16 16 16 16 16 10 10 10 10 10 10 14 14 14 14 14 14 14 14 14 4 4 5 5 5 6 6 ]
Pmin = [ 69 69 69 69 69 69 69 69 69 69 69 69 100 100 100 100 100 100 100 100 100 100 100 100 100 100 100 100 100 100 87 87 87 87 87 87 87 87 47 47 47 47 47 47 78 78 78 78 78 78 78 78 78 20 20 31 31 31 30 30 ]
Pmax = [ 275 275 275 275 275 275 275 275 275 275 275 275 420 420 420 420 420 420 420 420 420 420 420 420 420 420 420 420 420 420 353 353 353 353 353 353 353 353 182 182 182 182 182 182 315 315 315 315 315 315 315 315 315 63 63 83 83 83 89 89 ]
cf = [ 14.4106 14.4106 14.4106 14.4106 14.4106 14.4106 14.4106 14.4106 14.4106 14.4106 14.4106 14.4106 14.9767 14.9767 14.9767 14.9767 14.9767 14.9767 14.9767 14.9767 14.9767 14.9767 14.9767 14.9767 14.9767 14.9767 14.9767 14.9767 14.9767 14.9767 53.1686 53.1686 53.1686 53.1686 53.1686 53.1686 53.1686 53.1686 60.0994 60.0994 60.0994 60.0994 60.0994 60.0994 44.2948 44.2948 44.2948 44.2948 44.2948 44.2948 44.2948 44.2948 44.2948 61.782 61.782 50.0413 50.0413 50.0413 27.7274 27.7274 ]
c0 = [ 178 178 178 178 178 178 178 178 178 178 178 178 250 250 250 250 250 250 250 250 250 250 250 250 250 250 250 250 250 250 235 235 235 235 235 235 235 235 142 142 142 142 142 142 199 199 199 199 199 199 199 199 199 64 64 105 105 105 88 88 ]
cp = [ 18.7082 18.7082 18.7082 18.7082 18.7082 18.7082 18.7082 18.7082 18.7082 18.7082 18.7082 18.7082 9.26932 9.26932 9.26932 9.26932 9.26932 9.26932 9.26932 9.26932 9.26932 9.26932 9.26932 9.26932 9.26932 9.26932 9.26932 9.26932 9.26932 9.26932 16.1565 16.1565 16.1565 16.1565 16.1565 16.1565 16.1565 16.1565 29.253 29.253 29.253 29.253 29.253 29.253 27.0881 27.0881 27.0881 27.0881 27.0881 27.0881 27.0881 27.0881 27.0881 40.9218 40.9218 36.9954 36.9954 36.9954 33.124 33.124 ]
D = [ 5316 5691 5689 6427 6984 7201 7377 8188 8288 8458 9271 9423 9973 10199 10269 11251 11576 11464 11950 12288 13327 13528 13488 14285 14742 13876 13323 12944 11815 11529 10931 10635 9602 9333 8653 9292 10355 10966 12019 12787 13899 12583 11774 10254 9496 8360 7428 5872 ]
K = 8
nk = [ 1 1 1 1 1 1 1 1 1 1 1 1 2 2 2 2 2 2 2 2 2 2 2 2 2 2 2 2 2 2 3 3 3 3 3 3 3 3 4 4 4 4 4 4 5 5 5 5 5 5 5 5 5 6 6 7 7 7 8 8 ]
First = [ 1 0 0 0 0 0 0 0 0 0 0 0 1 0 0 0 0 0 0 0 0 0 0 0 0 0 0 0 0 0 1 0 0 0 0 0 0 0 1 0 0 0 0 0 1 0 0 0 0 0 0 0 0 1 0 1 0 0 1 0 ]
Last = [ 0 0 0 0 0 0 0 0 0 0 0 1 0 0 0 0 0 0 0 0 0 0 0 0 0 0 0 0 0 1 0 0 0 0 0 0 0 1 0 0 0 0 0 1 0 0 0 0 0 0 0 0 1 0 1 0 0 1 0 1 ]
nS = 1
S = [ 0 1 2 3 4 5 6 7 8 9 10 11 12 13 14 15 16 17 18 19 20 21 22 23 24 25 26 27 28 29 30 31 32 33 34 35 36 37 38 39 40 41 42 43 44 45 46 47 48 49 50 51 52 53 54 55 56 57 58 59 ]
