n = 60 ; 
T = 48 ; 
Init = [ 1 1 1 1 1 1 1 1 1 1 1 1 1 1 1 1 1 1 0 0 0 0 0 0 0 0 0 0 0 0 1 1 1 1 1 1 1 1 1 1 1 1 1 1 1 1 1 1 1 1 1 0 0 0 0 0 0 0 1 1 ]
L = [ 7 7 7 7 7 7 7 7 7 7 8 8 8 8 11 11 11 11 9 9 9 9 9 9 9 9 9 9 9 9 17 17 17 17 17 17 17 17 17 17 17 17 17 17 17 9 9 9 9 9 9 6 6 6 6 6 6 6 8 8 ]
l = [ 7 7 7 7 7 7 7 7 7 7 8 8 8 8 11 11 11 11 9 9 9 9 9 9 9 9 9 9 9 9 17 17 17 17 17 17 17 17 17 17 17 17 17 17 17 9 9 9 9 9 9 6 6 6 6 6 6 6 8 8 ]
Pmin = [ 34 34 34 34 34 34 34 34 34 34 43 43 43 43 54 54 54 54 50 50 50 50 50 50 50 50 50 50 50 50 91 91 91 91 91 91 91 91 91 91 91 91 91 91 91 41 41 41 41 41 41 27 27 27 27 27 27 27 45 45 ]
Pmax = [ 118 118 118 118 118 118 118 118 118 118 144 144 144 144 220 220 220 220 176 176 176 176 176 176 176 176 176 176 176 176 353 353 353 353 353 353 353 353 353 353 353 353 353 353 353 149 149 149 149 149 149 98 98 98 98 98 98 98 148 148 ]
cf = [ 18.5647 18.5647 18.5647 18.5647 18.5647 18.5647 18.5647 18.5647 18.5647 18.5647 67.5951 67.5951 67.5951 67.5951 23.803 23.803 23.803 23.803 23.2357 23.2357 23.2357 23.2357 23.2357 23.2357 23.2357 23.2357 23.2357 23.2357 23.2357 23.2357 8.74341 8.74341 8.74341 8.74341 8.74341 8.74341 8.74341 8.74341 8.74341 8.74341 8.74341 8.74341 8.74341 8.74341 8.74341 51.9456 51.9456 51.9456 51.9456 51.9456 51.9456 67.5775 67.5775 67.5775 67.5775 67.5775 67.5775 67.5775 31.6488 31.6488 ]
c0 = [ 110 110 110 110 110 110 110 110 110 110 125 125 125 125 146 146 146 146 149 149 149 149 149 149 149 149 149 149 149 149 243 243 243 243 243 243 243 243 243 243 243 243 243 243 243 114 114 114 114 114 114 91 91 91 91 91 91 91 119 119 ]
cp = [ 33.2832 33.2832 33.2832 33.2832 33.2832 33.2832 33.2832 33.2832 33.2832 33.2832 37.726 37.726 37.726 37.726 20.9441 20.9441 20.9441 20.9441 31.0815 31.0815 31.0815 31.0815 31.0815 31.0815 31.0815 31.0815 31.0815 31.0815 31.0815 31.0815 12.1214 12.1214 12.1214 12.1214 12.1214 12.1214 12.1214 12.1214 12.1214 12.1214 12.1214 12.1214 12.1214 12.1214 12.1214 26.4967 26.4967 26.4967 26.4967 26.4967 26.4967 36.3813 36.3813 36.3813 36.3813 36.3813 36.3813 36.3813 20.7682 20.7682 ]
D = [ 2833 3190 3120 3761 4017 4383 4564 4953 5306 5443 5976 6241 6677 6548 7004 7287 7568 8238 8239 8793 9011 9299 9512 9890 10423 9739 9426 8709 8324 7883 7520 6911 6514 6243 5960 6444 6688 7212 7770 8053 8876 8015 7565 6871 6043 5258 4533 4148 ]
K = 8
nk = [ 1 1 1 1 1 1 1 1 1 1 2 2 2 2 3 3 3 3 4 4 4 4 4 4 4 4 4 4 4 4 5 5 5 5 5 5 5 5 5 5 5 5 5 5 5 6 6 6 6 6 6 7 7 7 7 7 7 7 8 8 ]
First = [ 1 0 0 0 0 0 0 0 0 0 1 0 0 0 1 0 0 0 1 0 0 0 0 0 0 0 0 0 0 0 1 0 0 0 0 0 0 0 0 0 0 0 0 0 0 1 0 0 0 0 0 1 0 0 0 0 0 0 1 0 ]
Last = [ 0 0 0 0 0 0 0 0 0 1 0 0 0 1 0 0 0 1 0 0 0 0 0 0 0 0 0 0 0 1 0 0 0 0 0 0 0 0 0 0 0 0 0 0 1 0 0 0 0 0 1 0 0 0 0 0 0 1 0 1 ]
nS = 1
S = [ 0 1 2 3 4 5 6 7 8 9 10 11 12 13 14 15 16 17 18 19 20 21 22 23 24 25 26 27 28 29 30 31 32 33 34 35 36 37 38 39 40 41 42 43 44 45 46 47 48 49 50 51 52 53 54 55 56 57 58 59 ]
