n = 60 ; 
T = 48 ; 
Init = [ 1 1 1 1 1 1 1 1 1 1 1 1 1 1 1 1 1 1 1 0 0 0 0 0 0 0 0 1 1 0 0 0 0 0 0 0 0 0 0 0 0 0 0 0 0 0 0 0 0 0 0 1 1 1 1 1 1 0 0 0 ]
L = [ 16 16 16 16 16 17 17 17 17 17 17 17 7 7 7 7 7 7 7 17 17 17 17 17 17 17 17 12 12 18 18 18 18 18 18 18 18 18 18 7 7 7 12 12 12 19 19 19 19 19 19 8 8 8 8 8 8 16 16 16 ]
l = [ 16 16 16 16 16 17 17 17 17 17 17 17 7 7 7 7 7 7 7 17 17 17 17 17 17 17 17 12 12 18 18 18 18 18 18 18 18 18 18 7 7 7 12 12 12 19 19 19 19 19 19 8 8 8 8 8 8 16 16 16 ]
Pmin = [ 82 82 82 82 82 94 94 94 94 94 94 94 33 33 33 33 33 33 33 95 95 95 95 95 95 95 95 62 62 94 94 94 94 94 94 94 94 94 94 33 33 33 69 69 69 100 100 100 100 100 100 45 45 45 45 45 45 86 86 86 ]
Pmax = [ 333 333 333 333 333 359 359 359 359 359 359 359 127 127 127 127 127 127 127 362 362 362 362 362 362 362 362 247 247 369 369 369 369 369 369 369 369 369 369 89 89 89 256 256 256 420 420 420 420 420 420 144 144 144 144 144 144 353 353 353 ]
cf = [ 50.5676 50.5676 50.5676 50.5676 50.5676 30.617 30.617 30.617 30.617 30.617 30.617 30.617 9.76761 9.76761 9.76761 9.76761 9.76761 9.76761 9.76761 29.9833 29.9833 29.9833 29.9833 29.9833 29.9833 29.9833 29.9833 34.3954 34.3954 13.4244 13.4244 13.4244 13.4244 13.4244 13.4244 13.4244 13.4244 13.4244 13.4244 49.958 49.958 49.958 47.4194 47.4194 47.4194 66.7258 66.7258 66.7258 66.7258 66.7258 66.7258 31.1522 31.1522 31.1522 31.1522 31.1522 31.1522 53.7941 53.7941 53.7941 ]
c0 = [ 223 223 223 223 223 246 246 246 246 246 246 246 98 98 98 98 98 98 98 250 250 250 250 250 250 250 250 174 174 238 238 238 238 238 238 238 238 238 238 107 107 107 184 184 184 250 250 250 250 250 250 133 133 133 133 133 133 222 222 222 ]
cp = [ 15.9866 15.9866 15.9866 15.9866 15.9866 11.0038 11.0038 11.0038 11.0038 11.0038 11.0038 11.0038 39.6874 39.6874 39.6874 39.6874 39.6874 39.6874 39.6874 13.6254 13.6254 13.6254 13.6254 13.6254 13.6254 13.6254 13.6254 26.9835 26.9835 19.221 19.221 19.221 19.221 19.221 19.221 19.221 19.221 19.221 19.221 39.4274 39.4274 39.4274 28.0434 28.0434 28.0434 8.53302 8.53302 8.53302 8.53302 8.53302 8.53302 30.0715 30.0715 30.0715 30.0715 30.0715 30.0715 22.3493 22.3493 22.3493 ]
D = [ 4761 5183 5426 6285 6866 6599 7373 7663 8078 8697 8771 9236 9648 9965 10341 11187 11766 11555 12370 12536 12825 13761 14140 14458 14589 13793 13477 12934 12367 11876 11188 10053 9573 9426 8739 9010 10174 10431 11287 11753 12924 11775 10625 9423 8887 7705 6235 5869 ]
K = 11
nk = [ 1 1 1 1 1 2 2 2 2 2 2 2 3 3 3 3 3 3 3 4 4 4 4 4 4 4 4 5 5 6 6 6 6 6 6 6 6 6 6 7 7 7 8 8 8 9 9 9 9 9 9 10 10 10 10 10 10 11 11 11 ]
First = [ 1 0 0 0 0 1 0 0 0 0 0 0 1 0 0 0 0 0 0 1 0 0 0 0 0 0 0 1 0 1 0 0 0 0 0 0 0 0 0 1 0 0 1 0 0 1 0 0 0 0 0 1 0 0 0 0 0 1 0 0 ]
Last = [ 0 0 0 0 1 0 0 0 0 0 0 1 0 0 0 0 0 0 1 0 0 0 0 0 0 0 1 0 1 0 0 0 0 0 0 0 0 0 1 0 0 1 0 0 1 0 0 0 0 0 1 0 0 0 0 0 1 0 0 1 ]
nS = 1
S = [ 0 1 2 3 4 5 6 7 8 9 10 11 12 13 14 15 16 17 18 19 20 21 22 23 24 25 26 27 28 29 30 31 32 33 34 35 36 37 38 39 40 41 42 43 44 45 46 47 48 49 50 51 52 53 54 55 56 57 58 59 ]
