n = 60 ; 
T = 48 ; 
Init = [ 1 1 1 1 1 1 1 1 1 1 1 1 1 1 1 1 1 1 1 1 1 1 1 1 1 1 0 0 0 0 0 0 0 0 0 0 1 1 1 1 1 1 1 1 1 0 0 0 0 0 0 0 0 0 0 0 0 0 0 1 ]
L = [ 15 15 15 15 15 15 15 15 15 15 15 9 9 9 17 17 17 17 14 14 14 14 14 14 14 14 12 12 12 12 12 12 12 12 12 12 13 13 13 13 13 13 13 13 13 20 20 20 20 20 20 20 17 17 17 17 17 17 17 13 ]
l = [ 15 15 15 15 15 15 15 15 15 15 15 9 9 9 17 17 17 17 14 14 14 14 14 14 14 14 12 12 12 12 12 12 12 12 12 12 13 13 13 13 13 13 13 13 13 20 20 20 20 20 20 20 17 17 17 17 17 17 17 13 ]
Pmin = [ 79 79 79 79 79 79 79 79 79 79 79 38 38 38 88 88 88 88 79 79 79 79 79 79 79 79 68 68 68 68 68 68 68 68 68 68 63 63 63 63 63 63 63 63 63 100 100 100 100 100 100 100 92 92 92 92 92 92 92 63 ]
Pmax = [ 310 310 310 310 310 310 310 310 310 310 310 144 144 144 358 358 358 358 310 310 310 310 310 310 310 310 267 267 267 267 267 267 267 267 267 267 257 257 257 257 257 257 257 257 257 420 420 420 420 420 420 420 362 362 362 362 362 362 362 242 ]
cf = [ 28.7229 28.7229 28.7229 28.7229 28.7229 28.7229 28.7229 28.7229 28.7229 28.7229 28.7229 32.0127 32.0127 32.0127 11.3417 11.3417 11.3417 11.3417 19.5837 19.5837 19.5837 19.5837 19.5837 19.5837 19.5837 19.5837 38.6666 38.6666 38.6666 38.6666 38.6666 38.6666 38.6666 38.6666 38.6666 38.6666 23.6866 23.6866 23.6866 23.6866 23.6866 23.6866 23.6866 23.6866 23.6866 69.7858 69.7858 69.7858 69.7858 69.7858 69.7858 69.7858 55.4914 55.4914 55.4914 55.4914 55.4914 55.4914 55.4914 16.9148 ]
c0 = [ 202 202 202 202 202 202 202 202 202 202 202 121 121 121 242 242 242 242 216 216 216 216 216 216 216 216 195 195 195 195 195 195 195 195 195 195 164 164 164 164 164 164 164 164 164 250 250 250 250 250 250 250 231 231 231 231 231 231 231 179 ]
cp = [ 29.7085 29.7085 29.7085 29.7085 29.7085 29.7085 29.7085 29.7085 29.7085 29.7085 29.7085 38.1395 38.1395 38.1395 12.3143 12.3143 12.3143 12.3143 13.937 13.937 13.937 13.937 13.937 13.937 13.937 13.937 26.9522 26.9522 26.9522 26.9522 26.9522 26.9522 26.9522 26.9522 26.9522 26.9522 21.6139 21.6139 21.6139 21.6139 21.6139 21.6139 21.6139 21.6139 21.6139 8.32119 8.32119 8.32119 8.32119 8.32119 8.32119 8.32119 9.04163 9.04163 9.04163 9.04163 9.04163 9.04163 9.04163 28.5352 ]
D = [ 4258 4552 5287 5684 5910 6267 6959 7117 8235 8307 9079 9664 10209 10336 10729 11226 11602 12656 12711 13153 14246 14211 14670 15746 15866 15326 14364 14011 13519 12989 12056 11635 10898 10197 9671 10804 11366 12438 13226 13666 14308 13239 11636 10195 9489 7777 6331 5499 ]
K = 9
nk = [ 1 1 1 1 1 1 1 1 1 1 1 2 2 2 3 3 3 3 4 4 4 4 4 4 4 4 5 5 5 5 5 5 5 5 5 5 6 6 6 6 6 6 6 6 6 7 7 7 7 7 7 7 8 8 8 8 8 8 8 9 ]
First = [ 1 0 0 0 0 0 0 0 0 0 0 1 0 0 1 0 0 0 1 0 0 0 0 0 0 0 1 0 0 0 0 0 0 0 0 0 1 0 0 0 0 0 0 0 0 1 0 0 0 0 0 0 1 0 0 0 0 0 0 1 ]
Last = [ 0 0 0 0 0 0 0 0 0 0 1 0 0 1 0 0 0 1 0 0 0 0 0 0 0 1 0 0 0 0 0 0 0 0 0 1 0 0 0 0 0 0 0 0 1 0 0 0 0 0 0 1 0 0 0 0 0 0 1 1 ]
nS = 1
S = [ 0 1 2 3 4 5 6 7 8 9 10 11 12 13 14 15 16 17 18 19 20 21 22 23 24 25 26 27 28 29 30 31 32 33 34 35 36 37 38 39 40 41 42 43 44 45 46 47 48 49 50 51 52 53 54 55 56 57 58 59 ]
