n = 60 ; 
T = 48 ; 
Init = [ 0 1 1 1 1 0 0 0 0 0 0 0 0 0 0 0 0 0 0 0 0 0 0 0 1 1 1 1 1 1 1 1 1 1 1 1 1 1 1 1 1 1 0 0 1 1 1 1 1 1 1 1 1 1 0 0 1 1 1 1 ]
L = [ 19 13 13 13 13 19 19 19 19 19 14 14 14 14 14 14 14 14 6 6 6 6 6 11 17 17 17 17 17 17 17 17 17 19 19 19 19 19 19 19 19 19 16 16 11 11 11 11 11 11 7 7 7 7 11 11 13 13 16 16 ]
l = [ 19 13 13 13 13 19 19 19 19 19 14 14 14 14 14 14 14 14 6 6 6 6 6 11 17 17 17 17 17 17 17 17 17 19 19 19 19 19 19 19 19 19 16 16 11 11 11 11 11 11 7 7 7 7 11 11 13 13 16 16 ]
Pmin = [ 100 62 62 62 62 100 100 100 100 100 73 73 73 73 73 73 73 73 31 31 31 31 31 52 89 89 95 95 95 95 95 95 95 98 98 98 98 98 98 98 98 98 83 83 60 60 60 60 60 60 40 40 40 40 61 61 66 66 87 87 ]
Pmax = [ 413 244 244 244 244 420 420 420 420 420 268 268 268 268 268 268 268 268 98 98 98 98 98 208 355 355 358 358 358 358 358 358 358 403 403 403 403 403 403 403 403 403 337 337 230 230 230 230 230 230 127 127 127 127 211 211 263 263 334 334 ]
cf = [ 41.3858 37.038 37.038 37.038 37.038 67.8185 67.8185 67.8185 67.8185 67.8185 36.7055 36.7055 36.7055 36.7055 36.7055 36.7055 36.7055 36.7055 17.1562 17.1562 17.1562 17.1562 17.1562 55.6297 69.4421 69.4421 41.4842 41.4842 41.4842 41.4842 41.4842 41.4842 41.4842 29.4713 29.4713 29.4713 29.4713 29.4713 29.4713 29.4713 29.4713 29.4713 8.79442 8.79442 67.2441 67.2441 67.2441 67.2441 67.2441 67.2441 12.7812 12.7812 12.7812 12.7812 52.7667 52.7667 68.0438 68.0438 51.7434 51.7434 ]
c0 = [ 250 176 176 176 176 250 250 250 250 250 194 194 194 194 194 194 194 194 99 99 99 99 99 151 240 240 248 248 248 248 248 248 248 246 246 246 246 246 246 246 246 246 214 214 168 168 168 168 168 168 121 121 121 121 176 176 184 184 223 223 ]
cp = [ 12.0256 13.0019 13.0019 13.0019 13.0019 12.5946 12.5946 12.5946 12.5946 12.5946 19.3388 19.3388 19.3388 19.3388 19.3388 19.3388 19.3388 19.3388 30.9936 30.9936 30.9936 30.9936 30.9936 19.0518 14.6106 14.6106 18.3286 18.3286 18.3286 18.3286 18.3286 18.3286 18.3286 9.45242 9.45242 9.45242 9.45242 9.45242 9.45242 9.45242 9.45242 9.45242 19.152 19.152 32.1386 32.1386 32.1386 32.1386 32.1386 32.1386 37.6797 37.6797 37.6797 37.6797 18.4828 18.4828 18.2181 18.2181 16.0853 16.0853 ]
D = [ 4669 5038 5427 5898 5806 6356 6453 7237 7349 8207 8647 8835 9313 9459 9791 10278 10511 11424 11776 12288 12475 12847 13106 13931 13897 13641 12847 12346 11903 11225 10412 10179 9463 8631 8462 9333 10038 10951 11505 12608 13278 12018 11057 9952 9126 8089 7063 6063 ]
K = 15
nk = [ 1 2 2 2 2 3 3 3 3 3 4 4 4 4 4 4 4 4 5 5 5 5 5 6 7 7 8 8 8 8 8 8 8 9 9 9 9 9 9 9 9 9 10 10 11 11 11 11 11 11 12 12 12 12 13 13 14 14 15 15 ]
First = [ 1 1 0 0 0 1 0 0 0 0 1 0 0 0 0 0 0 0 1 0 0 0 0 1 1 0 1 0 0 0 0 0 0 1 0 0 0 0 0 0 0 0 1 0 1 0 0 0 0 0 1 0 0 0 1 0 1 0 1 0 ]
Last = [ 1 0 0 0 1 0 0 0 0 1 0 0 0 0 0 0 0 1 0 0 0 0 1 1 0 1 0 0 0 0 0 0 1 0 0 0 0 0 0 0 0 1 0 1 0 0 0 0 0 1 0 0 0 1 0 1 0 1 0 1 ]
nS = 1
S = [ 0 1 2 3 4 5 6 7 8 9 10 11 12 13 14 15 16 17 18 19 20 21 22 23 24 25 26 27 28 29 30 31 32 33 34 35 36 37 38 39 40 41 42 43 44 45 46 47 48 49 50 51 52 53 54 55 56 57 58 59 ]
