n = 60 ; 
T = 48 ; 
Init = [ 1 1 1 1 0 0 0 0 0 0 0 0 0 0 0 0 0 0 0 0 0 0 0 0 0 0 0 0 1 1 1 1 1 1 1 1 1 1 1 1 1 1 1 1 1 0 0 1 1 1 1 1 1 1 1 1 1 1 1 1 ]
L = [ 11 11 11 11 16 16 16 16 16 10 10 10 10 10 10 10 17 17 17 17 17 17 18 18 18 18 18 18 17 17 17 17 17 17 17 17 13 13 13 13 13 13 13 13 13 14 14 14 14 14 14 18 18 18 18 18 18 18 18 18 ]
l = [ 11 11 11 11 16 16 16 16 16 10 10 10 10 10 10 10 17 17 17 17 17 17 18 18 18 18 18 18 17 17 17 17 17 17 17 17 13 13 13 13 13 13 13 13 13 14 14 14 14 14 14 18 18 18 18 18 18 18 18 18 ]
Pmin = [ 57 57 57 57 85 85 85 85 85 59 59 59 59 59 59 59 96 96 96 96 96 96 95 95 95 95 95 95 92 92 92 92 92 92 92 92 72 72 72 72 72 72 72 72 72 74 74 76 76 76 76 92 92 92 92 92 92 92 92 92 ]
Pmax = [ 213 213 213 213 334 334 334 334 334 210 210 210 210 210 210 210 376 376 376 376 376 376 384 384 384 384 384 384 372 372 372 372 372 372 372 372 263 263 263 263 263 263 263 263 263 271 271 306 306 306 306 378 378 378 378 378 378 378 378 378 ]
cf = [ 62.0024 62.0024 62.0024 62.0024 17.8779 17.8779 17.8779 17.8779 17.8779 58.3886 58.3886 58.3886 58.3886 58.3886 58.3886 58.3886 22.2943 22.2943 22.2943 22.2943 22.2943 22.2943 52.2789 52.2789 52.2789 52.2789 52.2789 52.2789 66.5963 66.5963 66.5963 66.5963 66.5963 66.5963 66.5963 66.5963 15.6706 15.6706 15.6706 15.6706 15.6706 15.6706 15.6706 15.6706 15.6706 55.0486 55.0486 55.5693 55.5693 55.5693 55.5693 11.5396 11.5396 11.5396 11.5396 11.5396 11.5396 11.5396 11.5396 11.5396 ]
c0 = [ 160 160 160 160 223 223 223 223 223 155 155 155 155 155 155 155 250 250 250 250 250 250 250 250 250 250 250 250 243 243 243 243 243 243 243 243 198 198 198 198 198 198 198 198 198 188 188 209 209 209 209 248 248 248 248 248 248 248 248 248 ]
cp = [ 34.4677 34.4677 34.4677 34.4677 19.098 19.098 19.098 19.098 19.098 33.0801 33.0801 33.0801 33.0801 33.0801 33.0801 33.0801 9.30094 9.30094 9.30094 9.30094 9.30094 9.30094 13.7975 13.7975 13.7975 13.7975 13.7975 13.7975 23.2089 23.2089 23.2089 23.2089 23.2089 23.2089 23.2089 23.2089 19.0759 19.0759 19.0759 19.0759 19.0759 19.0759 19.0759 19.0759 19.0759 20.8177 20.8177 13.4654 13.4654 13.4654 13.4654 14.2279 14.2279 14.2279 14.2279 14.2279 14.2279 14.2279 14.2279 14.2279 ]
D = [ 4373 4840 5646 6117 6516 6699 7917 7805 8828 8824 10037 10399 11040 11243 12101 12270 13053 13304 13584 14230 15043 15295 16225 16520 16723 16151 15802 14912 14158 13533 12787 12223 10776 10307 9688 10296 10905 11635 12366 12708 13669 12500 11616 10106 9375 8059 6954 5715 ]
K = 10
nk = [ 1 1 1 1 2 2 2 2 2 3 3 3 3 3 3 3 4 4 4 4 4 4 5 5 5 5 5 5 6 6 6 6 6 6 6 6 7 7 7 7 7 7 7 7 7 8 8 9 9 9 9 10 10 10 10 10 10 10 10 10 ]
First = [ 1 0 0 0 1 0 0 0 0 1 0 0 0 0 0 0 1 0 0 0 0 0 1 0 0 0 0 0 1 0 0 0 0 0 0 0 1 0 0 0 0 0 0 0 0 1 0 1 0 0 0 1 0 0 0 0 0 0 0 0 ]
Last = [ 0 0 0 1 0 0 0 0 1 0 0 0 0 0 0 1 0 0 0 0 0 1 0 0 0 0 0 1 0 0 0 0 0 0 0 1 0 0 0 0 0 0 0 0 1 0 1 0 0 0 1 0 0 0 0 0 0 0 0 1 ]
nS = 1
S = [ 0 1 2 3 4 5 6 7 8 9 10 11 12 13 14 15 16 17 18 19 20 21 22 23 24 25 26 27 28 29 30 31 32 33 34 35 36 37 38 39 40 41 42 43 44 45 46 47 48 49 50 51 52 53 54 55 56 57 58 59 ]
