n = 60 ; 
T = 48 ; 
Init = [ 0 0 0 0 0 0 0 0 0 0 0 0 0 0 0 0 0 0 0 0 0 0 0 0 0 0 0 0 0 0 0 0 0 0 0 0 0 0 1 1 1 1 1 1 1 1 1 1 1 1 1 1 0 0 1 1 1 1 1 1 ]
L = [ 18 18 18 18 18 18 18 18 18 18 18 18 15 15 15 15 15 15 15 15 10 10 10 10 10 10 10 16 16 16 16 16 16 16 16 13 13 13 10 10 10 10 10 10 10 10 10 10 10 10 10 10 4 4 17 17 17 17 17 17 ]
l = [ 18 18 18 18 18 18 18 18 18 18 18 18 15 15 15 15 15 15 15 15 10 10 10 10 10 10 10 16 16 16 16 16 16 16 16 13 13 13 10 10 10 10 10 10 10 10 10 10 10 10 10 10 4 4 17 17 17 17 17 17 ]
Pmin = [ 96 96 96 96 96 96 96 96 96 100 100 100 85 85 85 85 85 85 85 85 51 51 51 51 51 51 51 96 96 96 96 96 96 96 96 63 63 63 54 54 54 54 54 54 54 54 54 54 54 54 54 54 18 18 92 92 92 92 92 92 ]
Pmax = [ 377 377 377 377 377 377 377 377 377 404 404 404 323 323 323 323 323 323 323 323 183 183 183 183 183 183 183 365 365 365 365 365 365 365 365 238 238 238 196 196 196 196 196 196 196 196 196 196 196 196 196 196 50 50 349 349 349 349 349 349 ]
cf = [ 8.78719 8.78719 8.78719 8.78719 8.78719 8.78719 8.78719 8.78719 8.78719 19.8556 19.8556 19.8556 28.1253 28.1253 28.1253 28.1253 28.1253 28.1253 28.1253 28.1253 14.1904 14.1904 14.1904 14.1904 14.1904 14.1904 14.1904 68.7032 68.7032 68.7032 68.7032 68.7032 68.7032 68.7032 68.7032 49.6561 49.6561 49.6561 28.6167 28.6167 28.6167 28.6167 28.6167 28.6167 28.6167 28.6167 28.6167 28.6167 28.6167 28.6167 28.6167 28.6167 42.5259 42.5259 34.0112 34.0112 34.0112 34.0112 34.0112 34.0112 ]
c0 = [ 249 249 249 249 249 249 249 249 249 250 250 250 220 220 220 220 220 220 220 220 144 144 144 144 144 144 144 243 243 243 243 243 243 243 243 179 179 179 149 149 149 149 149 149 149 149 149 149 149 149 149 149 59 59 250 250 250 250 250 250 ]
cp = [ 10.3992 10.3992 10.3992 10.3992 10.3992 10.3992 10.3992 10.3992 10.3992 9.1479 9.1479 9.1479 19.7215 19.7215 19.7215 19.7215 19.7215 19.7215 19.7215 19.7215 21.7081 21.7081 21.7081 21.7081 21.7081 21.7081 21.7081 15.234 15.234 15.234 15.234 15.234 15.234 15.234 15.234 26.1999 26.1999 26.1999 34.0569 34.0569 34.0569 34.0569 34.0569 34.0569 34.0569 34.0569 34.0569 34.0569 34.0569 34.0569 34.0569 34.0569 37.9373 37.9373 13.4396 13.4396 13.4396 13.4396 13.4396 13.4396 ]
D = [ 4404 4717 5457 5808 6030 6911 7119 7385 8236 8288 9205 9503 9820 10352 10905 11511 11591 12364 12850 13284 13681 13596 14389 14625 15170 14710 14018 13001 12406 11816 10853 9911 9180 8505 8142 8567 9024 9804 10724 11578 11956 11095 10230 9590 8126 7359 6872 5716 ]
K = 9
nk = [ 1 1 1 1 1 1 1 1 1 2 2 2 3 3 3 3 3 3 3 3 4 4 4 4 4 4 4 5 5 5 5 5 5 5 5 6 6 6 7 7 7 7 7 7 7 7 7 7 7 7 7 7 8 8 9 9 9 9 9 9 ]
First = [ 1 0 0 0 0 0 0 0 0 1 0 0 1 0 0 0 0 0 0 0 1 0 0 0 0 0 0 1 0 0 0 0 0 0 0 1 0 0 1 0 0 0 0 0 0 0 0 0 0 0 0 0 1 0 1 0 0 0 0 0 ]
Last = [ 0 0 0 0 0 0 0 0 1 0 0 1 0 0 0 0 0 0 0 1 0 0 0 0 0 0 1 0 0 0 0 0 0 0 1 0 0 1 0 0 0 0 0 0 0 0 0 0 0 0 0 1 0 1 0 0 0 0 0 1 ]
nS = 1
S = [ 0 1 2 3 4 5 6 7 8 9 10 11 12 13 14 15 16 17 18 19 20 21 22 23 24 25 26 27 28 29 30 31 32 33 34 35 36 37 38 39 40 41 42 43 44 45 46 47 48 49 50 51 52 53 54 55 56 57 58 59 ]
