n = 60 ; 
T = 48 ; 
Init = [ 0 0 0 0 0 0 0 0 0 1 1 1 1 1 1 1 1 1 1 1 1 1 1 1 1 1 1 1 1 0 0 1 1 1 1 1 1 1 1 1 1 1 1 1 1 1 1 1 1 1 1 1 1 1 1 1 1 1 1 0 ]
L = [ 9 9 9 9 9 9 9 9 9 15 15 15 15 15 15 15 15 15 15 15 18 18 18 18 18 18 18 18 18 19 19 4 4 4 4 4 4 4 4 4 4 4 4 20 20 20 20 20 20 20 20 20 20 20 20 20 20 20 20 7 ]
l = [ 9 9 9 9 9 9 9 9 9 15 15 15 15 15 15 15 15 15 15 15 18 18 18 18 18 18 18 18 18 19 19 4 4 4 4 4 4 4 4 4 4 4 4 20 20 20 20 20 20 20 20 20 20 20 20 20 20 20 20 7 ]
Pmin = [ 40 40 40 40 40 40 40 40 40 78 78 78 78 78 78 78 78 78 78 78 94 94 94 94 94 94 94 94 94 100 100 12 12 12 12 12 12 12 12 12 12 12 12 100 100 100 100 100 100 100 100 100 100 100 100 100 100 100 100 37 ]
Pmax = [ 148 148 148 148 148 148 148 148 148 317 317 317 317 317 317 317 317 317 317 317 375 375 375 375 375 375 375 375 375 420 420 28 28 28 28 28 28 28 28 28 28 28 28 420 420 420 420 420 420 420 420 420 420 420 420 420 420 420 420 109 ]
cf = [ 11.0402 11.0402 11.0402 11.0402 11.0402 11.0402 11.0402 11.0402 11.0402 51.3193 51.3193 51.3193 51.3193 51.3193 51.3193 51.3193 51.3193 51.3193 51.3193 51.3193 59.8385 59.8385 59.8385 59.8385 59.8385 59.8385 59.8385 59.8385 59.8385 22.1598 22.1598 34.0198 34.0198 34.0198 34.0198 34.0198 34.0198 34.0198 34.0198 34.0198 34.0198 34.0198 34.0198 68.0139 68.0139 68.0139 68.0139 68.0139 68.0139 68.0139 68.0139 68.0139 68.0139 68.0139 68.0139 68.0139 68.0139 68.0139 68.0139 20.8138 ]
c0 = [ 108 108 108 108 108 108 108 108 108 203 203 203 203 203 203 203 203 203 203 203 237 237 237 237 237 237 237 237 237 250 250 57 57 57 57 57 57 57 57 57 57 57 57 250 250 250 250 250 250 250 250 250 250 250 250 250 250 250 250 106 ]
cp = [ 33.3873 33.3873 33.3873 33.3873 33.3873 33.3873 33.3873 33.3873 33.3873 20.344 20.344 20.344 20.344 20.344 20.344 20.344 20.344 20.344 20.344 20.344 13.1809 13.1809 13.1809 13.1809 13.1809 13.1809 13.1809 13.1809 13.1809 8.03579 8.03579 41.9118 41.9118 41.9118 41.9118 41.9118 41.9118 41.9118 41.9118 41.9118 41.9118 41.9118 41.9118 8.03707 8.03707 8.03707 8.03707 8.03707 8.03707 8.03707 8.03707 8.03707 8.03707 8.03707 8.03707 8.03707 8.03707 8.03707 8.03707 33.9102 ]
D = [ 3873 4254 4746 4682 5750 6079 6021 6950 7232 7596 8246 8331 8910 9407 9781 10124 11000 10863 11470 12171 12616 13037 13077 13586 14032 13368 12953 12412 12023 10940 10611 10028 9534 8610 8172 8869 9044 9967 10506 11172 11372 10664 9518 9049 7750 7188 5974 5112 ]
K = 7
nk = [ 1 1 1 1 1 1 1 1 1 2 2 2 2 2 2 2 2 2 2 2 3 3 3 3 3 3 3 3 3 4 4 5 5 5 5 5 5 5 5 5 5 5 5 6 6 6 6 6 6 6 6 6 6 6 6 6 6 6 6 7 ]
First = [ 1 0 0 0 0 0 0 0 0 1 0 0 0 0 0 0 0 0 0 0 1 0 0 0 0 0 0 0 0 1 0 1 0 0 0 0 0 0 0 0 0 0 0 1 0 0 0 0 0 0 0 0 0 0 0 0 0 0 0 1 ]
Last = [ 0 0 0 0 0 0 0 0 1 0 0 0 0 0 0 0 0 0 0 1 0 0 0 0 0 0 0 0 1 0 1 0 0 0 0 0 0 0 0 0 0 0 1 0 0 0 0 0 0 0 0 0 0 0 0 0 0 0 1 1 ]
nS = 1
S = [ 0 1 2 3 4 5 6 7 8 9 10 11 12 13 14 15 16 17 18 19 20 21 22 23 24 25 26 27 28 29 30 31 32 33 34 35 36 37 38 39 40 41 42 43 44 45 46 47 48 49 50 51 52 53 54 55 56 57 58 59 ]
