n = 60 ; 
T = 48 ; 
Init = [ 1 1 1 1 1 1 1 1 1 1 0 0 0 0 0 0 0 0 0 0 0 0 0 0 1 1 1 1 1 1 1 1 1 1 1 1 1 1 1 0 0 0 0 0 0 0 0 0 0 0 0 0 0 0 0 0 0 0 0 0 ]
L = [ 16 16 16 16 16 16 16 16 16 16 19 19 19 19 7 7 7 7 7 7 7 7 7 7 18 18 18 18 18 18 18 18 18 18 18 18 18 18 18 8 8 8 8 8 10 10 10 10 10 10 10 10 10 10 10 10 10 10 10 10 ]
l = [ 16 16 16 16 16 16 16 16 16 16 19 19 19 19 7 7 7 7 7 7 7 7 7 7 18 18 18 18 18 18 18 18 18 18 18 18 18 18 18 8 8 8 8 8 10 10 10 10 10 10 10 10 10 10 10 10 10 10 10 10 ]
Pmin = [ 92 92 92 92 92 92 92 92 92 92 100 100 100 100 41 41 41 41 41 41 41 41 41 41 97 97 97 97 97 97 97 97 97 97 97 92 92 92 92 37 37 37 37 37 53 53 53 53 53 53 53 53 53 53 53 53 44 44 44 44 ]
Pmax = [ 354 354 354 354 354 354 354 354 354 354 420 420 420 420 130 130 130 130 130 130 130 130 130 130 400 400 400 400 400 400 400 400 400 400 400 371 371 371 371 115 115 115 115 115 177 177 177 177 177 177 177 177 177 177 177 177 169 169 169 169 ]
cf = [ 31.9723 31.9723 31.9723 31.9723 31.9723 31.9723 31.9723 31.9723 31.9723 31.9723 27.4161 27.4161 27.4161 27.4161 50.4213 50.4213 50.4213 50.4213 50.4213 50.4213 50.4213 50.4213 50.4213 50.4213 53.3752 53.3752 53.3752 53.3752 53.3752 53.3752 53.3752 53.3752 53.3752 53.3752 53.3752 10.1864 10.1864 10.1864 10.1864 28.8806 28.8806 28.8806 28.8806 28.8806 40.7928 40.7928 40.7928 40.7928 40.7928 40.7928 40.7928 40.7928 40.7928 40.7928 40.7928 40.7928 35.576 35.576 35.576 35.576 ]
c0 = [ 231 231 231 231 231 231 231 231 231 231 250 250 250 250 123 123 123 123 123 123 123 123 123 123 245 245 245 245 245 245 245 245 245 245 245 241 241 241 241 114 114 114 114 114 147 147 147 147 147 147 147 147 147 147 147 147 127 127 127 127 ]
cp = [ 15.7463 15.7463 15.7463 15.7463 15.7463 15.7463 15.7463 15.7463 15.7463 15.7463 8.75908 8.75908 8.75908 8.75908 33.6969 33.6969 33.6969 33.6969 33.6969 33.6969 33.6969 33.6969 33.6969 33.6969 12.9608 12.9608 12.9608 12.9608 12.9608 12.9608 12.9608 12.9608 12.9608 12.9608 12.9608 15.2483 15.2483 15.2483 15.2483 36.5873 36.5873 36.5873 36.5873 36.5873 29.1924 29.1924 29.1924 29.1924 29.1924 29.1924 29.1924 29.1924 29.1924 29.1924 29.1924 29.1924 36.2401 36.2401 36.2401 36.2401 ]
D = [ 4753 5268 5473 5578 6063 6906 6917 7189 7503 8012 8295 8660 9371 9961 9936 10646 10860 11401 11797 12143 12564 13130 13133 13335 13715 13671 12571 12018 11792 11427 10699 9866 9627 8715 8230 9256 9336 10273 10550 11186 12244 10849 9893 9075 7881 7142 6015 5277 ]
K = 8
nk = [ 1 1 1 1 1 1 1 1 1 1 2 2 2 2 3 3 3 3 3 3 3 3 3 3 4 4 4 4 4 4 4 4 4 4 4 5 5 5 5 6 6 6 6 6 7 7 7 7 7 7 7 7 7 7 7 7 8 8 8 8 ]
First = [ 1 0 0 0 0 0 0 0 0 0 1 0 0 0 1 0 0 0 0 0 0 0 0 0 1 0 0 0 0 0 0 0 0 0 0 1 0 0 0 1 0 0 0 0 1 0 0 0 0 0 0 0 0 0 0 0 1 0 0 0 ]
Last = [ 0 0 0 0 0 0 0 0 0 1 0 0 0 1 0 0 0 0 0 0 0 0 0 1 0 0 0 0 0 0 0 0 0 0 1 0 0 0 1 0 0 0 0 1 0 0 0 0 0 0 0 0 0 0 0 1 0 0 0 1 ]
nS = 1
S = [ 0 1 2 3 4 5 6 7 8 9 10 11 12 13 14 15 16 17 18 19 20 21 22 23 24 25 26 27 28 29 30 31 32 33 34 35 36 37 38 39 40 41 42 43 44 45 46 47 48 49 50 51 52 53 54 55 56 57 58 59 ]
