n = 60 ; 
T = 48 ; 
Init = [ 0 0 0 0 0 0 0 0 0 1 1 1 1 1 1 1 1 1 1 1 0 0 0 0 0 0 0 0 0 0 0 0 1 1 1 1 1 1 1 1 1 1 1 1 1 1 1 1 1 0 0 0 0 0 0 0 0 0 0 0 ]
L = [ 19 19 19 19 19 19 19 19 19 10 10 10 10 10 10 10 10 10 10 10 15 15 15 15 15 15 15 15 15 15 15 15 17 17 17 17 17 17 17 17 17 17 12 12 12 12 16 16 15 18 18 18 18 14 14 14 14 14 14 14 ]
l = [ 19 19 19 19 19 19 19 19 19 10 10 10 10 10 10 10 10 10 10 10 15 15 15 15 15 15 15 15 15 15 15 15 17 17 17 17 17 17 17 17 17 17 12 12 12 12 16 16 15 18 18 18 18 14 14 14 14 14 14 14 ]
Pmin = [ 100 100 100 100 100 100 100 100 100 60 60 60 60 60 60 60 60 60 60 60 78 78 78 78 78 78 78 78 78 78 78 78 93 93 93 93 93 93 93 93 93 93 58 58 58 58 83 83 86 97 97 97 97 78 78 78 78 78 78 78 ]
Pmax = [ 420 420 420 420 420 420 420 420 420 206 206 206 206 206 206 206 206 206 206 206 301 301 301 301 301 301 301 301 301 301 301 301 358 358 358 358 358 358 358 358 358 358 214 214 214 214 325 325 332 397 397 397 397 314 314 314 314 314 314 314 ]
cf = [ 62.6787 62.6787 62.6787 62.6787 62.6787 62.6787 62.6787 62.6787 62.6787 27.2357 27.2357 27.2357 27.2357 27.2357 27.2357 27.2357 27.2357 27.2357 27.2357 27.2357 40.6745 40.6745 40.6745 40.6745 40.6745 40.6745 40.6745 40.6745 40.6745 40.6745 40.6745 40.6745 24.0453 24.0453 24.0453 24.0453 24.0453 24.0453 24.0453 24.0453 24.0453 24.0453 22.684 22.684 22.684 22.684 53.4979 53.4979 31.545 14.137 14.137 14.137 14.137 18.6334 18.6334 18.6334 18.6334 18.6334 18.6334 18.6334 ]
c0 = [ 250 250 250 250 250 250 250 250 250 166 166 166 166 166 166 166 166 166 166 166 199 199 199 199 199 199 199 199 199 199 199 199 248 248 248 248 248 248 248 248 248 248 165 165 165 165 229 229 221 250 250 250 250 208 208 208 208 208 208 208 ]
cp = [ 9.87691 9.87691 9.87691 9.87691 9.87691 9.87691 9.87691 9.87691 9.87691 26.4363 26.4363 26.4363 26.4363 26.4363 26.4363 26.4363 26.4363 26.4363 26.4363 26.4363 26.6298 26.6298 26.6298 26.6298 26.6298 26.6298 26.6298 26.6298 26.6298 26.6298 26.6298 26.6298 19.003 19.003 19.003 19.003 19.003 19.003 19.003 19.003 19.003 19.003 26.5877 26.5877 26.5877 26.5877 12.6569 12.6569 22.7538 15.792 15.792 15.792 15.792 28.1891 28.1891 28.1891 28.1891 28.1891 28.1891 28.1891 ]
D = [ 4024 4274 4566 5735 5752 6250 6605 7539 7693 8761 9001 9750 9749 10639 11110 11311 11942 12634 13235 13528 14220 15030 14822 15620 15895 15473 14884 14601 13484 12654 11997 11368 11028 10148 10173 10571 10909 11255 12071 12804 13703 12662 11293 10093 9428 8770 7256 6707 ]
K = 9
nk = [ 1 1 1 1 1 1 1 1 1 2 2 2 2 2 2 2 2 2 2 2 3 3 3 3 3 3 3 3 3 3 3 3 4 4 4 4 4 4 4 4 4 4 5 5 5 5 6 6 7 8 8 8 8 9 9 9 9 9 9 9 ]
First = [ 1 0 0 0 0 0 0 0 0 1 0 0 0 0 0 0 0 0 0 0 1 0 0 0 0 0 0 0 0 0 0 0 1 0 0 0 0 0 0 0 0 0 1 0 0 0 1 0 1 1 0 0 0 1 0 0 0 0 0 0 ]
Last = [ 0 0 0 0 0 0 0 0 1 0 0 0 0 0 0 0 0 0 0 1 0 0 0 0 0 0 0 0 0 0 0 1 0 0 0 0 0 0 0 0 0 1 0 0 0 1 0 1 1 0 0 0 1 0 0 0 0 0 0 1 ]
nS = 1
S = [ 0 1 2 3 4 5 6 7 8 9 10 11 12 13 14 15 16 17 18 19 20 21 22 23 24 25 26 27 28 29 30 31 32 33 34 35 36 37 38 39 40 41 42 43 44 45 46 47 48 49 50 51 52 53 54 55 56 57 58 59 ]
