n = 60 ; 
T = 48 ; 
Init = [ 0 0 0 0 0 0 0 0 0 0 0 0 0 0 0 0 0 0 0 0 0 0 0 0 0 0 0 0 0 0 0 0 0 0 0 0 0 0 0 0 0 0 0 0 0 0 0 0 0 0 0 1 1 1 1 1 1 1 1 1 ]
L = [ 18 18 18 18 18 18 18 12 12 12 12 12 12 12 12 12 12 12 12 12 12 12 19 19 19 19 19 19 19 19 19 19 19 19 19 19 19 19 19 19 19 19 19 19 19 19 19 19 19 19 19 13 13 13 13 13 13 13 20 20 ]
l = [ 18 18 18 18 18 18 18 12 12 12 12 12 12 12 12 12 12 12 12 12 12 12 19 19 19 19 19 19 19 19 19 19 19 19 19 19 19 19 19 19 19 19 19 19 19 19 19 19 19 19 19 13 13 13 13 13 13 13 20 20 ]
Pmin = [ 100 100 100 100 100 100 100 59 59 59 59 59 59 59 59 59 59 59 59 59 59 59 100 100 100 100 100 100 100 100 100 100 100 100 100 100 100 100 100 100 100 100 100 100 100 100 100 100 100 100 100 66 66 66 66 66 66 66 100 100 ]
Pmax = [ 399 399 399 399 399 399 399 228 228 228 228 228 228 228 228 228 228 228 228 228 228 228 402 402 402 402 402 402 402 402 402 402 402 402 402 402 402 402 402 402 402 402 402 402 402 402 402 402 402 402 402 270 270 270 270 270 270 270 420 420 ]
cf = [ 40.9949 40.9949 40.9949 40.9949 40.9949 40.9949 40.9949 9.09687 9.09687 9.09687 9.09687 9.09687 9.09687 9.09687 9.09687 9.09687 9.09687 9.09687 9.09687 9.09687 9.09687 9.09687 30.2849 30.2849 30.2849 30.2849 30.2849 30.2849 30.2849 30.2849 30.2849 30.2849 30.2849 30.2849 30.2849 30.2849 30.2849 30.2849 30.2849 30.2849 30.2849 30.2849 30.2849 30.2849 30.2849 30.2849 30.2849 30.2849 30.2849 30.2849 30.2849 56.4935 56.4935 56.4935 56.4935 56.4935 56.4935 56.4935 39.0932 39.0932 ]
c0 = [ 250 250 250 250 250 250 250 171 171 171 171 171 171 171 171 171 171 171 171 171 171 171 250 250 250 250 250 250 250 250 250 250 250 250 250 250 250 250 250 250 250 250 250 250 250 250 250 250 250 250 250 185 185 185 185 185 185 185 250 250 ]
cp = [ 9.97159 9.97159 9.97159 9.97159 9.97159 9.97159 9.97159 19.6274 19.6274 19.6274 19.6274 19.6274 19.6274 19.6274 19.6274 19.6274 19.6274 19.6274 19.6274 19.6274 19.6274 19.6274 12.3857 12.3857 12.3857 12.3857 12.3857 12.3857 12.3857 12.3857 12.3857 12.3857 12.3857 12.3857 12.3857 12.3857 12.3857 12.3857 12.3857 12.3857 12.3857 12.3857 12.3857 12.3857 12.3857 12.3857 12.3857 12.3857 12.3857 12.3857 12.3857 30.2569 30.2569 30.2569 30.2569 30.2569 30.2569 30.2569 8.67201 8.67201 ]
D = [ 4098 4830 5357 5870 6905 7551 7576 8179 8514 9628 10198 10165 10629 11890 12449 12245 13299 13625 13903 14400 14955 16184 16169 16509 17432 16669 15745 15599 14257 13955 13135 12109 11999 11167 10113 11327 12252 13159 13613 15156 15814 14099 12870 12078 10261 9051 8339 7035 ]
K = 5
nk = [ 1 1 1 1 1 1 1 2 2 2 2 2 2 2 2 2 2 2 2 2 2 2 3 3 3 3 3 3 3 3 3 3 3 3 3 3 3 3 3 3 3 3 3 3 3 3 3 3 3 3 3 4 4 4 4 4 4 4 5 5 ]
First = [ 1 0 0 0 0 0 0 1 0 0 0 0 0 0 0 0 0 0 0 0 0 0 1 0 0 0 0 0 0 0 0 0 0 0 0 0 0 0 0 0 0 0 0 0 0 0 0 0 0 0 0 1 0 0 0 0 0 0 1 0 ]
Last = [ 0 0 0 0 0 0 1 0 0 0 0 0 0 0 0 0 0 0 0 0 0 1 0 0 0 0 0 0 0 0 0 0 0 0 0 0 0 0 0 0 0 0 0 0 0 0 0 0 0 0 1 0 0 0 0 0 0 1 0 1 ]
nS = 1
S = [ 0 1 2 3 4 5 6 7 8 9 10 11 12 13 14 15 16 17 18 19 20 21 22 23 24 25 26 27 28 29 30 31 32 33 34 35 36 37 38 39 40 41 42 43 44 45 46 47 48 49 50 51 52 53 54 55 56 57 58 59 ]
