n = 60 ; 
T = 48 ; 
Init = [ 0 1 1 1 1 1 1 1 1 0 0 0 0 0 0 0 0 0 0 0 1 1 1 1 1 1 1 1 1 1 1 1 1 1 1 0 0 0 1 1 1 1 1 0 0 0 0 1 1 1 1 1 1 1 1 1 1 0 0 0 ]
L = [ 16 16 16 11 11 11 11 11 11 17 17 17 17 17 17 17 17 17 17 17 7 7 7 7 17 17 17 17 17 17 17 17 17 17 17 9 9 9 6 6 6 6 6 18 18 18 18 18 18 18 18 18 18 18 18 18 18 8 8 8 ]
l = [ 16 16 16 11 11 11 11 11 11 17 17 17 17 17 17 17 17 17 17 17 7 7 7 7 17 17 17 17 17 17 17 17 17 17 17 9 9 9 6 6 6 6 6 18 18 18 18 18 18 18 18 18 18 18 18 18 18 8 8 8 ]
Pmin = [ 86 84 84 52 52 52 52 52 52 100 100 100 100 100 100 100 100 100 100 100 32 32 32 32 98 98 98 98 98 98 98 98 98 98 98 46 46 46 30 30 30 30 30 95 95 95 95 93 93 93 93 93 93 93 93 93 93 38 38 38 ]
Pmax = [ 351 347 347 208 208 208 208 208 208 390 390 390 390 390 390 390 390 390 390 390 96 96 96 96 372 372 372 372 372 372 372 372 372 372 372 160 160 160 115 115 115 115 115 390 390 390 390 375 375 375 375 375 375 375 375 375 375 114 114 114 ]
cf = [ 58.1491 7.09165 7.09165 45.6621 45.6621 45.6621 45.6621 45.6621 45.6621 66.3031 66.3031 66.3031 66.3031 66.3031 66.3031 66.3031 66.3031 66.3031 66.3031 66.3031 67.4466 67.4466 67.4466 67.4466 15.7125 15.7125 15.7125 15.7125 15.7125 15.7125 15.7125 15.7125 15.7125 15.7125 15.7125 35.9959 35.9959 35.9959 22.8753 22.8753 22.8753 22.8753 22.8753 35.4315 35.4315 35.4315 35.4315 45.8826 45.8826 45.8826 45.8826 45.8826 45.8826 45.8826 45.8826 45.8826 45.8826 46.972 46.972 46.972 ]
c0 = [ 218 215 215 140 140 140 140 140 140 250 250 250 250 250 250 250 250 250 250 250 97 97 97 97 250 250 250 250 250 250 250 250 250 250 250 138 138 138 96 96 96 96 96 239 239 239 239 245 245 245 245 245 245 245 245 245 245 103 103 103 ]
cp = [ 25.2855 23.9255 23.9255 35.0678 35.0678 35.0678 35.0678 35.0678 35.0678 11.888 11.888 11.888 11.888 11.888 11.888 11.888 11.888 11.888 11.888 11.888 36.6258 36.6258 36.6258 36.6258 18.3804 18.3804 18.3804 18.3804 18.3804 18.3804 18.3804 18.3804 18.3804 18.3804 18.3804 24.9668 24.9668 24.9668 35.3936 35.3936 35.3936 35.3936 35.3936 11.2877 11.2877 11.2877 11.2877 13.679 13.679 13.679 13.679 13.679 13.679 13.679 13.679 13.679 13.679 35.7728 35.7728 35.7728 ]
D = [ 5092 5685 5628 6208 6600 7415 7764 7966 8695 8481 9486 9483 10013 10471 10536 10899 11415 12287 12525 12543 13057 13223 14307 14626 14968 14132 13768 12745 12306 11479 11402 10783 10150 9617 8469 9226 10505 11414 11974 12873 13879 12496 11155 10455 9130 8165 7429 6222 ]
K = 11
nk = [ 1 2 2 3 3 3 3 3 3 4 4 4 4 4 4 4 4 4 4 4 5 5 5 5 6 6 6 6 6 6 6 6 6 6 6 7 7 7 8 8 8 8 8 9 9 9 9 10 10 10 10 10 10 10 10 10 10 11 11 11 ]
First = [ 1 1 0 1 0 0 0 0 0 1 0 0 0 0 0 0 0 0 0 0 1 0 0 0 1 0 0 0 0 0 0 0 0 0 0 1 0 0 1 0 0 0 0 1 0 0 0 1 0 0 0 0 0 0 0 0 0 1 0 0 ]
Last = [ 1 0 1 0 0 0 0 0 1 0 0 0 0 0 0 0 0 0 0 1 0 0 0 1 0 0 0 0 0 0 0 0 0 0 1 0 0 1 0 0 0 0 1 0 0 0 1 0 0 0 0 0 0 0 0 0 1 0 0 1 ]
nS = 1
S = [ 0 1 2 3 4 5 6 7 8 9 10 11 12 13 14 15 16 17 18 19 20 21 22 23 24 25 26 27 28 29 30 31 32 33 34 35 36 37 38 39 40 41 42 43 44 45 46 47 48 49 50 51 52 53 54 55 56 57 58 59 ]
