n = 60 ; 
T = 48 ; 
Init = [ 0 0 0 0 1 1 1 1 1 1 1 1 0 0 0 0 0 0 0 0 0 0 0 0 0 0 0 0 0 0 0 0 0 1 1 1 1 1 1 1 1 1 1 1 1 1 1 0 0 0 0 0 1 1 1 1 1 1 1 1 ]
L = [ 16 16 16 16 7 7 7 7 7 7 7 7 17 7 7 7 7 7 7 7 10 10 10 10 10 10 10 11 11 11 11 11 11 19 19 19 19 19 19 19 14 14 14 14 14 14 14 8 8 8 8 17 17 17 17 17 17 17 17 17 ]
l = [ 16 16 16 16 7 7 7 7 7 7 7 7 17 7 7 7 7 7 7 7 10 10 10 10 10 10 10 11 11 11 11 11 11 19 19 19 19 19 19 19 14 14 14 14 14 14 14 8 8 8 8 17 17 17 17 17 17 17 17 17 ]
Pmin = [ 90 90 90 90 31 31 31 31 31 31 31 31 91 35 35 35 35 35 35 35 54 54 54 54 54 54 54 57 57 57 57 57 57 100 100 100 100 100 100 100 70 70 70 70 70 70 70 41 41 41 41 95 86 86 86 86 86 86 86 86 ]
Pmax = [ 346 346 346 346 105 105 105 105 105 105 105 105 372 126 126 126 126 126 126 126 193 193 193 193 193 193 193 204 204 204 204 204 204 414 414 414 414 414 414 414 276 276 276 276 276 276 276 134 134 134 134 366 354 354 354 354 354 354 354 354 ]
cf = [ 46.9686 46.9686 46.9686 46.9686 48.5119 48.5119 48.5119 48.5119 48.5119 48.5119 48.5119 48.5119 33.2653 64.974 64.974 64.974 64.974 64.974 64.974 64.974 47.4234 47.4234 47.4234 47.4234 47.4234 47.4234 47.4234 65.3359 65.3359 65.3359 65.3359 65.3359 65.3359 53.7644 53.7644 53.7644 53.7644 53.7644 53.7644 53.7644 68.0332 68.0332 68.0332 68.0332 68.0332 68.0332 68.0332 7.30877 7.30877 7.30877 7.30877 13.8734 44.3505 44.3505 44.3505 44.3505 44.3505 44.3505 44.3505 44.3505 ]
c0 = [ 243 243 243 243 93 93 93 93 93 93 93 93 248 102 102 102 102 102 102 102 152 152 152 152 152 152 152 156 156 156 156 156 156 250 250 250 250 250 250 250 190 190 190 190 190 190 190 115 115 115 115 241 222 222 222 222 222 222 222 222 ]
cp = [ 21.3004 21.3004 21.3004 21.3004 32.0519 32.0519 32.0519 32.0519 32.0519 32.0519 32.0519 32.0519 14.252 37.5874 37.5874 37.5874 37.5874 37.5874 37.5874 37.5874 29.8802 29.8802 29.8802 29.8802 29.8802 29.8802 29.8802 23.8229 23.8229 23.8229 23.8229 23.8229 23.8229 12.4705 12.4705 12.4705 12.4705 12.4705 12.4705 12.4705 19.4979 19.4979 19.4979 19.4979 19.4979 19.4979 19.4979 28.3319 28.3319 28.3319 28.3319 12.7658 16.9246 16.9246 16.9246 16.9246 16.9246 16.9246 16.9246 16.9246 ]
D = [ 2818 3529 3958 4379 4443 4850 5420 5703 5882 6309 6519 7095 7452 7752 7954 8396 8834 9300 9489 9808 10316 10733 11257 11214 12010 11587 10714 10422 9768 9433 9244 8554 7977 7848 7210 7902 8216 8769 9375 10085 10696 9668 8526 7650 7138 5829 5025 3998 ]
K = 11
nk = [ 1 1 1 1 2 2 2 2 2 2 2 2 3 4 4 4 4 4 4 4 5 5 5 5 5 5 5 6 6 6 6 6 6 7 7 7 7 7 7 7 8 8 8 8 8 8 8 9 9 9 9 10 11 11 11 11 11 11 11 11 ]
First = [ 1 0 0 0 1 0 0 0 0 0 0 0 1 1 0 0 0 0 0 0 1 0 0 0 0 0 0 1 0 0 0 0 0 1 0 0 0 0 0 0 1 0 0 0 0 0 0 1 0 0 0 1 1 0 0 0 0 0 0 0 ]
Last = [ 0 0 0 1 0 0 0 0 0 0 0 1 1 0 0 0 0 0 0 1 0 0 0 0 0 0 1 0 0 0 0 0 1 0 0 0 0 0 0 1 0 0 0 0 0 0 1 0 0 0 1 1 0 0 0 0 0 0 0 1 ]
nS = 1
S = [ 0 1 2 3 4 5 6 7 8 9 10 11 12 13 14 15 16 17 18 19 20 21 22 23 24 25 26 27 28 29 30 31 32 33 34 35 36 37 38 39 40 41 42 43 44 45 46 47 48 49 50 51 52 53 54 55 56 57 58 59 ]
