n = 60 ; 
T = 48 ; 
Init = [ 0 0 0 0 0 0 0 0 0 0 0 0 0 0 0 1 1 1 1 1 1 1 1 0 0 0 0 0 0 0 0 0 0 0 0 0 0 0 1 1 1 1 1 1 1 1 1 1 1 1 1 1 1 0 0 0 0 0 0 0 ]
L = [ 5 5 5 5 5 5 5 5 5 5 5 5 5 5 5 4 4 4 4 4 4 4 4 9 9 9 9 9 9 9 9 9 9 9 9 9 9 9 10 10 10 10 15 15 15 15 15 15 15 15 15 15 15 15 15 15 15 15 15 15 ]
l = [ 5 5 5 5 5 5 5 5 5 5 5 5 5 5 5 4 4 4 4 4 4 4 4 9 9 9 9 9 9 9 9 9 9 9 9 9 9 9 10 10 10 10 15 15 15 15 15 15 15 15 15 15 15 15 15 15 15 15 15 15 ]
Pmin = [ 23 23 23 23 23 23 23 23 23 23 23 23 23 23 23 22 22 22 22 22 22 22 22 41 41 41 41 41 41 41 41 41 41 41 41 41 41 41 54 54 54 54 83 83 83 83 83 83 83 83 83 83 83 75 75 75 75 75 75 75 ]
Pmax = [ 65 65 65 65 65 65 65 65 65 65 65 65 65 65 65 44 44 44 44 44 44 44 44 143 143 143 143 143 143 143 143 143 143 143 143 143 143 143 205 205 205 205 340 340 340 340 340 340 340 340 340 340 340 294 294 294 294 294 294 294 ]
cf = [ 9.53861 9.53861 9.53861 9.53861 9.53861 9.53861 9.53861 9.53861 9.53861 9.53861 9.53861 9.53861 9.53861 9.53861 9.53861 23.4914 23.4914 23.4914 23.4914 23.4914 23.4914 23.4914 23.4914 17.5234 17.5234 17.5234 17.5234 17.5234 17.5234 17.5234 17.5234 17.5234 17.5234 17.5234 17.5234 17.5234 17.5234 17.5234 17.3632 17.3632 17.3632 17.3632 52.7203 52.7203 52.7203 52.7203 52.7203 52.7203 52.7203 52.7203 52.7203 52.7203 52.7203 24.7945 24.7945 24.7945 24.7945 24.7945 24.7945 24.7945 ]
c0 = [ 69 69 69 69 69 69 69 69 69 69 69 69 69 69 69 76 76 76 76 76 76 76 76 110 110 110 110 110 110 110 110 110 110 110 110 110 110 110 156 156 156 156 209 209 209 209 209 209 209 209 209 209 209 193 193 193 193 193 193 193 ]
cp = [ 36.1122 36.1122 36.1122 36.1122 36.1122 36.1122 36.1122 36.1122 36.1122 36.1122 36.1122 36.1122 36.1122 36.1122 36.1122 41.9697 41.9697 41.9697 41.9697 41.9697 41.9697 41.9697 41.9697 32.9519 32.9519 32.9519 32.9519 32.9519 32.9519 32.9519 32.9519 32.9519 32.9519 32.9519 32.9519 32.9519 32.9519 32.9519 27.0467 27.0467 27.0467 27.0467 20.5145 20.5145 20.5145 20.5145 20.5145 20.5145 20.5145 20.5145 20.5145 20.5145 20.5145 17.8249 17.8249 17.8249 17.8249 17.8249 17.8249 17.8249 ]
D = [ 2977 2938 3157 3760 3991 4238 4278 4625 4687 4882 5370 5684 5907 6023 6268 6308 6845 6862 7153 7436 7821 8005 8070 8256 8725 8342 8093 7410 7254 6838 6366 6094 5798 5301 4986 5406 5641 6255 6374 6831 7395 6750 5867 5403 4630 4152 3484 2599 ]
K = 6
nk = [ 1 1 1 1 1 1 1 1 1 1 1 1 1 1 1 2 2 2 2 2 2 2 2 3 3 3 3 3 3 3 3 3 3 3 3 3 3 3 4 4 4 4 5 5 5 5 5 5 5 5 5 5 5 6 6 6 6 6 6 6 ]
First = [ 1 0 0 0 0 0 0 0 0 0 0 0 0 0 0 1 0 0 0 0 0 0 0 1 0 0 0 0 0 0 0 0 0 0 0 0 0 0 1 0 0 0 1 0 0 0 0 0 0 0 0 0 0 1 0 0 0 0 0 0 ]
Last = [ 0 0 0 0 0 0 0 0 0 0 0 0 0 0 1 0 0 0 0 0 0 0 1 0 0 0 0 0 0 0 0 0 0 0 0 0 0 1 0 0 0 1 0 0 0 0 0 0 0 0 0 0 1 0 0 0 0 0 0 1 ]
nS = 1
S = [ 0 1 2 3 4 5 6 7 8 9 10 11 12 13 14 15 16 17 18 19 20 21 22 23 24 25 26 27 28 29 30 31 32 33 34 35 36 37 38 39 40 41 42 43 44 45 46 47 48 49 50 51 52 53 54 55 56 57 58 59 ]
