n = 60 ; 
T = 48 ; 
Init = [ 1 1 1 1 1 1 1 1 1 1 1 1 0 0 0 0 0 1 1 1 1 1 1 1 0 0 0 0 0 1 1 1 1 1 1 1 1 1 1 1 1 1 0 0 0 1 1 1 1 1 1 1 0 0 0 0 0 0 1 1 ]
L = [ 20 20 20 20 20 20 20 20 20 20 18 18 20 20 20 20 20 7 8 8 8 8 15 15 20 20 20 6 6 15 15 15 15 15 15 15 15 12 12 12 12 12 5 12 12 12 12 12 12 12 12 12 18 18 18 18 7 7 13 13 ]
l = [ 20 20 20 20 20 20 20 20 20 20 18 18 20 20 20 20 20 7 8 8 8 8 15 15 20 20 20 6 6 15 15 15 15 15 15 15 15 12 12 12 12 12 5 12 12 12 12 12 12 12 12 12 18 18 18 18 7 7 13 13 ]
Pmin = [ 100 100 100 100 100 100 100 100 100 100 96 96 100 100 100 100 100 29 33 33 33 33 86 86 100 100 100 28 28 85 85 85 85 85 85 85 85 68 68 68 68 68 17 65 65 68 68 68 68 68 68 68 94 94 94 94 35 35 78 78 ]
Pmax = [ 420 420 420 420 420 420 420 420 420 420 394 394 420 420 420 420 420 104 114 114 114 114 333 333 414 414 414 85 85 324 324 324 324 324 324 324 324 245 245 245 245 245 47 233 233 252 252 252 252 252 252 252 385 385 385 385 105 105 290 290 ]
cf = [ 55.5883 55.5883 55.5883 55.5883 55.5883 55.5883 55.5883 55.5883 55.5883 55.5883 43.5391 43.5391 31.5416 31.5416 31.5416 31.5416 31.5416 26.1188 40.1628 40.1628 40.1628 40.1628 17.7832 17.7832 20.2943 20.2943 20.2943 8.13998 8.13998 18.9327 18.9327 18.9327 18.9327 18.9327 18.9327 18.9327 18.9327 56.182 56.182 56.182 56.182 56.182 11.7206 39.3297 39.3297 14.4749 14.4749 14.4749 14.4749 14.4749 14.4749 14.4749 43.6239 43.6239 43.6239 43.6239 37.9126 37.9126 20.4793 20.4793 ]
c0 = [ 250 250 250 250 250 250 250 250 250 250 250 250 250 250 250 250 250 99 99 99 99 99 228 228 250 250 250 94 94 227 227 227 227 227 227 227 227 180 180 180 180 180 68 177 177 187 187 187 187 187 187 187 250 250 250 250 95 95 203 203 ]
cp = [ 8.26523 8.26523 8.26523 8.26523 8.26523 8.26523 8.26523 8.26523 8.26523 8.26523 19.3155 19.3155 9.26325 9.26325 9.26325 9.26325 9.26325 25.5159 36.0569 36.0569 36.0569 36.0569 21.5895 21.5895 8.03466 8.03466 8.03466 33.8943 33.8943 11.3474 11.3474 11.3474 11.3474 11.3474 11.3474 11.3474 11.3474 26.0708 26.0708 26.0708 26.0708 26.0708 40.7101 25.4019 25.4019 27.973 27.973 27.973 27.973 27.973 27.973 27.973 13.5548 13.5548 13.5548 13.5548 29.4233 29.4233 16.8025 16.8025 ]
D = [ 5213 5466 5769 6349 7253 7516 8052 8368 8909 9116 9905 9933 10334 10795 11453 12184 12502 12963 13010 14021 13886 14764 15129 15510 16072 15392 14472 13819 13512 12325 11683 11246 10584 9787 9475 10038 11277 11823 12245 13569 14591 13238 12024 10157 8809 7797 6204 5443 ]
K = 16
nk = [ 1 1 1 1 1 1 1 1 1 1 2 2 3 3 3 3 3 4 5 5 5 5 6 6 7 7 7 8 8 9 9 9 9 9 9 9 9 10 10 10 10 10 11 12 12 13 13 13 13 13 13 13 14 14 14 14 15 15 16 16 ]
First = [ 1 0 0 0 0 0 0 0 0 0 1 0 1 0 0 0 0 1 1 0 0 0 1 0 1 0 0 1 0 1 0 0 0 0 0 0 0 1 0 0 0 0 1 1 0 1 0 0 0 0 0 0 1 0 0 0 1 0 1 0 ]
Last = [ 0 0 0 0 0 0 0 0 0 1 0 1 0 0 0 0 1 1 0 0 0 1 0 1 0 0 1 0 1 0 0 0 0 0 0 0 1 0 0 0 0 1 1 0 1 0 0 0 0 0 0 1 0 0 0 1 0 1 0 1 ]
nS = 1
S = [ 0 1 2 3 4 5 6 7 8 9 10 11 12 13 14 15 16 17 18 19 20 21 22 23 24 25 26 27 28 29 30 31 32 33 34 35 36 37 38 39 40 41 42 43 44 45 46 47 48 49 50 51 52 53 54 55 56 57 58 59 ]
