n = 60 ; 
T = 48 ; 
Init = [ 1 1 1 1 1 1 1 1 0 0 0 0 0 0 0 0 1 1 1 1 0 0 1 1 1 1 1 1 0 0 0 1 1 1 1 1 1 1 1 1 1 0 0 0 0 0 0 0 0 1 1 1 0 0 0 0 0 0 0 0 ]
L = [ 18 18 18 18 18 18 18 18 16 16 16 16 16 16 16 16 13 13 13 13 14 14 13 13 13 13 13 13 14 14 14 5 5 5 5 5 5 5 5 5 5 7 7 7 16 16 16 16 16 20 20 20 7 7 7 7 7 7 8 8 ]
l = [ 18 18 18 18 18 18 18 18 16 16 16 16 16 16 16 16 13 13 13 13 14 14 13 13 13 13 13 13 14 14 14 5 5 5 5 5 5 5 5 5 5 7 7 7 16 16 16 16 16 20 20 20 7 7 7 7 7 7 8 8 ]
Pmin = [ 100 100 100 100 100 100 100 100 91 91 91 91 91 91 91 91 73 73 73 73 72 72 67 67 67 67 67 67 78 78 78 28 28 28 28 28 28 28 28 28 28 33 33 33 89 89 89 89 89 100 100 100 37 37 37 37 37 37 35 35 ]
Pmax = [ 390 390 390 390 390 390 390 390 348 348 348 348 348 348 348 348 282 282 282 282 275 275 256 256 256 256 256 256 306 306 306 85 85 85 85 85 85 85 85 85 85 124 124 124 359 359 359 359 359 420 420 420 123 123 123 123 123 123 115 115 ]
cf = [ 22.5425 22.5425 22.5425 22.5425 22.5425 22.5425 22.5425 22.5425 14.9721 14.9721 14.9721 14.9721 14.9721 14.9721 14.9721 14.9721 64.963 64.963 64.963 64.963 43.1644 43.1644 23.3179 23.3179 23.3179 23.3179 23.3179 23.3179 50.1318 50.1318 50.1318 66.3982 66.3982 66.3982 66.3982 66.3982 66.3982 66.3982 66.3982 66.3982 66.3982 11.7755 11.7755 11.7755 50.8987 50.8987 50.8987 50.8987 50.8987 67.7708 67.7708 67.7708 49.113 49.113 49.113 49.113 49.113 49.113 50.3852 50.3852 ]
c0 = [ 250 250 250 250 250 250 250 250 247 247 247 247 247 247 247 247 189 189 189 189 197 197 172 172 172 172 172 172 212 212 212 83 83 83 83 83 83 83 83 83 83 104 104 104 240 240 240 240 240 250 250 250 113 113 113 113 113 113 101 101 ]
cp = [ 13.9175 13.9175 13.9175 13.9175 13.9175 13.9175 13.9175 13.9175 13.4177 13.4177 13.4177 13.4177 13.4177 13.4177 13.4177 13.4177 23.9296 23.9296 23.9296 23.9296 23.3597 23.3597 27.4517 27.4517 27.4517 27.4517 27.4517 27.4517 24.4339 24.4339 24.4339 39.6504 39.6504 39.6504 39.6504 39.6504 39.6504 39.6504 39.6504 39.6504 39.6504 32.4139 32.4139 32.4139 10.2273 10.2273 10.2273 10.2273 10.2273 8.15081 8.15081 8.15081 31.8526 31.8526 31.8526 31.8526 31.8526 31.8526 22.2227 22.2227 ]
D = [ 3898 4499 4513 5177 5302 5500 6434 6513 6908 7432 7446 8313 8591 8669 9161 9571 10110 10519 11017 11015 11535 12137 12317 13042 13027 12376 12121 11491 11062 10356 10158 9288 8796 8837 8244 8511 9384 9748 10319 10588 11090 10433 9107 8035 7070 6460 5411 4598 ]
K = 12
nk = [ 1 1 1 1 1 1 1 1 2 2 2 2 2 2 2 2 3 3 3 3 4 4 5 5 5 5 5 5 6 6 6 7 7 7 7 7 7 7 7 7 7 8 8 8 9 9 9 9 9 10 10 10 11 11 11 11 11 11 12 12 ]
First = [ 1 0 0 0 0 0 0 0 1 0 0 0 0 0 0 0 1 0 0 0 1 0 1 0 0 0 0 0 1 0 0 1 0 0 0 0 0 0 0 0 0 1 0 0 1 0 0 0 0 1 0 0 1 0 0 0 0 0 1 0 ]
Last = [ 0 0 0 0 0 0 0 1 0 0 0 0 0 0 0 1 0 0 0 1 0 1 0 0 0 0 0 1 0 0 1 0 0 0 0 0 0 0 0 0 1 0 0 1 0 0 0 0 1 0 0 1 0 0 0 0 0 1 0 1 ]
nS = 1
S = [ 0 1 2 3 4 5 6 7 8 9 10 11 12 13 14 15 16 17 18 19 20 21 22 23 24 25 26 27 28 29 30 31 32 33 34 35 36 37 38 39 40 41 42 43 44 45 46 47 48 49 50 51 52 53 54 55 56 57 58 59 ]
