n = 60 ; 
T = 48 ; 
Init = [ 0 0 0 0 0 0 0 0 0 0 1 1 1 1 1 1 1 0 0 0 0 1 1 1 0 0 0 0 0 0 1 1 1 1 0 0 0 0 0 0 0 0 0 0 1 1 1 1 1 1 1 1 1 0 0 0 0 0 0 0 ]
L = [ 11 11 11 11 11 11 11 11 11 11 13 13 13 13 13 8 8 6 8 8 8 16 6 6 17 17 12 12 12 12 12 12 12 12 18 18 18 18 18 18 18 18 18 18 16 16 16 16 16 16 16 16 16 16 5 7 7 7 7 7 ]
l = [ 11 11 11 11 11 11 11 11 11 11 13 13 13 13 13 8 8 6 8 8 8 16 6 6 17 17 12 12 12 12 12 12 12 12 18 18 18 18 18 18 18 18 18 18 16 16 16 16 16 16 16 16 16 16 5 7 7 7 7 7 ]
Pmin = [ 62 62 62 62 62 62 62 62 62 62 70 70 70 70 70 39 39 21 40 40 40 90 27 27 100 100 64 64 64 64 68 68 68 68 95 95 95 95 95 95 95 95 95 95 78 78 78 78 78 78 78 78 78 94 24 34 34 34 34 34 ]
Pmax = [ 222 222 222 222 222 222 222 222 222 222 271 271 271 271 271 149 149 75 126 126 126 357 82 82 386 386 228 228 228 228 241 241 241 241 389 389 389 389 389 389 389 389 389 389 319 319 319 319 319 319 319 319 319 353 69 99 99 99 99 99 ]
cf = [ 23.5455 23.5455 23.5455 23.5455 23.5455 23.5455 23.5455 23.5455 23.5455 23.5455 14.0343 14.0343 14.0343 14.0343 14.0343 18.5127 18.5127 25.69 10.7407 10.7407 10.7407 17.0931 28.8219 28.8219 32.6067 32.6067 61.8869 61.8869 61.8869 61.8869 7.79393 7.79393 7.79393 7.79393 10.9988 10.9988 10.9988 10.9988 10.9988 10.9988 10.9988 10.9988 10.9988 10.9988 38.5332 38.5332 38.5332 38.5332 38.5332 38.5332 38.5332 38.5332 38.5332 59.4634 63.9903 34.0504 34.0504 34.0504 34.0504 34.0504 ]
c0 = [ 160 160 160 160 160 160 160 160 160 160 199 199 199 199 199 107 107 72 108 108 108 235 93 93 250 250 172 172 172 172 193 193 193 193 241 241 241 241 241 241 241 241 241 241 201 201 201 201 201 201 201 201 201 241 86 93 93 93 93 93 ]
cp = [ 27.163 27.163 27.163 27.163 27.163 27.163 27.163 27.163 27.163 27.163 20.9686 20.9686 20.9686 20.9686 20.9686 28.1042 28.1042 40.1112 32.739 32.739 32.739 28.9661 35.2312 35.2312 19.835 19.835 20.4469 20.4469 20.4469 20.4469 19.1247 19.1247 19.1247 19.1247 16.106 16.106 16.106 16.106 16.106 16.106 16.106 16.106 16.106 16.106 18.8712 18.8712 18.8712 18.8712 18.8712 18.8712 18.8712 18.8712 18.8712 15.0169 39.1012 30.1012 30.1012 30.1012 30.1012 30.1012 ]
D = [ 4696 4525 5260 5424 5618 6125 6767 6750 7295 7401 7825 8118 8917 8767 9276 9436 10312 10349 10830 10849 11508 11926 12234 12822 12888 12444 12019 11434 10739 10067 9767 9098 8508 7983 7126 8307 9258 10012 10216 11359 11866 11010 10356 8965 8213 7108 6130 5294 ]
K = 15
nk = [ 1 1 1 1 1 1 1 1 1 1 2 2 2 2 2 3 3 4 5 5 5 6 7 7 8 8 9 9 9 9 10 10 10 10 11 11 11 11 11 11 11 11 11 11 12 12 12 12 12 12 12 12 12 13 14 15 15 15 15 15 ]
First = [ 1 0 0 0 0 0 0 0 0 0 1 0 0 0 0 1 0 1 1 0 0 1 1 0 1 0 1 0 0 0 1 0 0 0 1 0 0 0 0 0 0 0 0 0 1 0 0 0 0 0 0 0 0 1 1 1 0 0 0 0 ]
Last = [ 0 0 0 0 0 0 0 0 0 1 0 0 0 0 1 0 1 1 0 0 1 1 0 1 0 1 0 0 0 1 0 0 0 1 0 0 0 0 0 0 0 0 0 1 0 0 0 0 0 0 0 0 1 1 1 0 0 0 0 1 ]
nS = 1
S = [ 0 1 2 3 4 5 6 7 8 9 10 11 12 13 14 15 16 17 18 19 20 21 22 23 24 25 26 27 28 29 30 31 32 33 34 35 36 37 38 39 40 41 42 43 44 45 46 47 48 49 50 51 52 53 54 55 56 57 58 59 ]
