n = 60 ; 
T = 48 ; 
Init = [ 0 0 0 1 1 1 1 1 1 1 1 1 1 1 1 1 1 1 1 1 1 1 1 1 1 1 1 1 1 0 0 0 0 0 0 0 0 0 0 0 0 0 0 0 0 0 0 0 0 1 1 1 1 1 1 0 1 1 1 1 ]
L = [ 10 10 10 17 17 17 18 18 18 18 18 18 18 5 5 5 5 5 5 5 5 18 18 18 18 18 18 18 18 8 8 8 8 8 8 8 8 8 8 8 5 5 5 9 9 9 9 9 9 17 17 17 17 17 17 6 20 20 20 20 ]
l = [ 10 10 10 17 17 17 18 18 18 18 18 18 18 5 5 5 5 5 5 5 5 18 18 18 18 18 18 18 18 8 8 8 8 8 8 8 8 8 8 8 5 5 5 9 9 9 9 9 9 17 17 17 17 17 17 6 20 20 20 20 ]
Pmin = [ 43 43 43 91 91 91 98 98 98 98 98 98 98 29 29 29 29 29 29 29 29 98 98 98 98 98 98 98 98 42 42 42 42 42 42 42 42 42 42 42 23 23 26 42 42 42 42 42 42 92 92 92 92 92 92 27 100 100 100 100 ]
Pmax = [ 173 173 173 352 352 352 382 382 382 382 382 382 382 94 94 94 94 94 94 94 94 381 381 381 381 381 381 381 381 163 163 163 163 163 163 163 163 163 163 163 74 74 69 166 166 166 166 166 166 350 350 350 350 350 350 84 420 420 420 420 ]
cf = [ 43.5956 43.5956 43.5956 52.3604 52.3604 52.3604 20.7929 20.7929 20.7929 20.7929 20.7929 20.7929 20.7929 60.2399 60.2399 60.2399 60.2399 60.2399 60.2399 60.2399 60.2399 26.2444 26.2444 26.2444 26.2444 26.2444 26.2444 26.2444 26.2444 66.5749 66.5749 66.5749 66.5749 66.5749 66.5749 66.5749 66.5749 66.5749 66.5749 66.5749 7.64397 7.64397 28.2404 67.4131 67.4131 67.4131 67.4131 67.4131 67.4131 26.5435 26.5435 26.5435 26.5435 26.5435 26.5435 14.9835 14.7879 14.7879 14.7879 14.7879 ]
c0 = [ 129 129 129 248 248 248 250 250 250 250 250 250 250 84 84 84 84 84 84 84 84 250 250 250 250 250 250 250 250 122 122 122 122 122 122 122 122 122 122 122 73 73 75 128 128 128 128 128 128 234 234 234 234 234 234 84 250 250 250 250 ]
cp = [ 27.3255 27.3255 27.3255 16.0748 16.0748 16.0748 11.1341 11.1341 11.1341 11.1341 11.1341 11.1341 11.1341 39.3212 39.3212 39.3212 39.3212 39.3212 39.3212 39.3212 39.3212 13.8954 13.8954 13.8954 13.8954 13.8954 13.8954 13.8954 13.8954 35.736 35.736 35.736 35.736 35.736 35.736 35.736 35.736 35.736 35.736 35.736 37.9332 37.9332 41.1255 31.1728 31.1728 31.1728 31.1728 31.1728 31.1728 13.978 13.978 13.978 13.978 13.978 13.978 24.7763 9.28253 9.28253 9.28253 9.28253 ]
D = [ 4224 4301 5041 5232 5860 5970 6424 6898 6973 7623 7856 8428 8489 9152 9471 9800 9962 10653 10746 11353 11551 11817 12268 12920 13437 12434 11982 11301 10639 10125 9616 9310 8495 7751 7259 7824 8539 9252 9317 10327 10715 9907 9188 8531 7411 6633 5928 5190 ]
K = 12
nk = [ 1 1 1 2 2 2 3 3 3 3 3 3 3 4 4 4 4 4 4 4 4 5 5 5 5 5 5 5 5 6 6 6 6 6 6 6 6 6 6 6 7 7 8 9 9 9 9 9 9 10 10 10 10 10 10 11 12 12 12 12 ]
First = [ 1 0 0 1 0 0 1 0 0 0 0 0 0 1 0 0 0 0 0 0 0 1 0 0 0 0 0 0 0 1 0 0 0 0 0 0 0 0 0 0 1 0 1 1 0 0 0 0 0 1 0 0 0 0 0 1 1 0 0 0 ]
Last = [ 0 0 1 0 0 1 0 0 0 0 0 0 1 0 0 0 0 0 0 0 1 0 0 0 0 0 0 0 1 0 0 0 0 0 0 0 0 0 0 1 0 1 1 0 0 0 0 0 1 0 0 0 0 0 1 1 0 0 0 1 ]
nS = 1
S = [ 0 1 2 3 4 5 6 7 8 9 10 11 12 13 14 15 16 17 18 19 20 21 22 23 24 25 26 27 28 29 30 31 32 33 34 35 36 37 38 39 40 41 42 43 44 45 46 47 48 49 50 51 52 53 54 55 56 57 58 59 ]
