n = 60 ; 
T = 48 ; 
Init = [ 1 1 1 1 1 1 1 1 1 1 1 1 1 1 0 0 1 1 1 1 1 1 0 0 0 0 0 0 0 0 0 1 1 1 1 1 1 1 1 1 1 0 0 0 0 0 0 0 0 0 0 0 1 1 1 1 1 1 0 0 ]
L = [ 6 6 6 6 18 18 18 8 8 8 8 8 8 8 20 20 8 8 8 8 8 8 15 15 15 15 15 15 15 15 15 13 13 13 13 13 13 13 13 13 13 8 8 8 8 8 8 18 18 18 18 18 11 11 11 20 20 20 15 15 ]
l = [ 6 6 6 6 18 18 18 8 8 8 8 8 8 8 20 20 8 8 8 8 8 8 15 15 15 15 15 15 15 15 15 13 13 13 13 13 13 13 13 13 13 8 8 8 8 8 8 18 18 18 18 18 11 11 11 20 20 20 15 15 ]
Pmin = [ 21 21 21 21 98 98 98 39 39 39 39 39 39 39 100 100 42 42 42 42 42 42 80 80 80 80 80 80 80 80 80 69 69 69 69 69 69 69 69 69 69 43 43 43 43 43 43 91 91 91 91 91 56 56 56 100 100 100 77 77 ]
Pmax = [ 68 68 68 68 391 391 391 150 150 150 150 150 150 150 420 420 129 129 129 129 129 129 307 307 307 307 307 307 307 307 307 281 281 281 281 281 281 281 281 281 281 141 141 141 141 141 141 377 377 377 377 377 206 206 206 420 420 420 314 314 ]
cf = [ 58.2336 58.2336 58.2336 58.2336 7.55832 7.55832 7.55832 59.3433 59.3433 59.3433 59.3433 59.3433 59.3433 59.3433 9.76401 9.76401 25.6731 25.6731 25.6731 25.6731 25.6731 25.6731 64.7525 64.7525 64.7525 64.7525 64.7525 64.7525 64.7525 64.7525 64.7525 21.9652 21.9652 21.9652 21.9652 21.9652 21.9652 21.9652 21.9652 21.9652 21.9652 47.1536 47.1536 47.1536 47.1536 47.1536 47.1536 51.0748 51.0748 51.0748 51.0748 51.0748 17.0918 17.0918 17.0918 53.3839 53.3839 53.3839 24.8025 24.8025 ]
c0 = [ 80 80 80 80 250 250 250 112 112 112 112 112 112 112 250 250 132 132 132 132 132 132 203 203 203 203 203 203 203 203 203 191 191 191 191 191 191 191 191 191 191 129 129 129 129 129 129 246 246 246 246 246 164 164 164 250 250 250 196 196 ]
cp = [ 37.9072 37.9072 37.9072 37.9072 9.35805 9.35805 9.35805 22.1907 22.1907 22.1907 22.1907 22.1907 22.1907 22.1907 8.20206 8.20206 36.1463 36.1463 36.1463 36.1463 36.1463 36.1463 18.984 18.984 18.984 18.984 18.984 18.984 18.984 18.984 18.984 30.2978 30.2978 30.2978 30.2978 30.2978 30.2978 30.2978 30.2978 30.2978 30.2978 37.377 37.377 37.377 37.377 37.377 37.377 16.7702 16.7702 16.7702 16.7702 16.7702 24.8918 24.8918 24.8918 8.15242 8.15242 8.15242 20.7698 20.7698 ]
D = [ 3982 4149 4404 4944 5064 5886 6001 6419 6941 6872 7718 7607 8228 8275 9104 9477 9517 9869 10506 10415 11036 11497 11479 11985 12580 12081 11632 11146 10628 9674 9150 8915 8364 7736 7084 8025 8395 9228 9631 10162 11164 9897 8995 8102 7119 6089 5210 4504 ]
K = 12
nk = [ 1 1 1 1 2 2 2 3 3 3 3 3 3 3 4 4 5 5 5 5 5 5 6 6 6 6 6 6 6 6 6 7 7 7 7 7 7 7 7 7 7 8 8 8 8 8 8 9 9 9 9 9 10 10 10 11 11 11 12 12 ]
First = [ 1 0 0 0 1 0 0 1 0 0 0 0 0 0 1 0 1 0 0 0 0 0 1 0 0 0 0 0 0 0 0 1 0 0 0 0 0 0 0 0 0 1 0 0 0 0 0 1 0 0 0 0 1 0 0 1 0 0 1 0 ]
Last = [ 0 0 0 1 0 0 1 0 0 0 0 0 0 1 0 1 0 0 0 0 0 1 0 0 0 0 0 0 0 0 1 0 0 0 0 0 0 0 0 0 1 0 0 0 0 0 1 0 0 0 0 1 0 0 1 0 0 1 0 1 ]
nS = 1
S = [ 0 1 2 3 4 5 6 7 8 9 10 11 12 13 14 15 16 17 18 19 20 21 22 23 24 25 26 27 28 29 30 31 32 33 34 35 36 37 38 39 40 41 42 43 44 45 46 47 48 49 50 51 52 53 54 55 56 57 58 59 ]
