n = 60 ; 
T = 48 ; 
Init = [ 0 0 0 0 0 0 0 0 0 0 0 0 0 0 0 0 0 0 0 0 0 0 0 0 0 0 0 0 0 0 0 1 1 1 1 1 1 1 1 1 1 1 1 1 1 1 1 1 1 1 1 1 1 1 1 1 1 1 1 1 ]
L = [ 12 12 12 19 19 19 19 19 19 19 19 19 19 19 19 19 19 19 12 12 6 6 6 6 6 6 11 11 11 11 11 15 15 15 15 15 15 15 15 15 15 15 15 15 15 14 14 14 14 14 14 14 14 14 14 14 14 14 14 14 ]
l = [ 12 12 12 19 19 19 19 19 19 19 19 19 19 19 19 19 19 19 12 12 6 6 6 6 6 6 11 11 11 11 11 15 15 15 15 15 15 15 15 15 15 15 15 15 15 14 14 14 14 14 14 14 14 14 14 14 14 14 14 14 ]
Pmin = [ 69 69 69 100 100 100 100 100 100 100 100 100 100 100 100 100 100 100 70 70 30 30 30 30 30 30 54 54 54 54 54 83 83 83 83 83 83 83 83 83 83 83 83 83 83 77 77 77 77 77 77 77 77 77 77 77 77 77 77 77 ]
Pmax = [ 261 261 261 412 412 412 412 412 412 412 412 412 412 412 412 412 412 412 272 272 84 84 84 84 84 84 218 218 218 218 218 310 310 310 310 310 310 310 310 310 310 310 310 310 310 298 298 298 298 298 298 298 298 298 298 298 298 298 298 298 ]
cf = [ 67.1386 67.1386 67.1386 27.1267 27.1267 27.1267 27.1267 27.1267 27.1267 27.1267 27.1267 27.1267 27.1267 27.1267 27.1267 27.1267 27.1267 27.1267 49.3367 49.3367 65.7443 65.7443 65.7443 65.7443 65.7443 65.7443 34.8924 34.8924 34.8924 34.8924 34.8924 42.2629 42.2629 42.2629 42.2629 42.2629 42.2629 42.2629 42.2629 42.2629 42.2629 42.2629 42.2629 42.2629 42.2629 20.7793 20.7793 20.7793 20.7793 20.7793 20.7793 20.7793 20.7793 20.7793 20.7793 20.7793 20.7793 20.7793 20.7793 20.7793 ]
c0 = [ 194 194 194 250 250 250 250 250 250 250 250 250 250 250 250 250 250 250 181 181 85 85 85 85 85 85 147 147 147 147 147 226 226 226 226 226 226 226 226 226 226 226 226 226 226 207 207 207 207 207 207 207 207 207 207 207 207 207 207 207 ]
cp = [ 25.7741 25.7741 25.7741 9.85412 9.85412 9.85412 9.85412 9.85412 9.85412 9.85412 9.85412 9.85412 9.85412 9.85412 9.85412 9.85412 9.85412 9.85412 30.1104 30.1104 33.8784 33.8784 33.8784 33.8784 33.8784 33.8784 25.4543 25.4543 25.4543 25.4543 25.4543 15.2427 15.2427 15.2427 15.2427 15.2427 15.2427 15.2427 15.2427 15.2427 15.2427 15.2427 15.2427 15.2427 15.2427 31.847 31.847 31.847 31.847 31.847 31.847 31.847 31.847 31.847 31.847 31.847 31.847 31.847 31.847 31.847 ]
D = [ 4614 5191 6161 6005 6400 7214 7631 7710 8660 9056 9360 9620 10593 10490 11368 11555 12463 12540 13009 13208 13614 14024 14854 14979 16067 15316 14570 13509 12700 12330 11701 10682 10437 9611 8701 9837 10093 11302 12065 12819 13257 11985 10658 9729 8620 7720 6526 5158 ]
K = 7
nk = [ 1 1 1 2 2 2 2 2 2 2 2 2 2 2 2 2 2 2 3 3 4 4 4 4 4 4 5 5 5 5 5 6 6 6 6 6 6 6 6 6 6 6 6 6 6 7 7 7 7 7 7 7 7 7 7 7 7 7 7 7 ]
First = [ 1 0 0 1 0 0 0 0 0 0 0 0 0 0 0 0 0 0 1 0 1 0 0 0 0 0 1 0 0 0 0 1 0 0 0 0 0 0 0 0 0 0 0 0 0 1 0 0 0 0 0 0 0 0 0 0 0 0 0 0 ]
Last = [ 0 0 1 0 0 0 0 0 0 0 0 0 0 0 0 0 0 1 0 1 0 0 0 0 0 1 0 0 0 0 1 0 0 0 0 0 0 0 0 0 0 0 0 0 1 0 0 0 0 0 0 0 0 0 0 0 0 0 0 1 ]
nS = 1
S = [ 0 1 2 3 4 5 6 7 8 9 10 11 12 13 14 15 16 17 18 19 20 21 22 23 24 25 26 27 28 29 30 31 32 33 34 35 36 37 38 39 40 41 42 43 44 45 46 47 48 49 50 51 52 53 54 55 56 57 58 59 ]
