n = 60 ; 
T = 48 ; 
Init = [ 0 0 0 0 0 0 0 0 0 0 0 0 0 0 0 0 0 0 0 0 0 0 0 1 1 1 1 0 0 0 0 0 0 0 0 0 0 0 1 1 0 0 1 1 1 0 0 0 1 1 1 1 1 1 1 1 1 1 1 1 ]
L = [ 18 7 7 7 7 7 7 20 20 20 20 20 20 20 20 20 20 20 20 20 20 20 20 9 9 9 9 4 4 4 4 4 4 4 4 4 4 4 16 16 7 7 6 6 6 18 18 18 10 10 10 10 10 10 10 10 10 10 10 10 ]
l = [ 18 7 7 7 7 7 7 20 20 20 20 20 20 20 20 20 20 20 20 20 20 20 20 9 9 9 9 4 4 4 4 4 4 4 4 4 4 4 16 16 7 7 6 6 6 18 18 18 10 10 10 10 10 10 10 10 10 10 10 10 ]
Pmin = [ 96 36 36 36 36 36 36 100 100 100 100 100 100 100 100 100 100 100 100 100 100 100 100 43 43 43 43 15 15 15 15 15 15 15 15 15 15 15 89 89 40 40 34 34 34 94 94 94 46 46 46 46 46 46 46 46 46 46 46 46 ]
Pmax = [ 382 129 129 129 129 129 129 420 420 420 420 420 420 420 420 420 420 420 420 420 420 420 420 154 154 154 154 43 43 43 43 43 43 43 43 43 43 43 338 338 126 126 113 113 113 378 378 378 180 180 180 180 180 180 180 180 180 180 180 180 ]
cf = [ 37.7044 51.2465 51.2465 51.2465 51.2465 51.2465 51.2465 37.3052 37.3052 37.3052 37.3052 37.3052 37.3052 37.3052 37.3052 37.3052 37.3052 37.3052 37.3052 37.3052 37.3052 37.3052 37.3052 57.2827 57.2827 57.2827 57.2827 7.83859 7.83859 7.83859 7.83859 7.83859 7.83859 7.83859 7.83859 7.83859 7.83859 7.83859 13.3234 13.3234 23.6176 23.6176 54.5575 54.5575 54.5575 14.4936 14.4936 14.4936 53.8341 53.8341 53.8341 53.8341 53.8341 53.8341 53.8341 53.8341 53.8341 53.8341 53.8341 53.8341 ]
c0 = [ 250 101 101 101 101 101 101 250 250 250 250 250 250 250 250 250 250 250 250 250 250 250 250 132 132 132 132 50 50 50 50 50 50 50 50 50 50 50 233 233 116 116 93 93 93 250 250 250 131 131 131 131 131 131 131 131 131 131 131 131 ]
cp = [ 16.6744 35.1675 35.1675 35.1675 35.1675 35.1675 35.1675 9.55832 9.55832 9.55832 9.55832 9.55832 9.55832 9.55832 9.55832 9.55832 9.55832 9.55832 9.55832 9.55832 9.55832 9.55832 9.55832 28.2786 28.2786 28.2786 28.2786 41.9409 41.9409 41.9409 41.9409 41.9409 41.9409 41.9409 41.9409 41.9409 41.9409 41.9409 16.3577 16.3577 39.1663 39.1663 35.5131 35.5131 35.5131 14.5048 14.5048 14.5048 32.5699 32.5699 32.5699 32.5699 32.5699 32.5699 32.5699 32.5699 32.5699 32.5699 32.5699 32.5699 ]
D = [ 3364 4137 4416 4411 4799 5142 5319 5637 6197 6472 6613 7222 7454 7520 8000 8599 8634 8843 9222 9742 9766 10233 10462 11076 11331 10715 10237 9964 9426 8968 8246 8081 7534 6770 6280 6887 7773 8225 8831 9415 10364 9301 8146 7516 6741 5746 4854 3794 ]
K = 10
nk = [ 1 2 2 2 2 2 2 3 3 3 3 3 3 3 3 3 3 3 3 3 3 3 3 4 4 4 4 5 5 5 5 5 5 5 5 5 5 5 6 6 7 7 8 8 8 9 9 9 10 10 10 10 10 10 10 10 10 10 10 10 ]
First = [ 1 1 0 0 0 0 0 1 0 0 0 0 0 0 0 0 0 0 0 0 0 0 0 1 0 0 0 1 0 0 0 0 0 0 0 0 0 0 1 0 1 0 1 0 0 1 0 0 1 0 0 0 0 0 0 0 0 0 0 0 ]
Last = [ 1 0 0 0 0 0 1 0 0 0 0 0 0 0 0 0 0 0 0 0 0 0 1 0 0 0 1 0 0 0 0 0 0 0 0 0 0 1 0 1 0 1 0 0 1 0 0 1 0 0 0 0 0 0 0 0 0 0 0 1 ]
nS = 1
S = [ 0 1 2 3 4 5 6 7 8 9 10 11 12 13 14 15 16 17 18 19 20 21 22 23 24 25 26 27 28 29 30 31 32 33 34 35 36 37 38 39 40 41 42 43 44 45 46 47 48 49 50 51 52 53 54 55 56 57 58 59 ]
