n = 60 ; 
T = 48 ; 
Init = [ 1 1 1 1 1 1 1 1 1 1 1 1 1 1 0 0 0 1 1 1 1 1 0 0 0 1 1 0 0 0 0 0 0 0 0 0 0 0 0 0 0 0 0 0 0 1 1 1 1 1 1 1 0 0 0 0 0 0 0 0 ]
L = [ 4 4 4 4 4 4 4 4 4 4 6 6 6 6 16 16 16 14 14 14 14 14 11 11 11 16 16 20 20 20 20 20 12 12 12 12 12 12 10 10 10 10 10 10 10 10 10 10 10 10 10 10 18 18 18 18 18 18 18 18 ]
l = [ 4 4 4 4 4 4 4 4 4 4 6 6 6 6 16 16 16 14 14 14 14 14 11 11 11 16 16 20 20 20 20 20 12 12 12 12 12 12 10 10 10 10 10 10 10 10 10 10 10 10 10 10 18 18 18 18 18 18 18 18 ]
Pmin = [ 21 21 21 21 21 21 21 21 21 21 30 30 30 30 94 94 94 82 82 82 82 82 61 61 61 82 82 100 100 100 100 100 67 67 67 67 67 67 50 50 50 50 50 50 50 51 51 51 51 51 51 51 100 100 100 100 100 100 100 100 ]
Pmax = [ 55 55 55 55 55 55 55 55 55 55 109 109 109 109 369 369 369 304 304 304 304 304 231 231 231 321 321 417 417 417 417 417 247 247 247 247 247 247 192 192 192 192 192 192 192 191 191 191 191 191 191 191 408 408 408 408 408 408 408 408 ]
cf = [ 69.3329 69.3329 69.3329 69.3329 69.3329 69.3329 69.3329 69.3329 69.3329 69.3329 68.9681 68.9681 68.9681 68.9681 67.2178 67.2178 67.2178 32.2384 32.2384 32.2384 32.2384 32.2384 15.8419 15.8419 15.8419 52.5923 52.5923 35.7631 35.7631 35.7631 35.7631 35.7631 66.5106 66.5106 66.5106 66.5106 66.5106 66.5106 52.6478 52.6478 52.6478 52.6478 52.6478 52.6478 52.6478 30.2361 30.2361 30.2361 30.2361 30.2361 30.2361 30.2361 50.8627 50.8627 50.8627 50.8627 50.8627 50.8627 50.8627 50.8627 ]
c0 = [ 80 80 80 80 80 80 80 80 80 80 103 103 103 103 243 243 243 214 214 214 214 214 170 170 170 220 220 250 250 250 250 250 190 190 190 190 190 190 152 152 152 152 152 152 152 153 153 153 153 153 153 153 250 250 250 250 250 250 250 250 ]
cp = [ 41.323 41.323 41.323 41.323 41.323 41.323 41.323 41.323 41.323 41.323 39.8429 39.8429 39.8429 39.8429 21.0862 21.0862 21.0862 16.3547 16.3547 16.3547 16.3547 16.3547 24.2975 24.2975 24.2975 23.6173 23.6173 8.32754 8.32754 8.32754 8.32754 8.32754 21.7879 21.7879 21.7879 21.7879 21.7879 21.7879 33.0043 33.0043 33.0043 33.0043 33.0043 33.0043 33.0043 27.0379 27.0379 27.0379 27.0379 27.0379 27.0379 27.0379 10.4938 10.4938 10.4938 10.4938 10.4938 10.4938 10.4938 10.4938 ]
D = [ 3161 3636 4270 4300 4791 5310 5652 5771 6121 6814 6838 7437 7850 7771 8490 8974 9132 9328 9969 10472 10602 10941 11091 11824 11900 11567 10774 10576 9876 9461 8942 8549 8245 7419 7271 7707 8227 9249 10018 10525 11298 10113 9239 8447 7398 6879 5630 4954 ]
K = 11
nk = [ 1 1 1 1 1 1 1 1 1 1 2 2 2 2 3 3 3 4 4 4 4 4 5 5 5 6 6 7 7 7 7 7 8 8 8 8 8 8 9 9 9 9 9 9 9 10 10 10 10 10 10 10 11 11 11 11 11 11 11 11 ]
First = [ 1 0 0 0 0 0 0 0 0 0 1 0 0 0 1 0 0 1 0 0 0 0 1 0 0 1 0 1 0 0 0 0 1 0 0 0 0 0 1 0 0 0 0 0 0 1 0 0 0 0 0 0 1 0 0 0 0 0 0 0 ]
Last = [ 0 0 0 0 0 0 0 0 0 1 0 0 0 1 0 0 1 0 0 0 0 1 0 0 1 0 1 0 0 0 0 1 0 0 0 0 0 1 0 0 0 0 0 0 1 0 0 0 0 0 0 1 0 0 0 0 0 0 0 1 ]
nS = 1
S = [ 0 1 2 3 4 5 6 7 8 9 10 11 12 13 14 15 16 17 18 19 20 21 22 23 24 25 26 27 28 29 30 31 32 33 34 35 36 37 38 39 40 41 42 43 44 45 46 47 48 49 50 51 52 53 54 55 56 57 58 59 ]
