n = 60 ; 
T = 48 ; 
Init = [ 0 0 0 0 0 0 0 1 1 1 1 1 1 1 1 1 1 1 1 1 1 0 0 0 0 1 1 1 1 1 1 1 1 0 0 0 0 0 0 0 0 1 1 1 1 1 1 1 1 1 1 0 0 1 1 1 1 1 1 1 ]
L = [ 13 13 13 13 13 13 13 9 9 9 9 9 12 12 12 5 5 5 5 5 5 13 13 13 13 12 12 12 12 12 12 12 12 11 11 11 11 11 11 11 11 17 17 17 17 17 17 17 17 17 17 19 8 19 19 19 19 19 19 19 ]
l = [ 13 13 13 13 13 13 13 9 9 9 9 9 12 12 12 5 5 5 5 5 5 13 13 13 13 12 12 12 12 12 12 12 12 11 11 11 11 11 11 11 11 17 17 17 17 17 17 17 17 17 17 19 8 19 19 19 19 19 19 19 ]
Pmin = [ 70 70 70 70 70 70 70 50 50 50 50 50 62 62 62 15 15 15 15 15 15 70 70 70 70 61 61 61 61 61 61 61 61 52 52 52 52 52 52 52 52 91 91 91 91 91 91 91 91 91 91 96 45 99 99 99 99 99 99 99 ]
Pmax = [ 288 288 288 288 288 288 288 175 175 175 175 175 247 247 247 45 45 45 45 45 45 278 278 278 278 248 248 248 248 248 248 248 248 202 202 202 202 202 202 202 202 360 360 360 360 360 360 360 360 360 360 394 148 415 415 415 415 415 415 415 ]
cf = [ 60.6508 60.6508 60.6508 60.6508 60.6508 60.6508 60.6508 33.7683 33.7683 33.7683 33.7683 33.7683 44.2983 44.2983 44.2983 66.0892 66.0892 66.0892 66.0892 66.0892 66.0892 40.7657 40.7657 40.7657 40.7657 67.8928 67.8928 67.8928 67.8928 67.8928 67.8928 67.8928 67.8928 48.6325 48.6325 48.6325 48.6325 48.6325 48.6325 48.6325 48.6325 32.5122 32.5122 32.5122 32.5122 32.5122 32.5122 32.5122 32.5122 32.5122 32.5122 69.9999 47.2009 8.03368 8.03368 8.03368 8.03368 8.03368 8.03368 8.03368 ]
c0 = [ 186 186 186 186 186 186 186 132 132 132 132 132 179 179 179 65 65 65 65 65 65 192 192 192 192 173 173 173 173 173 173 173 173 149 149 149 149 149 149 149 149 235 235 235 235 235 235 235 235 235 235 250 119 250 250 250 250 250 250 250 ]
cp = [ 23.7778 23.7778 23.7778 23.7778 23.7778 23.7778 23.7778 32.6973 32.6973 32.6973 32.6973 32.6973 15.5644 15.5644 15.5644 28.3577 28.3577 28.3577 28.3577 28.3577 28.3577 27.7989 27.7989 27.7989 27.7989 28.0157 28.0157 28.0157 28.0157 28.0157 28.0157 28.0157 28.0157 33.6868 33.6868 33.6868 33.6868 33.6868 33.6868 33.6868 33.6868 14.8011 14.8011 14.8011 14.8011 14.8011 14.8011 14.8011 14.8011 14.8011 14.8011 19.007 35.841 10.1894 10.1894 10.1894 10.1894 10.1894 10.1894 10.1894 ]
D = [ 3087 3802 3694 4252 4464 5445 5816 5763 6593 6555 7171 7413 7692 8478 8942 9246 9427 9916 10161 11082 10973 11878 11880 12338 13106 12058 11714 11142 10604 10288 9740 9317 8685 8253 7984 8285 8927 9750 10220 10662 11043 10122 9427 8080 7542 6280 5459 4072 ]
K = 11
nk = [ 1 1 1 1 1 1 1 2 2 2 2 2 3 3 3 4 4 4 4 4 4 5 5 5 5 6 6 6 6 6 6 6 6 7 7 7 7 7 7 7 7 8 8 8 8 8 8 8 8 8 8 9 10 11 11 11 11 11 11 11 ]
First = [ 1 0 0 0 0 0 0 1 0 0 0 0 1 0 0 1 0 0 0 0 0 1 0 0 0 1 0 0 0 0 0 0 0 1 0 0 0 0 0 0 0 1 0 0 0 0 0 0 0 0 0 1 1 1 0 0 0 0 0 0 ]
Last = [ 0 0 0 0 0 0 1 0 0 0 0 1 0 0 1 0 0 0 0 0 1 0 0 0 1 0 0 0 0 0 0 0 1 0 0 0 0 0 0 0 1 0 0 0 0 0 0 0 0 0 1 1 1 0 0 0 0 0 0 1 ]
nS = 1
S = [ 0 1 2 3 4 5 6 7 8 9 10 11 12 13 14 15 16 17 18 19 20 21 22 23 24 25 26 27 28 29 30 31 32 33 34 35 36 37 38 39 40 41 42 43 44 45 46 47 48 49 50 51 52 53 54 55 56 57 58 59 ]
