n = 60 ; 
T = 48 ; 
Init = [ 1 1 1 1 1 1 0 0 0 0 1 1 1 1 1 1 1 1 1 1 1 1 1 1 1 1 1 1 0 0 1 1 1 1 1 1 1 0 0 0 0 0 0 0 0 0 0 0 0 1 1 1 1 1 1 1 1 1 1 1 ]
L = [ 8 8 8 8 8 8 9 9 9 9 5 5 5 5 5 5 5 5 8 8 8 8 8 8 7 7 7 7 13 13 5 5 5 5 5 5 5 17 17 17 17 17 9 9 9 9 9 9 9 17 17 17 17 17 17 17 17 17 13 13 ]
l = [ 8 8 8 8 8 8 9 9 9 9 5 5 5 5 5 5 5 5 8 8 8 8 8 8 7 7 7 7 13 13 5 5 5 5 5 5 5 17 17 17 17 17 9 9 9 9 9 9 9 17 17 17 17 17 17 17 17 17 13 13 ]
Pmin = [ 38 38 38 38 38 38 46 46 46 46 19 19 19 19 19 19 19 19 44 44 44 44 44 44 34 34 34 34 65 65 24 24 24 24 24 24 24 89 89 89 89 89 47 47 47 47 47 47 47 83 83 83 83 83 83 83 83 83 73 73 ]
Pmax = [ 126 126 126 126 126 126 166 166 166 166 53 53 53 53 53 53 53 53 141 141 141 141 141 141 102 102 102 102 245 245 75 75 75 75 75 75 75 359 359 359 359 359 179 179 179 179 179 179 179 343 343 343 343 343 343 343 343 343 272 272 ]
cf = [ 9.85964 9.85964 9.85964 9.85964 9.85964 9.85964 38.9039 38.9039 38.9039 38.9039 56.5744 56.5744 56.5744 56.5744 56.5744 56.5744 56.5744 56.5744 25.7744 25.7744 25.7744 25.7744 25.7744 25.7744 56.6132 56.6132 56.6132 56.6132 62.3101 62.3101 67.3581 67.3581 67.3581 67.3581 67.3581 67.3581 67.3581 18.397 18.397 18.397 18.397 18.397 32.6134 32.6134 32.6134 32.6134 32.6134 32.6134 32.6134 12.4464 12.4464 12.4464 12.4464 12.4464 12.4464 12.4464 12.4464 12.4464 18.6593 18.6593 ]
c0 = [ 110 110 110 110 110 110 141 141 141 141 56 56 56 56 56 56 56 56 127 127 127 127 127 127 102 102 102 102 168 168 79 79 79 79 79 79 79 234 234 234 234 234 136 136 136 136 136 136 136 225 225 225 225 225 225 225 225 225 203 203 ]
cp = [ 27.993 27.993 27.993 27.993 27.993 27.993 32.4959 32.4959 32.4959 32.4959 40.6098 40.6098 40.6098 40.6098 40.6098 40.6098 40.6098 40.6098 35.9832 35.9832 35.9832 35.9832 35.9832 35.9832 39.3069 39.3069 39.3069 39.3069 22.5223 22.5223 40.7774 40.7774 40.7774 40.7774 40.7774 40.7774 40.7774 15.7632 15.7632 15.7632 15.7632 15.7632 35.8584 35.8584 35.8584 35.8584 35.8584 35.8584 35.8584 19.2926 19.2926 19.2926 19.2926 19.2926 19.2926 19.2926 19.2926 19.2926 24.4108 24.4108 ]
D = [ 2554 2784 2999 3248 3558 3611 3979 4413 4489 4706 5015 5175 5411 6029 6198 6174 6700 6972 7147 7281 7557 7777 8198 8672 8954 8258 7887 7625 7294 6901 6845 6239 5806 5698 5504 5950 6462 6773 7383 7703 8395 7396 6820 5830 5180 4505 3654 3262 ]
K = 11
nk = [ 1 1 1 1 1 1 2 2 2 2 3 3 3 3 3 3 3 3 4 4 4 4 4 4 5 5 5 5 6 6 7 7 7 7 7 7 7 8 8 8 8 8 9 9 9 9 9 9 9 10 10 10 10 10 10 10 10 10 11 11 ]
First = [ 1 0 0 0 0 0 1 0 0 0 1 0 0 0 0 0 0 0 1 0 0 0 0 0 1 0 0 0 1 0 1 0 0 0 0 0 0 1 0 0 0 0 1 0 0 0 0 0 0 1 0 0 0 0 0 0 0 0 1 0 ]
Last = [ 0 0 0 0 0 1 0 0 0 1 0 0 0 0 0 0 0 1 0 0 0 0 0 1 0 0 0 1 0 1 0 0 0 0 0 0 1 0 0 0 0 1 0 0 0 0 0 0 1 0 0 0 0 0 0 0 0 1 0 1 ]
nS = 1
S = [ 0 1 2 3 4 5 6 7 8 9 10 11 12 13 14 15 16 17 18 19 20 21 22 23 24 25 26 27 28 29 30 31 32 33 34 35 36 37 38 39 40 41 42 43 44 45 46 47 48 49 50 51 52 53 54 55 56 57 58 59 ]
