n = 60 ; 
T = 48 ; 
Init = [ 0 0 0 0 0 0 0 0 0 0 0 0 0 0 1 1 1 0 0 0 0 0 1 1 0 0 0 0 0 0 0 0 1 1 1 1 1 1 1 1 1 1 1 1 0 0 0 0 0 0 0 0 0 0 1 1 1 1 1 1 ]
L = [ 7 7 7 7 7 7 7 7 5 5 5 5 5 5 10 10 10 5 5 5 5 5 12 11 16 16 16 16 16 16 16 16 10 10 10 10 10 18 18 18 18 18 18 18 8 8 8 8 8 8 8 8 8 8 13 13 13 13 13 13 ]
l = [ 7 7 7 7 7 7 7 7 5 5 5 5 5 5 10 10 10 5 5 5 5 5 12 11 16 16 16 16 16 16 16 16 10 10 10 10 10 18 18 18 18 18 18 18 8 8 8 8 8 8 8 8 8 8 13 13 13 13 13 13 ]
Pmin = [ 27 27 27 27 27 27 27 27 32 32 32 32 32 32 47 47 47 25 25 25 25 25 61 68 85 85 85 85 85 85 85 85 57 57 57 57 57 100 100 100 100 100 100 100 37 37 37 37 37 37 37 37 37 37 76 76 76 76 76 76 ]
Pmax = [ 94 94 94 94 94 94 94 94 84 84 84 84 84 84 185 185 185 75 75 75 75 75 234 240 350 350 350 350 350 350 350 350 204 204 204 204 204 414 414 414 414 414 414 414 136 136 136 136 136 136 136 136 136 136 280 280 280 280 280 280 ]
cf = [ 33.3508 33.3508 33.3508 33.3508 33.3508 33.3508 33.3508 33.3508 7.70848 7.70848 7.70848 7.70848 7.70848 7.70848 49.4202 49.4202 49.4202 16.0904 16.0904 16.0904 16.0904 16.0904 42.2071 12.4454 61.1059 61.1059 61.1059 61.1059 61.1059 61.1059 61.1059 61.1059 66.492 66.492 66.492 66.492 66.492 14.7447 14.7447 14.7447 14.7447 14.7447 14.7447 14.7447 40.226 40.226 40.226 40.226 40.226 40.226 40.226 40.226 40.226 40.226 68.0487 68.0487 68.0487 68.0487 68.0487 68.0487 ]
c0 = [ 76 76 76 76 76 76 76 76 109 109 109 109 109 109 126 126 126 73 73 73 73 73 179 191 227 227 227 227 227 227 227 227 169 169 169 169 169 250 250 250 250 250 250 250 119 119 119 119 119 119 119 119 119 119 207 207 207 207 207 207 ]
cp = [ 27.4347 27.4347 27.4347 27.4347 27.4347 27.4347 27.4347 27.4347 39.3445 39.3445 39.3445 39.3445 39.3445 39.3445 29.0256 29.0256 29.0256 40.5517 40.5517 40.5517 40.5517 40.5517 27.8681 30.1315 13.7462 13.7462 13.7462 13.7462 13.7462 13.7462 13.7462 13.7462 28.0418 28.0418 28.0418 28.0418 28.0418 15.8119 15.8119 15.8119 15.8119 15.8119 15.8119 15.8119 35.5902 35.5902 35.5902 35.5902 35.5902 35.5902 35.5902 35.5902 35.5902 35.5902 31.2307 31.2307 31.2307 31.2307 31.2307 31.2307 ]
D = [ 3328 3529 3956 4046 4326 4574 5027 5605 5718 5913 6219 6903 6951 7518 7442 8208 8336 8555 9128 9322 9437 10045 10012 10606 10994 10455 9773 9282 9071 8731 8120 7517 7059 6556 6220 6728 7159 7963 8233 8953 9136 8512 7722 6753 5880 5192 4173 3604 ]
K = 11
nk = [ 1 1 1 1 1 1 1 1 2 2 2 2 2 2 3 3 3 4 4 4 4 4 5 6 7 7 7 7 7 7 7 7 8 8 8 8 8 9 9 9 9 9 9 9 10 10 10 10 10 10 10 10 10 10 11 11 11 11 11 11 ]
First = [ 1 0 0 0 0 0 0 0 1 0 0 0 0 0 1 0 0 1 0 0 0 0 1 1 1 0 0 0 0 0 0 0 1 0 0 0 0 1 0 0 0 0 0 0 1 0 0 0 0 0 0 0 0 0 1 0 0 0 0 0 ]
Last = [ 0 0 0 0 0 0 0 1 0 0 0 0 0 1 0 0 1 0 0 0 0 1 1 1 0 0 0 0 0 0 0 1 0 0 0 0 1 0 0 0 0 0 0 1 0 0 0 0 0 0 0 0 0 1 0 0 0 0 0 1 ]
nS = 1
S = [ 0 1 2 3 4 5 6 7 8 9 10 11 12 13 14 15 16 17 18 19 20 21 22 23 24 25 26 27 28 29 30 31 32 33 34 35 36 37 38 39 40 41 42 43 44 45 46 47 48 49 50 51 52 53 54 55 56 57 58 59 ]
