n = 60 ; 
T = 48 ; 
Init = [ 0 0 0 0 0 0 0 0 0 0 0 0 0 1 1 1 1 1 1 1 1 1 1 1 1 1 1 1 1 1 1 1 1 1 1 1 1 1 1 1 1 1 1 1 1 1 1 1 1 1 1 1 0 0 0 0 0 0 0 0 ]
L = [ 12 12 12 12 12 12 12 12 12 17 17 17 17 7 7 4 4 18 18 18 18 18 18 18 18 18 18 18 12 12 12 12 12 12 12 12 12 12 12 12 7 7 7 7 7 7 7 7 7 7 7 7 7 7 7 7 7 14 14 14 ]
l = [ 12 12 12 12 12 12 12 12 12 17 17 17 17 7 7 4 4 18 18 18 18 18 18 18 18 18 18 18 12 12 12 12 12 12 12 12 12 12 12 12 7 7 7 7 7 7 7 7 7 7 7 7 7 7 7 7 7 14 14 14 ]
Pmin = [ 65 65 65 65 65 65 65 65 65 98 98 98 98 45 45 23 23 96 96 96 96 96 96 96 96 96 96 96 62 62 62 62 62 62 62 62 62 62 62 62 31 31 31 31 31 31 31 31 31 31 31 31 42 42 42 42 42 73 73 73 ]
Pmax = [ 254 254 254 254 254 254 254 254 254 391 391 391 391 142 142 57 57 366 366 366 366 366 366 366 366 366 366 366 236 236 236 236 236 236 236 236 236 236 236 236 108 108 108 108 108 108 108 108 108 108 108 108 132 132 132 132 132 287 287 287 ]
cf = [ 30.8604 30.8604 30.8604 30.8604 30.8604 30.8604 30.8604 30.8604 30.8604 43.2328 43.2328 43.2328 43.2328 29.5107 29.5107 54.3641 54.3641 63.9532 63.9532 63.9532 63.9532 63.9532 63.9532 63.9532 63.9532 63.9532 63.9532 63.9532 29.2917 29.2917 29.2917 29.2917 29.2917 29.2917 29.2917 29.2917 29.2917 29.2917 29.2917 29.2917 7.55701 7.55701 7.55701 7.55701 7.55701 7.55701 7.55701 7.55701 7.55701 7.55701 7.55701 7.55701 24.1011 24.1011 24.1011 24.1011 24.1011 12.1412 12.1412 12.1412 ]
c0 = [ 180 180 180 180 180 180 180 180 180 246 246 246 246 123 123 71 71 250 250 250 250 250 250 250 250 250 250 250 161 161 161 161 161 161 161 161 161 161 161 161 102 102 102 102 102 102 102 102 102 102 102 102 118 118 118 118 118 190 190 190 ]
cp = [ 25.426 25.426 25.426 25.426 25.426 25.426 25.426 25.426 25.426 13.7703 13.7703 13.7703 13.7703 36.9748 36.9748 40.8357 40.8357 10.3225 10.3225 10.3225 10.3225 10.3225 10.3225 10.3225 10.3225 10.3225 10.3225 10.3225 33.927 33.927 33.927 33.927 33.927 33.927 33.927 33.927 33.927 33.927 33.927 33.927 39.5633 39.5633 39.5633 39.5633 39.5633 39.5633 39.5633 39.5633 39.5633 39.5633 39.5633 39.5633 31.9694 31.9694 31.9694 31.9694 31.9694 18.4528 18.4528 18.4528 ]
D = [ 4152 4353 4594 4916 5381 5476 5976 6323 6912 7075 7528 7864 8189 8255 8610 9238 9280 9816 10279 10637 10716 11276 11654 12079 11928 11466 11285 10492 9965 9529 8679 8207 7634 7242 6753 7479 8017 8860 9595 9825 10493 9758 8958 8028 7021 5680 5039 3734 ]
K = 9
nk = [ 1 1 1 1 1 1 1 1 1 2 2 2 2 3 3 4 4 5 5 5 5 5 5 5 5 5 5 5 6 6 6 6 6 6 6 6 6 6 6 6 7 7 7 7 7 7 7 7 7 7 7 7 8 8 8 8 8 9 9 9 ]
First = [ 1 0 0 0 0 0 0 0 0 1 0 0 0 1 0 1 0 1 0 0 0 0 0 0 0 0 0 0 1 0 0 0 0 0 0 0 0 0 0 0 1 0 0 0 0 0 0 0 0 0 0 0 1 0 0 0 0 1 0 0 ]
Last = [ 0 0 0 0 0 0 0 0 1 0 0 0 1 0 1 0 1 0 0 0 0 0 0 0 0 0 0 1 0 0 0 0 0 0 0 0 0 0 0 1 0 0 0 0 0 0 0 0 0 0 0 1 0 0 0 0 1 0 0 1 ]
nS = 1
S = [ 0 1 2 3 4 5 6 7 8 9 10 11 12 13 14 15 16 17 18 19 20 21 22 23 24 25 26 27 28 29 30 31 32 33 34 35 36 37 38 39 40 41 42 43 44 45 46 47 48 49 50 51 52 53 54 55 56 57 58 59 ]
