n = 60 ; 
T = 48 ; 
Init = [ 0 0 0 0 0 0 1 1 1 1 1 1 1 1 1 1 1 1 1 1 1 1 1 1 1 1 1 1 1 1 1 1 1 1 1 1 1 1 0 0 0 0 0 0 0 0 0 1 1 1 1 1 0 0 0 0 0 0 0 0 ]
L = [ 14 14 14 14 14 14 19 19 19 17 6 6 6 6 6 6 6 6 6 13 13 13 5 5 5 5 5 10 11 11 11 11 11 11 11 11 11 11 16 16 16 16 16 16 16 16 16 8 8 8 8 8 19 19 19 7 8 8 8 8 ]
l = [ 14 14 14 14 14 14 19 19 19 17 6 6 6 6 6 6 6 6 6 13 13 13 5 5 5 5 5 10 11 11 11 11 11 11 11 11 11 11 16 16 16 16 16 16 16 16 16 8 8 8 8 8 19 19 19 7 8 8 8 8 ]
Pmin = [ 74 74 74 74 74 74 96 96 96 89 28 28 28 28 28 28 28 28 28 64 64 64 17 17 17 17 17 51 52 52 52 52 52 52 52 52 52 52 84 84 84 84 84 84 84 84 84 47 47 47 47 47 100 100 100 32 44 44 44 44 ]
Pmax = [ 295 295 295 295 295 295 400 400 400 350 95 95 95 95 95 95 95 95 95 242 242 242 46 46 46 46 46 187 208 208 208 208 208 208 208 208 208 208 333 333 333 333 333 333 333 333 333 159 159 159 159 159 420 420 420 109 140 140 140 140 ]
cf = [ 64.7107 64.7107 64.7107 64.7107 64.7107 64.7107 42.9906 42.9906 42.9906 20.5257 47.0163 47.0163 47.0163 47.0163 47.0163 47.0163 47.0163 47.0163 47.0163 32.2032 32.2032 32.2032 63.1953 63.1953 63.1953 63.1953 63.1953 25.6724 27.557 27.557 27.557 27.557 27.557 27.557 27.557 27.557 27.557 27.557 56.7507 56.7507 56.7507 56.7507 56.7507 56.7507 56.7507 56.7507 56.7507 50.8033 50.8033 50.8033 50.8033 50.8033 21.6775 21.6775 21.6775 37.6456 9.89331 9.89331 9.89331 9.89331 ]
c0 = [ 203 203 203 203 203 203 250 250 250 239 93 93 93 93 93 93 93 93 93 184 184 184 54 54 54 54 54 137 151 151 151 151 151 151 151 151 151 151 233 233 233 233 233 233 233 233 233 141 141 141 141 141 250 250 250 103 126 126 126 126 ]
cp = [ 26.0424 26.0424 26.0424 26.0424 26.0424 26.0424 9.30421 9.30421 9.30421 13.8107 37.3311 37.3311 37.3311 37.3311 37.3311 37.3311 37.3311 37.3311 37.3311 15.705 15.705 15.705 37.3561 37.3561 37.3561 37.3561 37.3561 33.3752 22.4002 22.4002 22.4002 22.4002 22.4002 22.4002 22.4002 22.4002 22.4002 22.4002 20.1142 20.1142 20.1142 20.1142 20.1142 20.1142 20.1142 20.1142 20.1142 34.8213 34.8213 34.8213 34.8213 34.8213 18.3123 18.3123 18.3123 35.9596 36.716 36.716 36.716 36.716 ]
D = [ 2802 3155 3973 4364 4443 4947 5242 5329 6177 6144 6638 7240 7560 7741 8039 8332 8724 9084 9751 9846 10494 10466 11156 11186 11513 11107 10723 10442 9845 9215 8897 8375 7735 7346 6852 7543 7861 8390 9329 9606 10265 9320 8345 7471 6869 5829 4883 4309 ]
K = 13
nk = [ 1 1 1 1 1 1 2 2 2 3 4 4 4 4 4 4 4 4 4 5 5 5 6 6 6 6 6 7 8 8 8 8 8 8 8 8 8 8 9 9 9 9 9 9 9 9 9 10 10 10 10 10 11 11 11 12 13 13 13 13 ]
First = [ 1 0 0 0 0 0 1 0 0 1 1 0 0 0 0 0 0 0 0 1 0 0 1 0 0 0 0 1 1 0 0 0 0 0 0 0 0 0 1 0 0 0 0 0 0 0 0 1 0 0 0 0 1 0 0 1 1 0 0 0 ]
Last = [ 0 0 0 0 0 1 0 0 1 1 0 0 0 0 0 0 0 0 1 0 0 1 0 0 0 0 1 1 0 0 0 0 0 0 0 0 0 1 0 0 0 0 0 0 0 0 1 0 0 0 0 1 0 0 1 1 0 0 0 1 ]
nS = 1
S = [ 0 1 2 3 4 5 6 7 8 9 10 11 12 13 14 15 16 17 18 19 20 21 22 23 24 25 26 27 28 29 30 31 32 33 34 35 36 37 38 39 40 41 42 43 44 45 46 47 48 49 50 51 52 53 54 55 56 57 58 59 ]
