n = 60 ; 
T = 48 ; 
Init = [ 0 0 0 0 0 0 0 0 0 0 0 0 0 0 0 0 0 0 0 0 0 0 0 0 0 0 0 0 0 0 1 1 1 1 1 1 1 1 1 1 1 1 1 1 1 1 1 1 1 1 1 1 0 0 0 0 0 0 0 0 ]
L = [ 9 9 9 9 9 9 9 9 9 9 9 9 9 9 9 9 9 9 9 9 13 13 13 13 13 13 13 13 13 13 17 17 17 17 17 17 17 17 17 17 17 17 17 17 17 17 17 17 17 6 6 6 13 13 13 13 13 13 13 13 ]
l = [ 9 9 9 9 9 9 9 9 9 9 9 9 9 9 9 9 9 9 9 9 13 13 13 13 13 13 13 13 13 13 17 17 17 17 17 17 17 17 17 17 17 17 17 17 17 17 17 17 17 6 6 6 13 13 13 13 13 13 13 13 ]
Pmin = [ 54 54 54 54 54 54 54 54 54 54 54 54 54 54 54 54 54 54 54 54 70 70 70 70 70 70 70 70 70 70 85 85 85 85 85 85 85 85 85 85 85 85 85 85 85 85 85 85 85 32 32 32 72 72 72 72 72 72 72 72 ]
Pmax = [ 182 182 182 182 182 182 182 182 182 182 182 182 182 182 182 182 182 182 182 182 278 278 278 278 278 278 278 278 278 278 349 349 349 349 349 349 349 349 349 349 349 349 349 349 349 349 349 349 349 102 102 102 275 275 275 275 275 275 275 275 ]
cf = [ 9.39061 9.39061 9.39061 9.39061 9.39061 9.39061 9.39061 9.39061 9.39061 9.39061 9.39061 9.39061 9.39061 9.39061 9.39061 9.39061 9.39061 9.39061 9.39061 9.39061 57.1522 57.1522 57.1522 57.1522 57.1522 57.1522 57.1522 57.1522 57.1522 57.1522 56.699 56.699 56.699 56.699 56.699 56.699 56.699 56.699 56.699 56.699 56.699 56.699 56.699 56.699 56.699 56.699 56.699 56.699 56.699 39.5033 39.5033 39.5033 11.7514 11.7514 11.7514 11.7514 11.7514 11.7514 11.7514 11.7514 ]
c0 = [ 151 151 151 151 151 151 151 151 151 151 151 151 151 151 151 151 151 151 151 151 185 185 185 185 185 185 185 185 185 185 214 214 214 214 214 214 214 214 214 214 214 214 214 214 214 214 214 214 214 96 96 96 194 194 194 194 194 194 194 194 ]
cp = [ 25.452 25.452 25.452 25.452 25.452 25.452 25.452 25.452 25.452 25.452 25.452 25.452 25.452 25.452 25.452 25.452 25.452 25.452 25.452 25.452 14.4798 14.4798 14.4798 14.4798 14.4798 14.4798 14.4798 14.4798 14.4798 14.4798 10.4339 10.4339 10.4339 10.4339 10.4339 10.4339 10.4339 10.4339 10.4339 10.4339 10.4339 10.4339 10.4339 10.4339 10.4339 10.4339 10.4339 10.4339 10.4339 37.975 37.975 37.975 22.8818 22.8818 22.8818 22.8818 22.8818 22.8818 22.8818 22.8818 ]
D = [ 3481 3381 4268 4634 4835 4993 5643 6185 6129 6855 7081 7228 7831 8133 8744 8990 9734 9619 10503 10622 10902 11370 11515 11971 12687 12167 11531 11375 10533 10276 9771 9825 9078 8448 8478 8552 9322 10000 10226 11172 11564 10690 9835 8881 7919 6663 5565 4957 ]
K = 5
nk = [ 1 1 1 1 1 1 1 1 1 1 1 1 1 1 1 1 1 1 1 1 2 2 2 2 2 2 2 2 2 2 3 3 3 3 3 3 3 3 3 3 3 3 3 3 3 3 3 3 3 4 4 4 5 5 5 5 5 5 5 5 ]
First = [ 1 0 0 0 0 0 0 0 0 0 0 0 0 0 0 0 0 0 0 0 1 0 0 0 0 0 0 0 0 0 1 0 0 0 0 0 0 0 0 0 0 0 0 0 0 0 0 0 0 1 0 0 1 0 0 0 0 0 0 0 ]
Last = [ 0 0 0 0 0 0 0 0 0 0 0 0 0 0 0 0 0 0 0 1 0 0 0 0 0 0 0 0 0 1 0 0 0 0 0 0 0 0 0 0 0 0 0 0 0 0 0 0 1 0 0 1 0 0 0 0 0 0 0 1 ]
nS = 1
S = [ 0 1 2 3 4 5 6 7 8 9 10 11 12 13 14 15 16 17 18 19 20 21 22 23 24 25 26 27 28 29 30 31 32 33 34 35 36 37 38 39 40 41 42 43 44 45 46 47 48 49 50 51 52 53 54 55 56 57 58 59 ]
