n = 60 ; 
T = 48 ; 
Init = [ 0 0 0 0 0 0 0 0 0 0 0 0 0 0 0 0 0 0 0 0 0 0 0 1 1 1 1 1 0 0 0 0 0 0 0 0 0 0 0 0 0 1 1 1 1 1 1 1 1 1 1 1 1 1 1 1 1 0 0 0 ]
L = [ 7 7 7 7 7 7 7 7 7 7 19 19 19 15 15 15 15 15 15 15 15 15 15 17 17 17 17 17 15 15 15 15 15 15 15 15 11 11 11 11 7 18 18 18 15 15 12 12 12 12 12 12 12 7 7 7 7 7 7 7 ]
l = [ 7 7 7 7 7 7 7 7 7 7 19 19 19 15 15 15 15 15 15 15 15 15 15 17 17 17 17 17 15 15 15 15 15 15 15 15 11 11 11 11 7 18 18 18 15 15 12 12 12 12 12 12 12 7 7 7 7 7 7 7 ]
Pmin = [ 44 44 44 44 44 44 44 44 44 44 100 100 100 81 81 81 81 81 81 81 81 81 81 98 98 98 98 98 91 91 91 91 91 91 91 91 54 54 54 54 36 100 100 100 81 81 66 66 66 66 66 66 66 25 25 25 25 28 28 28 ]
Pmax = [ 141 141 141 141 141 141 141 141 141 141 415 415 415 306 306 306 306 306 306 306 306 306 306 393 393 393 393 393 343 343 343 343 343 343 343 343 199 199 199 199 102 390 390 390 321 321 266 266 266 266 266 266 266 86 86 86 86 103 103 103 ]
cf = [ 55.1516 55.1516 55.1516 55.1516 55.1516 55.1516 55.1516 55.1516 55.1516 55.1516 19.7723 19.7723 19.7723 54.8688 54.8688 54.8688 54.8688 54.8688 54.8688 54.8688 54.8688 54.8688 54.8688 8.54183 8.54183 8.54183 8.54183 8.54183 8.55072 8.55072 8.55072 8.55072 8.55072 8.55072 8.55072 8.55072 51.5424 51.5424 51.5424 51.5424 48.0807 66.9177 66.9177 66.9177 49.8066 49.8066 16.3001 16.3001 16.3001 16.3001 16.3001 16.3001 16.3001 16.1403 16.1403 16.1403 16.1403 15.6725 15.6725 15.6725 ]
c0 = [ 133 133 133 133 133 133 133 133 133 133 250 250 250 225 225 225 225 225 225 225 225 225 225 250 250 250 250 250 236 236 236 236 236 236 236 236 142 142 142 142 97 250 250 250 210 210 179 179 179 179 179 179 179 86 86 86 86 92 92 92 ]
cp = [ 36.0019 36.0019 36.0019 36.0019 36.0019 36.0019 36.0019 36.0019 36.0019 36.0019 11.4395 11.4395 11.4395 13.8782 13.8782 13.8782 13.8782 13.8782 13.8782 13.8782 13.8782 13.8782 13.8782 15.6804 15.6804 15.6804 15.6804 15.6804 18.7401 18.7401 18.7401 18.7401 18.7401 18.7401 18.7401 18.7401 33.5897 33.5897 33.5897 33.5897 36.7058 12.9351 12.9351 12.9351 26.7981 26.7981 15.9572 15.9572 15.9572 15.9572 15.9572 15.9572 15.9572 31.426 31.426 31.426 31.426 29.1579 29.1579 29.1579 ]
D = [ 4225 4148 4886 5137 5709 6031 6141 6736 7262 7389 7721 8304 8258 8731 9165 9693 9955 10374 10725 11219 11385 11896 12062 12543 12857 12793 12271 11739 11134 10325 9778 9483 8850 8667 8250 8271 9118 9518 10387 10760 11541 10282 9405 8933 7773 6957 6013 5368 ]
K = 12
nk = [ 1 1 1 1 1 1 1 1 1 1 2 2 2 3 3 3 3 3 3 3 3 3 3 4 4 4 4 4 5 5 5 5 5 5 5 5 6 6 6 6 7 8 8 8 9 9 10 10 10 10 10 10 10 11 11 11 11 12 12 12 ]
First = [ 1 0 0 0 0 0 0 0 0 0 1 0 0 1 0 0 0 0 0 0 0 0 0 1 0 0 0 0 1 0 0 0 0 0 0 0 1 0 0 0 1 1 0 0 1 0 1 0 0 0 0 0 0 1 0 0 0 1 0 0 ]
Last = [ 0 0 0 0 0 0 0 0 0 1 0 0 1 0 0 0 0 0 0 0 0 0 1 0 0 0 0 1 0 0 0 0 0 0 0 1 0 0 0 1 1 0 0 1 0 1 0 0 0 0 0 0 1 0 0 0 1 0 0 1 ]
nS = 1
S = [ 0 1 2 3 4 5 6 7 8 9 10 11 12 13 14 15 16 17 18 19 20 21 22 23 24 25 26 27 28 29 30 31 32 33 34 35 36 37 38 39 40 41 42 43 44 45 46 47 48 49 50 51 52 53 54 55 56 57 58 59 ]
