n = 60 ; 
T = 48 ; 
Init = [ 0 0 0 0 0 0 0 0 0 0 0 0 0 0 0 0 0 0 1 1 1 1 1 1 0 0 0 0 0 0 0 0 0 0 0 0 0 0 0 0 0 0 0 0 0 0 0 0 0 0 0 0 0 0 1 1 1 1 1 1 ]
L = [ 18 18 18 18 18 18 18 18 18 18 5 5 5 5 5 5 5 5 10 10 10 10 10 10 14 13 13 13 13 13 13 13 13 13 13 13 13 10 10 10 10 10 10 10 10 11 11 11 11 11 11 11 12 12 15 15 15 15 15 15 ]
l = [ 18 18 18 18 18 18 18 18 18 18 5 5 5 5 5 5 5 5 10 10 10 10 10 10 14 13 13 13 13 13 13 13 13 13 13 13 13 10 10 10 10 10 10 10 10 11 11 11 11 11 11 11 12 12 15 15 15 15 15 15 ]
Pmin = [ 99 99 99 99 99 99 99 99 99 99 16 16 16 16 16 16 16 16 53 53 53 53 53 53 67 66 66 66 66 66 66 66 66 66 66 66 66 52 52 52 52 52 52 52 52 53 53 53 53 53 53 53 59 59 77 77 77 77 77 77 ]
Pmax = [ 394 394 394 394 394 394 394 394 394 394 50 50 50 50 50 50 50 50 208 208 208 208 208 208 274 270 270 270 270 270 270 270 270 270 270 270 270 194 194 194 194 194 194 194 194 210 210 210 210 210 210 210 213 213 313 313 313 313 313 313 ]
cf = [ 62.4613 62.4613 62.4613 62.4613 62.4613 62.4613 62.4613 62.4613 62.4613 62.4613 19.0151 19.0151 19.0151 19.0151 19.0151 19.0151 19.0151 19.0151 31.0238 31.0238 31.0238 31.0238 31.0238 31.0238 49.4489 53.4205 53.4205 53.4205 53.4205 53.4205 53.4205 53.4205 53.4205 53.4205 53.4205 53.4205 53.4205 9.52603 9.52603 9.52603 9.52603 9.52603 9.52603 9.52603 9.52603 26.5284 26.5284 26.5284 26.5284 26.5284 26.5284 26.5284 9.88717 9.88717 29.0703 29.0703 29.0703 29.0703 29.0703 29.0703 ]
c0 = [ 250 250 250 250 250 250 250 250 250 250 53 53 53 53 53 53 53 53 154 154 154 154 154 154 177 187 187 187 187 187 187 187 187 187 187 187 187 152 152 152 152 152 152 152 152 152 152 152 152 152 152 152 171 171 216 216 216 216 216 216 ]
cp = [ 8.69595 8.69595 8.69595 8.69595 8.69595 8.69595 8.69595 8.69595 8.69595 8.69595 41.3836 41.3836 41.3836 41.3836 41.3836 41.3836 41.3836 41.3836 25.1234 25.1234 25.1234 25.1234 25.1234 25.1234 20.2188 27.8904 27.8904 27.8904 27.8904 27.8904 27.8904 27.8904 27.8904 27.8904 27.8904 27.8904 27.8904 30.4718 30.4718 30.4718 30.4718 30.4718 30.4718 30.4718 30.4718 31.7808 31.7808 31.7808 31.7808 31.7808 31.7808 31.7808 30.4848 30.4848 28.4611 28.4611 28.4611 28.4611 28.4611 28.4611 ]
D = [ 3745 3763 4335 4641 5173 5282 6022 6200 6458 7102 7324 7725 8261 8545 9214 9527 10013 10447 10793 10822 11597 11733 12402 12783 13160 12192 11631 10905 10855 9826 9337 9045 8215 7323 6941 7467 8086 8691 9574 10055 10908 9590 9204 8169 7316 6625 5507 4743 ]
K = 9
nk = [ 1 1 1 1 1 1 1 1 1 1 2 2 2 2 2 2 2 2 3 3 3 3 3 3 4 5 5 5 5 5 5 5 5 5 5 5 5 6 6 6 6 6 6 6 6 7 7 7 7 7 7 7 8 8 9 9 9 9 9 9 ]
First = [ 1 0 0 0 0 0 0 0 0 0 1 0 0 0 0 0 0 0 1 0 0 0 0 0 1 1 0 0 0 0 0 0 0 0 0 0 0 1 0 0 0 0 0 0 0 1 0 0 0 0 0 0 1 0 1 0 0 0 0 0 ]
Last = [ 0 0 0 0 0 0 0 0 0 1 0 0 0 0 0 0 0 1 0 0 0 0 0 1 1 0 0 0 0 0 0 0 0 0 0 0 1 0 0 0 0 0 0 0 1 0 0 0 0 0 0 1 0 1 0 0 0 0 0 1 ]
nS = 1
S = [ 0 1 2 3 4 5 6 7 8 9 10 11 12 13 14 15 16 17 18 19 20 21 22 23 24 25 26 27 28 29 30 31 32 33 34 35 36 37 38 39 40 41 42 43 44 45 46 47 48 49 50 51 52 53 54 55 56 57 58 59 ]
