n = 60 ; 
T = 48 ; 
Init = [ 0 0 0 0 0 0 0 0 0 0 1 1 1 1 1 1 1 1 1 1 1 1 0 0 0 0 0 0 0 1 1 0 0 0 0 0 0 0 0 0 0 0 0 0 0 0 0 0 1 1 1 1 1 1 1 1 1 1 1 1 ]
L = [ 7 8 8 8 19 19 19 19 19 19 18 18 18 18 18 18 18 18 18 18 18 18 8 8 8 8 8 8 8 12 12 16 16 16 16 16 16 16 16 16 16 16 16 16 16 16 16 16 19 19 19 19 19 11 11 16 16 16 16 16 ]
l = [ 7 8 8 8 19 19 19 19 19 19 18 18 18 18 18 18 18 18 18 18 18 18 8 8 8 8 8 8 8 12 12 16 16 16 16 16 16 16 16 16 16 16 16 16 16 16 16 16 19 19 19 19 19 11 11 16 16 16 16 16 ]
Pmin = [ 32 42 42 42 100 100 100 100 100 100 96 96 96 96 96 96 96 96 96 96 96 96 40 40 40 40 40 40 40 60 60 92 92 92 92 92 92 92 92 92 92 92 92 92 92 92 92 92 100 100 100 100 100 57 57 84 84 84 84 84 ]
Pmax = [ 122 143 143 143 420 420 420 420 420 420 384 384 384 384 384 384 384 384 384 384 384 384 150 150 150 150 150 150 150 238 238 350 350 350 350 350 350 350 350 350 350 350 350 350 350 350 350 350 390 390 390 390 420 218 218 338 338 338 338 338 ]
cf = [ 66.8534 18.6101 18.6101 18.6101 68.8756 68.8756 68.8756 68.8756 68.8756 68.8756 18.4245 18.4245 18.4245 18.4245 18.4245 18.4245 18.4245 18.4245 18.4245 18.4245 18.4245 18.4245 45.9926 45.9926 45.9926 45.9926 45.9926 45.9926 45.9926 46.904 46.904 14.9742 14.9742 14.9742 14.9742 14.9742 14.9742 14.9742 14.9742 14.9742 14.9742 14.9742 14.9742 14.9742 14.9742 14.9742 14.9742 14.9742 29.562 29.562 29.562 29.562 23.8823 60.2962 60.2962 37.539 37.539 37.539 37.539 37.539 ]
c0 = [ 88 131 131 131 250 250 250 250 250 250 250 250 250 250 250 250 250 250 250 250 250 250 121 121 121 121 121 121 121 161 161 250 250 250 250 250 250 250 250 250 250 250 250 250 250 250 250 250 250 250 250 250 250 155 155 219 219 219 219 219 ]
cp = [ 32.0104 33.2654 33.2654 33.2654 9.58626 9.58626 9.58626 9.58626 9.58626 9.58626 14.6253 14.6253 14.6253 14.6253 14.6253 14.6253 14.6253 14.6253 14.6253 14.6253 14.6253 14.6253 36.8308 36.8308 36.8308 36.8308 36.8308 36.8308 36.8308 32.0523 32.0523 18.9814 18.9814 18.9814 18.9814 18.9814 18.9814 18.9814 18.9814 18.9814 18.9814 18.9814 18.9814 18.9814 18.9814 18.9814 18.9814 18.9814 8.69612 8.69612 8.69612 8.69612 10.1746 27.0081 27.0081 15.1534 15.1534 15.1534 15.1534 15.1534 ]
D = [ 4462 4916 5724 6476 6321 7352 7600 8100 8452 9385 9427 9950 10505 11365 11304 12065 12333 13198 13681 14238 14425 14505 15330 15622 16560 15612 15062 13797 13090 12529 12070 11044 10456 10326 9572 9924 11150 11738 12881 13209 14250 12875 11935 10971 9976 8496 7042 5834 ]
K = 11
nk = [ 1 2 2 2 3 3 3 3 3 3 4 4 4 4 4 4 4 4 4 4 4 4 5 5 5 5 5 5 5 6 6 7 7 7 7 7 7 7 7 7 7 7 7 7 7 7 7 7 8 8 8 8 9 10 10 11 11 11 11 11 ]
First = [ 1 1 0 0 1 0 0 0 0 0 1 0 0 0 0 0 0 0 0 0 0 0 1 0 0 0 0 0 0 1 0 1 0 0 0 0 0 0 0 0 0 0 0 0 0 0 0 0 1 0 0 0 1 1 0 1 0 0 0 0 ]
Last = [ 1 0 0 1 0 0 0 0 0 1 0 0 0 0 0 0 0 0 0 0 0 1 0 0 0 0 0 0 1 0 1 0 0 0 0 0 0 0 0 0 0 0 0 0 0 0 0 1 0 0 0 1 1 0 1 0 0 0 0 1 ]
nS = 1
S = [ 0 1 2 3 4 5 6 7 8 9 10 11 12 13 14 15 16 17 18 19 20 21 22 23 24 25 26 27 28 29 30 31 32 33 34 35 36 37 38 39 40 41 42 43 44 45 46 47 48 49 50 51 52 53 54 55 56 57 58 59 ]
