n = 60 ; 
T = 96 ; 
Init = [ 1 1 1 1 1 1 1 1 1 1 1 1 0 0 0 0 0 0 0 0 0 0 0 0 0 0 0 0 1 1 1 1 0 0 0 0 0 0 0 0 0 0 0 1 1 1 1 1 1 1 1 1 1 1 1 1 1 1 1 1 ]
L = [ 8 8 8 8 8 8 8 8 8 8 8 8 4 4 4 4 4 4 4 4 4 4 4 9 9 9 9 9 9 9 9 9 9 9 9 9 9 9 9 9 9 9 9 3 3 3 3 3 3 3 3 3 3 3 3 3 3 3 3 3 ]
l = [ 8 8 8 8 8 8 8 8 8 8 8 8 4 4 4 4 4 4 4 4 4 4 4 9 9 9 9 9 9 9 9 9 9 9 9 9 9 9 9 9 9 9 9 3 3 3 3 3 3 3 3 3 3 3 3 3 3 3 3 3 ]
Pmin = [ 83 83 83 83 83 83 83 83 83 83 83 83 41 41 41 41 41 41 41 41 41 41 41 100 100 100 100 100 95 95 95 95 90 90 90 90 90 90 90 90 90 90 90 27 27 27 27 33 33 33 33 33 33 33 33 33 33 33 33 33 ]
Pmax = [ 315 315 315 315 315 315 315 315 315 315 315 315 130 130 130 130 130 130 130 130 130 130 130 420 420 420 420 420 368 368 368 368 365 365 365 365 365 365 365 365 365 365 365 66 66 66 66 99 99 99 99 99 99 99 99 99 99 99 99 99 ]
cf = [ 10.7664 10.7664 10.7664 10.7664 10.7664 10.7664 10.7664 10.7664 10.7664 10.7664 10.7664 10.7664 35.3254 35.3254 35.3254 35.3254 35.3254 35.3254 35.3254 35.3254 35.3254 35.3254 35.3254 48.4355 48.4355 48.4355 48.4355 48.4355 23.0616 23.0616 23.0616 23.0616 47.6557 47.6557 47.6557 47.6557 47.6557 47.6557 47.6557 47.6557 47.6557 47.6557 47.6557 35.3779 35.3779 35.3779 35.3779 39.4651 39.4651 39.4651 39.4651 39.4651 39.4651 39.4651 39.4651 39.4651 39.4651 39.4651 39.4651 39.4651 ]
c0 = [ 213 213 213 213 213 213 213 213 213 213 213 213 113 113 113 113 113 113 113 113 113 113 113 250 250 250 250 250 250 250 250 250 228 228 228 228 228 228 228 228 228 228 228 96 96 96 96 104 104 104 104 104 104 104 104 104 104 104 104 104 ]
cp = [ 10.4497 10.4497 10.4497 10.4497 10.4497 10.4497 10.4497 10.4497 10.4497 10.4497 10.4497 10.4497 34.3697 34.3697 34.3697 34.3697 34.3697 34.3697 34.3697 34.3697 34.3697 34.3697 34.3697 8.81335 8.81335 8.81335 8.81335 8.81335 12.0121 12.0121 12.0121 12.0121 14.188 14.188 14.188 14.188 14.188 14.188 14.188 14.188 14.188 14.188 14.188 40.4133 40.4133 40.4133 40.4133 33.6508 33.6508 33.6508 33.6508 33.6508 33.6508 33.6508 33.6508 33.6508 33.6508 33.6508 33.6508 33.6508 ]
D = [ 3996 4824 5290 6111 6698 7883 8650 9107 9817 10391 11057 12262 12887 11905 10415 9548 8451 7328 8530 9288 10424 8748 6987 4838 2768 3679 4524 5594 6244 7183 8114 8648 9628 10288 11380 12208 12806 11901 10726 9472 8681 7670 8718 10205 11209 9291 7042 5525 3462 3740 4930 5187 6059 6920 7576 7989 8955 9894 10462 11263 11896 10847 9802 8987 7839 7191 8328 10060 11407 9656 7442 5811 4349 4656 5633 6412 6629 7730 8102 9048 9525 10178 10809 11520 12035 11020 9914 9125 7979 6971 8554 9705 11113 9686 7445 6016 ]
K = 7
nk = [ 1 1 1 1 1 1 1 1 1 1 1 1 2 2 2 2 2 2 2 2 2 2 2 3 3 3 3 3 4 4 4 4 5 5 5 5 5 5 5 5 5 5 5 6 6 6 6 7 7 7 7 7 7 7 7 7 7 7 7 7 ]
First = [ 1 0 0 0 0 0 0 0 0 0 0 0 1 0 0 0 0 0 0 0 0 0 0 1 0 0 0 0 1 0 0 0 1 0 0 0 0 0 0 0 0 0 0 1 0 0 0 1 0 0 0 0 0 0 0 0 0 0 0 0 ]
Last = [ 0 0 0 0 0 0 0 0 0 0 0 1 0 0 0 0 0 0 0 0 0 0 1 0 0 0 0 1 0 0 0 1 0 0 0 0 0 0 0 0 0 0 1 0 0 0 1 0 0 0 0 0 0 0 0 0 0 0 0 1 ]
nS = 1
S = [ 0 1 2 3 4 5 6 7 8 9 10 11 12 13 14 15 16 17 18 19 20 21 22 23 24 25 26 27 28 29 30 31 32 33 34 35 36 37 38 39 40 41 42 43 44 45 46 47 48 49 50 51 52 53 54 55 56 57 58 59 ]
