n = 60 ; 
T = 96 ; 
Init = [ 1 1 1 1 1 1 1 1 1 0 0 0 0 0 0 0 0 0 0 0 0 1 1 1 1 1 1 1 1 1 1 1 1 1 1 1 1 1 1 1 1 1 1 1 0 0 0 0 0 0 0 0 0 0 0 1 1 1 1 1 ]
L = [ 18 18 18 18 18 18 18 18 18 19 19 19 19 19 19 19 19 19 19 19 19 20 20 20 20 20 20 20 20 20 20 20 20 20 20 13 13 13 13 13 13 13 13 13 4 4 4 4 4 4 4 4 4 4 4 13 13 13 13 13 ]
l = [ 18 18 18 18 18 18 18 18 18 19 19 19 19 19 19 19 19 19 19 19 19 20 20 20 20 20 20 20 20 20 20 20 20 20 20 13 13 13 13 13 13 13 13 13 4 4 4 4 4 4 4 4 4 4 4 13 13 13 13 13 ]
Pmin = [ 100 100 100 100 100 100 100 100 100 100 100 100 100 100 100 100 100 100 100 100 100 100 100 100 100 100 100 100 100 100 100 100 100 100 100 71 71 71 71 71 71 71 71 71 19 19 19 19 19 19 19 19 19 19 19 71 71 71 71 71 ]
Pmax = [ 414 414 414 414 414 414 414 414 414 420 420 420 420 420 420 420 420 420 420 420 420 420 420 420 420 420 420 420 420 420 420 420 420 420 420 276 276 276 276 276 276 276 276 276 33 33 33 33 33 33 33 33 33 33 33 267 267 267 267 267 ]
cf = [ 61.8473 61.8473 61.8473 61.8473 61.8473 61.8473 61.8473 61.8473 61.8473 15.8271 15.8271 15.8271 15.8271 15.8271 15.8271 15.8271 15.8271 15.8271 15.8271 15.8271 15.8271 12.559 12.559 12.559 12.559 12.559 12.559 12.559 12.559 12.559 12.559 12.559 12.559 12.559 12.559 32.4745 32.4745 32.4745 32.4745 32.4745 32.4745 32.4745 32.4745 32.4745 27.2389 27.2389 27.2389 27.2389 27.2389 27.2389 27.2389 27.2389 27.2389 27.2389 27.2389 30.2207 30.2207 30.2207 30.2207 30.2207 ]
c0 = [ 251 254 258 263 269 276 285 295 306 251 254 258 263 269 276 285 295 306 319 333 348 251 254 258 263 269 276 285 295 306 319 333 348 364 381 185 186 189 193 197 203 209 217 225 68 69 70 71 73 75 77 80 83 86 90 185 187 189 193 198 ]
cp = [ 14.5882 14.5882 14.5882 14.5882 14.5882 14.5882 14.5882 14.5882 14.5882 10.6986 10.6986 10.6986 10.6986 10.6986 10.6986 10.6986 10.6986 10.6986 10.6986 10.6986 10.6986 8.02412 8.02412 8.02412 8.02412 8.02412 8.02412 8.02412 8.02412 8.02412 8.02412 8.02412 8.02412 8.02412 8.02412 19.5316 19.5316 19.5316 19.5316 19.5316 19.5316 19.5316 19.5316 19.5316 41.42 41.42 41.42 41.42 41.42 41.42 41.42 41.42 41.42 41.42 41.42 25.265 25.265 25.265 25.265 25.265 ]
D = [ 4182 4611 5218 6065 6406 6912 6941 8002 8306 8834 9055 9530 9842 10178 10730 11530 11859 12030 12867 13068 13257 13695 14332 14507 14978 14577 14109 13657 12690 12434 12091 11007 10736 9805 9124 10009 11151 11313 12063 13065 13312 12866 11420 10561 9255 8671 7415 5996 5129 6011 5926 6889 7123 7911 7725 8274 9292 9347 10198 10104 10803 11101 11462 12392 12754 13432 13923 14127 14401 15074 15767 15746 16205 15369 15136 14624 13921 12866 12528 11398 10759 9871 9237 10703 11721 12019 12815 14385 15026 14098 12246 11010 9915 8711 7939 6740 ]
K = 6
nk = [ 1 1 1 1 1 1 1 1 1 2 2 2 2 2 2 2 2 2 2 2 2 3 3 3 3 3 3 3 3 3 3 3 3 3 3 4 4 4 4 4 4 4 4 4 5 5 5 5 5 5 5 5 5 5 5 6 6 6 6 6 ]
First = [ 1 0 0 0 0 0 0 0 0 1 0 0 0 0 0 0 0 0 0 0 0 1 0 0 0 0 0 0 0 0 0 0 0 0 0 1 0 0 0 0 0 0 0 0 1 0 0 0 0 0 0 0 0 0 0 1 0 0 0 0 ]
Last = [ 0 0 0 0 0 0 0 0 1 0 0 0 0 0 0 0 0 0 0 0 1 0 0 0 0 0 0 0 0 0 0 0 0 0 1 0 0 0 0 0 0 0 0 1 0 0 0 0 0 0 0 0 0 0 1 0 0 0 0 1 ]
nS = 1
S = [ 0 1 2 3 4 5 6 7 8 9 10 11 12 13 14 15 16 17 18 19 20 21 22 23 24 25 26 27 28 29 30 31 32 33 34 35 36 37 38 39 40 41 42 43 44 45 46 47 48 49 50 51 52 53 54 55 56 57 58 59 ]
