n = 60 ; 
T = 96 ; 
Init = [ 1 1 1 1 1 1 1 1 1 1 1 1 1 1 1 1 1 1 1 1 1 1 1 1 1 1 1 1 1 1 1 1 1 1 1 1 0 0 0 0 1 1 1 1 1 1 1 1 1 0 0 0 0 0 0 0 0 0 0 0 ]
L = [ 4 4 4 4 4 4 4 4 4 4 4 4 4 4 4 4 4 4 8 8 8 8 8 8 8 8 8 8 8 8 8 8 8 8 8 8 10 10 10 10 2 2 2 9 9 9 9 9 9 3 3 3 3 3 3 3 3 3 3 3 ]
l = [ 4 4 4 4 4 4 4 4 4 4 4 4 4 4 4 4 4 4 8 8 8 8 8 8 8 8 8 8 8 8 8 8 8 8 8 8 10 10 10 10 2 2 2 9 9 9 9 9 9 3 3 3 3 3 3 3 3 3 3 3 ]
Pmin = [ 43 43 43 43 43 43 43 43 43 43 43 43 43 43 43 43 43 43 84 84 84 84 84 84 84 84 84 84 84 84 84 84 84 84 84 84 100 100 100 100 19 19 19 99 99 99 99 99 99 28 28 28 28 28 28 28 28 28 28 28 ]
Pmax = [ 154 154 154 154 154 154 154 154 154 154 154 154 154 154 154 154 154 154 350 350 350 350 350 350 350 350 350 350 350 350 350 350 350 350 350 350 420 420 420 420 47 47 47 392 392 392 392 392 392 78 78 78 78 78 78 78 78 78 78 78 ]
cf = [ 45.7403 45.7403 45.7403 45.7403 45.7403 45.7403 45.7403 45.7403 45.7403 45.7403 45.7403 45.7403 45.7403 45.7403 45.7403 45.7403 45.7403 45.7403 40.4948 40.4948 40.4948 40.4948 40.4948 40.4948 40.4948 40.4948 40.4948 40.4948 40.4948 40.4948 40.4948 40.4948 40.4948 40.4948 40.4948 40.4948 27.9618 27.9618 27.9618 27.9618 22.0443 22.0443 22.0443 64.1376 64.1376 64.1376 64.1376 64.1376 64.1376 15.8517 15.8517 15.8517 15.8517 15.8517 15.8517 15.8517 15.8517 15.8517 15.8517 15.8517 ]
c0 = [ 128 128 128 128 128 128 128 128 128 128 128 128 128 128 128 128 128 128 224 224 224 224 224 224 224 224 224 224 224 224 224 224 224 224 224 224 250 250 250 250 64 64 64 250 250 250 250 250 250 86 86 86 86 86 86 86 86 86 86 86 ]
cp = [ 37.7046 37.7046 37.7046 37.7046 37.7046 37.7046 37.7046 37.7046 37.7046 37.7046 37.7046 37.7046 37.7046 37.7046 37.7046 37.7046 37.7046 37.7046 21.8622 21.8622 21.8622 21.8622 21.8622 21.8622 21.8622 21.8622 21.8622 21.8622 21.8622 21.8622 21.8622 21.8622 21.8622 21.8622 21.8622 21.8622 9.15622 9.15622 9.15622 9.15622 41.4105 41.4105 41.4105 12.2208 12.2208 12.2208 12.2208 12.2208 12.2208 38.4911 38.4911 38.4911 38.4911 38.4911 38.4911 38.4911 38.4911 38.4911 38.4911 38.4911 ]
D = [ 3245 3602 4658 5272 6045 6562 7249 8064 8943 9285 10164 10675 11605 11015 9672 9211 8114 7648 8303 9934 11136 9081 7023 4990 2662 3766 4118 4826 5716 6540 7315 8016 8258 9142 10016 10458 11516 10617 9705 8872 8036 6941 7909 9505 10504 8568 7394 5546 4018 4574 5104 5725 6499 7038 7850 8187 8802 9618 10061 10862 11290 10555 9665 8587 7821 6977 7896 9433 10334 8360 6971 5365 3579 4353 4737 5889 6578 6967 7714 8327 8914 9947 10560 11348 11645 10895 9945 9394 8061 7469 8380 9560 10726 8666 6802 5362 ]
K = 6
nk = [ 1 1 1 1 1 1 1 1 1 1 1 1 1 1 1 1 1 1 2 2 2 2 2 2 2 2 2 2 2 2 2 2 2 2 2 2 3 3 3 3 4 4 4 5 5 5 5 5 5 6 6 6 6 6 6 6 6 6 6 6 ]
First = [ 1 0 0 0 0 0 0 0 0 0 0 0 0 0 0 0 0 0 1 0 0 0 0 0 0 0 0 0 0 0 0 0 0 0 0 0 1 0 0 0 1 0 0 1 0 0 0 0 0 1 0 0 0 0 0 0 0 0 0 0 ]
Last = [ 0 0 0 0 0 0 0 0 0 0 0 0 0 0 0 0 0 1 0 0 0 0 0 0 0 0 0 0 0 0 0 0 0 0 0 1 0 0 0 1 0 0 1 0 0 0 0 0 1 0 0 0 0 0 0 0 0 0 0 1 ]
nS = 1
S = [ 0 1 2 3 4 5 6 7 8 9 10 11 12 13 14 15 16 17 18 19 20 21 22 23 24 25 26 27 28 29 30 31 32 33 34 35 36 37 38 39 40 41 42 43 44 45 46 47 48 49 50 51 52 53 54 55 56 57 58 59 ]
