n = 60 ; 
T = 96 ; 
Init = [ 0 0 0 0 1 1 1 1 1 1 1 1 1 1 1 1 1 1 1 1 1 1 1 1 1 1 1 1 1 1 1 1 1 1 1 1 1 1 1 1 1 1 1 1 1 1 1 1 1 1 1 1 1 1 1 1 1 1 1 1 ]
L = [ 15 15 15 15 5 5 5 5 5 5 5 5 5 5 5 5 5 5 5 5 5 5 5 5 5 5 5 5 5 5 5 5 5 5 5 5 5 5 5 5 5 5 5 5 5 5 5 5 5 5 5 5 5 5 5 5 5 5 5 5 ]
l = [ 15 15 15 15 5 5 5 5 5 5 5 5 5 5 5 5 5 5 5 5 5 5 5 5 5 5 5 5 5 5 5 5 5 5 5 5 5 5 5 5 5 5 5 5 5 5 5 5 5 5 5 5 5 5 5 5 5 5 5 5 ]
Pmin = [ 86 86 86 86 20 20 20 20 20 20 20 20 20 20 20 20 20 20 20 20 20 20 20 20 20 20 20 20 20 20 20 20 20 20 20 20 20 20 20 20 20 20 20 20 20 20 20 20 20 20 20 20 20 20 20 20 20 20 20 20 ]
Pmax = [ 341 341 341 341 51 51 51 51 51 51 51 51 51 51 51 51 51 51 51 51 51 51 51 51 51 51 51 51 51 51 51 51 51 51 51 51 51 51 51 51 51 51 51 51 51 51 51 51 51 51 51 51 51 51 51 51 51 51 51 51 ]
cf = [ 60.9244 60.9244 60.9244 60.9244 9.54173 9.54173 9.54173 9.54173 9.54173 9.54173 9.54173 9.54173 9.54173 9.54173 9.54173 9.54173 9.54173 9.54173 9.54173 9.54173 9.54173 9.54173 9.54173 9.54173 9.54173 9.54173 9.54173 9.54173 9.54173 9.54173 9.54173 9.54173 9.54173 9.54173 9.54173 9.54173 9.54173 9.54173 9.54173 9.54173 9.54173 9.54173 9.54173 9.54173 9.54173 9.54173 9.54173 9.54173 9.54173 9.54173 9.54173 9.54173 9.54173 9.54173 9.54173 9.54173 9.54173 9.54173 9.54173 9.54173 ]
c0 = [ 232 234 238 242 77 77 78 80 82 84 87 90 93 97 101 106 111 116 122 128 134 141 149 156 164 172 181 190 200 210 220 231 242 253 265 277 290 303 316 330 344 358 373 388 404 420 436 453 470 488 506 524 543 562 581 601 621 642 663 684 ]
cp = [ 14.2176 14.2176 14.2176 14.2176 39.6331 39.6331 39.6331 39.6331 39.6331 39.6331 39.6331 39.6331 39.6331 39.6331 39.6331 39.6331 39.6331 39.6331 39.6331 39.6331 39.6331 39.6331 39.6331 39.6331 39.6331 39.6331 39.6331 39.6331 39.6331 39.6331 39.6331 39.6331 39.6331 39.6331 39.6331 39.6331 39.6331 39.6331 39.6331 39.6331 39.6331 39.6331 39.6331 39.6331 39.6331 39.6331 39.6331 39.6331 39.6331 39.6331 39.6331 39.6331 39.6331 39.6331 39.6331 39.6331 39.6331 39.6331 39.6331 39.6331 ]
D = [ 1144 1174 1199 1385 1526 1631 1744 1679 1904 2011 1986 2191 2313 2416 2388 2544 2577 2733 2923 2931 3123 3226 3233 3401 3541 3378 3128 2949 2929 2725 2516 2491 2217 2102 1995 2237 2263 2474 2719 2870 2921 2664 2545 2241 2157 1909 1662 1512 1242 1363 1399 1537 1722 1725 1820 1946 2054 2101 2267 2406 2491 2570 2745 2881 2877 3042 3069 3193 3287 3395 3483 3713 3790 3502 3483 3178 3032 2960 2717 2621 2396 2253 2022 2209 2466 2556 2764 2856 3056 2727 2591 2341 1985 1750 1531 1235 ]
K = 2
nk = [ 1 1 1 1 2 2 2 2 2 2 2 2 2 2 2 2 2 2 2 2 2 2 2 2 2 2 2 2 2 2 2 2 2 2 2 2 2 2 2 2 2 2 2 2 2 2 2 2 2 2 2 2 2 2 2 2 2 2 2 2 ]
First = [ 1 0 0 0 1 0 0 0 0 0 0 0 0 0 0 0 0 0 0 0 0 0 0 0 0 0 0 0 0 0 0 0 0 0 0 0 0 0 0 0 0 0 0 0 0 0 0 0 0 0 0 0 0 0 0 0 0 0 0 0 ]
Last = [ 0 0 0 1 0 0 0 0 0 0 0 0 0 0 0 0 0 0 0 0 0 0 0 0 0 0 0 0 0 0 0 0 0 0 0 0 0 0 0 0 0 0 0 0 0 0 0 0 0 0 0 0 0 0 0 0 0 0 0 1 ]
nS = 1
S = [ 0 1 2 3 4 5 6 7 8 9 10 11 12 13 14 15 16 17 18 19 20 21 22 23 24 25 26 27 28 29 30 31 32 33 34 35 36 37 38 39 40 41 42 43 44 45 46 47 48 49 50 51 52 53 54 55 56 57 58 59 ]
