n = 60 ; 
T = 96 ; 
Init = [ 0 0 0 0 0 0 0 0 0 0 0 0 0 0 0 0 0 0 0 0 0 0 0 0 0 0 0 1 1 1 1 1 1 1 1 1 1 1 1 1 1 1 1 1 1 1 1 1 1 0 0 0 0 0 0 0 0 0 0 0 ]
L = [ 10 10 10 10 5 5 5 5 5 5 5 5 5 5 5 5 5 5 5 5 5 5 5 5 5 5 5 2 2 2 2 2 2 2 2 2 2 2 2 2 2 2 2 2 2 2 2 2 2 8 8 8 8 8 8 8 8 8 8 8 ]
l = [ 10 10 10 10 5 5 5 5 5 5 5 5 5 5 5 5 5 5 5 5 5 5 5 5 5 5 5 2 2 2 2 2 2 2 2 2 2 2 2 2 2 2 2 2 2 2 2 2 2 8 8 8 8 8 8 8 8 8 8 8 ]
Pmin = [ 100 100 100 100 48 48 48 48 48 48 48 48 48 48 48 48 48 48 48 48 48 48 48 48 48 48 48 23 23 23 23 23 23 23 23 23 23 23 23 23 23 23 23 23 23 23 23 23 23 88 88 88 88 88 88 88 88 88 88 88 ]
Pmax = [ 420 420 420 420 190 190 190 190 190 190 190 190 190 190 190 190 190 190 190 190 190 190 190 190 190 190 190 71 71 71 71 71 71 71 71 71 71 71 71 71 71 71 71 71 71 71 71 71 71 339 339 339 339 339 339 339 339 339 339 339 ]
cf = [ 18.5132 18.5132 18.5132 18.5132 17.469 17.469 17.469 17.469 17.469 17.469 17.469 17.469 17.469 17.469 17.469 17.469 17.469 17.469 17.469 17.469 17.469 17.469 17.469 17.469 17.469 17.469 17.469 10.4267 10.4267 10.4267 10.4267 10.4267 10.4267 10.4267 10.4267 10.4267 10.4267 10.4267 10.4267 10.4267 10.4267 10.4267 10.4267 10.4267 10.4267 10.4267 10.4267 10.4267 10.4267 15.4556 15.4556 15.4556 15.4556 15.4556 15.4556 15.4556 15.4556 15.4556 15.4556 15.4556 ]
c0 = [ 250 250 250 250 130 130 130 130 130 130 130 130 130 130 130 130 130 130 130 130 130 130 130 130 130 130 130 80 80 80 80 80 80 80 80 80 80 80 80 80 80 80 80 80 80 80 80 80 80 223 223 223 223 223 223 223 223 223 223 223 ]
cp = [ 8.55637 8.55637 8.55637 8.55637 27.6435 27.6435 27.6435 27.6435 27.6435 27.6435 27.6435 27.6435 27.6435 27.6435 27.6435 27.6435 27.6435 27.6435 27.6435 27.6435 27.6435 27.6435 27.6435 27.6435 27.6435 27.6435 27.6435 32.2079 32.2079 32.2079 32.2079 32.2079 32.2079 32.2079 32.2079 32.2079 32.2079 32.2079 32.2079 32.2079 32.2079 32.2079 32.2079 32.2079 32.2079 32.2079 32.2079 32.2079 32.2079 21.9974 21.9974 21.9974 21.9974 21.9974 21.9974 21.9974 21.9974 21.9974 21.9974 21.9974 ]
D = [ 3430 3747 4116 4985 5339 6037 6468 7023 7215 7979 8407 8963 9391 8880 7948 7370 6525 5823 6749 7474 8044 6865 5383 4003 2161 2977 3337 4084 4767 5495 6095 6521 7178 7832 8402 8867 9448 8691 7701 7068 6510 5620 6544 7233 8243 6929 5681 4315 3385 3773 4088 4720 5329 5799 6068 6812 7290 7845 8201 8739 9272 8674 7919 7202 6403 5350 6480 7196 8200 6493 5600 3974 2766 3429 3885 4731 5200 5780 6273 6705 7499 7774 8629 9017 9593 8726 8292 7290 6895 6063 7047 7477 8490 7001 5245 3951 ]
K = 4
nk = [ 1 1 1 1 2 2 2 2 2 2 2 2 2 2 2 2 2 2 2 2 2 2 2 2 2 2 2 3 3 3 3 3 3 3 3 3 3 3 3 3 3 3 3 3 3 3 3 3 3 4 4 4 4 4 4 4 4 4 4 4 ]
First = [ 1 0 0 0 1 0 0 0 0 0 0 0 0 0 0 0 0 0 0 0 0 0 0 0 0 0 0 1 0 0 0 0 0 0 0 0 0 0 0 0 0 0 0 0 0 0 0 0 0 1 0 0 0 0 0 0 0 0 0 0 ]
Last = [ 0 0 0 1 0 0 0 0 0 0 0 0 0 0 0 0 0 0 0 0 0 0 0 0 0 0 1 0 0 0 0 0 0 0 0 0 0 0 0 0 0 0 0 0 0 0 0 0 1 0 0 0 0 0 0 0 0 0 0 1 ]
nS = 1
S = [ 0 1 2 3 4 5 6 7 8 9 10 11 12 13 14 15 16 17 18 19 20 21 22 23 24 25 26 27 28 29 30 31 32 33 34 35 36 37 38 39 40 41 42 43 44 45 46 47 48 49 50 51 52 53 54 55 56 57 58 59 ]
