n = 60 ; 
T = 96 ; 
Init = [ 0 0 0 0 0 0 0 0 0 0 0 0 0 0 0 0 0 0 0 0 0 0 0 0 0 0 0 0 0 0 0 0 0 0 0 0 0 0 0 0 0 0 0 0 0 0 0 0 0 0 0 0 0 0 0 0 0 0 0 0 ]
L = [ 18 18 18 18 18 18 18 18 18 18 18 18 18 18 18 18 18 18 18 18 18 18 18 18 18 18 18 18 18 18 18 18 18 18 18 18 18 18 18 18 18 18 18 18 18 18 18 18 18 18 18 18 18 18 18 18 18 18 18 18 ]
l = [ 18 18 18 18 18 18 18 18 18 18 18 18 18 18 18 18 18 18 18 18 18 18 18 18 18 18 18 18 18 18 18 18 18 18 18 18 18 18 18 18 18 18 18 18 18 18 18 18 18 18 18 18 18 18 18 18 18 18 18 18 ]
Pmin = [ 100 100 100 100 100 100 100 100 100 100 100 100 100 100 100 100 100 100 100 100 100 100 100 100 100 100 100 100 100 100 100 100 100 100 100 100 100 100 100 100 100 100 100 100 100 100 100 100 100 100 100 100 100 100 100 100 100 100 100 100 ]
Pmax = [ 417 417 417 417 417 417 417 417 417 417 417 417 417 417 417 417 417 417 417 417 417 417 417 417 417 417 417 417 417 417 417 417 417 417 417 417 417 417 417 417 417 417 417 417 417 417 417 417 417 417 417 417 417 417 417 417 417 417 417 417 ]
cf = [ 9.45558 9.45558 9.45558 9.45558 9.45558 9.45558 9.45558 9.45558 9.45558 9.45558 9.45558 9.45558 9.45558 9.45558 9.45558 9.45558 9.45558 9.45558 9.45558 9.45558 9.45558 9.45558 9.45558 9.45558 9.45558 9.45558 9.45558 9.45558 9.45558 9.45558 9.45558 9.45558 9.45558 9.45558 9.45558 9.45558 9.45558 9.45558 9.45558 9.45558 9.45558 9.45558 9.45558 9.45558 9.45558 9.45558 9.45558 9.45558 9.45558 9.45558 9.45558 9.45558 9.45558 9.45558 9.45558 9.45558 9.45558 9.45558 9.45558 9.45558 ]
c0 = [ 251 254 258 263 269 276 285 295 306 319 333 348 364 381 400 420 441 464 488 513 539 566 595 625 656 689 723 758 794 831 870 910 951 994 1038 1083 1129 1176 1225 1275 1326 1379 1433 1488 1544 1601 1660 1720 1781 1844 1908 1973 2039 2106 2175 2245 2316 2389 2463 2538 ]
cp = [ 11.6694 11.6694 11.6694 11.6694 11.6694 11.6694 11.6694 11.6694 11.6694 11.6694 11.6694 11.6694 11.6694 11.6694 11.6694 11.6694 11.6694 11.6694 11.6694 11.6694 11.6694 11.6694 11.6694 11.6694 11.6694 11.6694 11.6694 11.6694 11.6694 11.6694 11.6694 11.6694 11.6694 11.6694 11.6694 11.6694 11.6694 11.6694 11.6694 11.6694 11.6694 11.6694 11.6694 11.6694 11.6694 11.6694 11.6694 11.6694 11.6694 11.6694 11.6694 11.6694 11.6694 11.6694 11.6694 11.6694 11.6694 11.6694 11.6694 11.6694 ]
D = [ 5004 5569 6672 7714 7623 9125 9608 9786 10947 11161 11812 12837 13442 14111 15191 16046 16728 17294 17936 18109 18675 20174 20221 21545 22333 20957 19526 19265 17756 17527 16449 15257 14904 13238 12398 14348 15576 16613 17050 18749 19310 17851 16026 14644 13164 11729 9511 8023 5830 7115 8089 8308 9071 9691 10311 10753 11204 12541 12538 13232 13638 14410 15159 16427 16463 17736 18391 18652 19785 19741 20207 21589 22013 21023 19879 19070 17760 16617 16036 14765 14258 13001 12301 13259 14327 15949 17702 18571 19882 17998 16929 15011 13251 11281 9983 8611 ]
K = 1
nk = [ 1 1 1 1 1 1 1 1 1 1 1 1 1 1 1 1 1 1 1 1 1 1 1 1 1 1 1 1 1 1 1 1 1 1 1 1 1 1 1 1 1 1 1 1 1 1 1 1 1 1 1 1 1 1 1 1 1 1 1 1 ]
First = [ 1 0 0 0 0 0 0 0 0 0 0 0 0 0 0 0 0 0 0 0 0 0 0 0 0 0 0 0 0 0 0 0 0 0 0 0 0 0 0 0 0 0 0 0 0 0 0 0 0 0 0 0 0 0 0 0 0 0 0 0 ]
Last = [ 0 0 0 0 0 0 0 0 0 0 0 0 0 0 0 0 0 0 0 0 0 0 0 0 0 0 0 0 0 0 0 0 0 0 0 0 0 0 0 0 0 0 0 0 0 0 0 0 0 0 0 0 0 0 0 0 0 0 0 1 ]
nS = 1
S = [ 0 1 2 3 4 5 6 7 8 9 10 11 12 13 14 15 16 17 18 19 20 21 22 23 24 25 26 27 28 29 30 31 32 33 34 35 36 37 38 39 40 41 42 43 44 45 46 47 48 49 50 51 52 53 54 55 56 57 58 59 ]
