n = 60 ; 
T = 96 ; 
Init = [ 1 1 1 1 1 1 1 1 1 1 1 1 1 1 1 1 1 1 1 1 1 1 1 1 1 1 1 1 1 1 0 0 0 0 0 0 1 1 1 1 1 1 1 1 1 1 1 1 1 1 1 1 1 0 0 0 0 0 0 1 ]
L = [ 8 8 8 8 8 8 8 8 7 7 7 8 8 8 8 8 8 8 8 8 8 8 8 8 8 8 8 8 8 8 6 6 6 6 6 6 2 2 2 2 2 2 2 2 2 2 2 2 2 2 2 2 2 8 8 8 8 8 8 2 ]
l = [ 8 8 8 8 8 8 8 8 7 7 7 8 8 8 8 8 8 8 8 8 8 8 8 8 8 8 8 8 8 8 6 6 6 6 6 6 2 2 2 2 2 2 2 2 2 2 2 2 2 2 2 2 2 8 8 8 8 8 8 2 ]
Pmin = [ 95 95 95 95 95 95 95 95 80 80 80 85 85 85 85 85 85 85 85 85 85 85 85 85 85 85 85 85 85 85 55 55 55 55 55 55 15 15 15 15 15 15 15 15 15 15 15 15 15 15 15 15 15 87 87 87 87 87 87 24 ]
Pmax = [ 362 362 362 362 362 362 362 362 303 303 303 333 333 333 333 333 333 333 333 333 333 333 333 333 333 333 333 333 333 333 224 224 224 224 224 224 43 43 43 43 43 43 43 43 43 43 43 43 43 43 43 43 43 352 352 352 352 352 352 64 ]
cf = [ 56.4394 56.4394 56.4394 56.4394 56.4394 56.4394 56.4394 56.4394 7.53301 7.53301 7.53301 59.4387 59.4387 59.4387 59.4387 59.4387 59.4387 59.4387 59.4387 59.4387 59.4387 59.4387 59.4387 59.4387 59.4387 59.4387 59.4387 59.4387 59.4387 59.4387 22.1258 22.1258 22.1258 22.1258 22.1258 22.1258 36.744 36.744 36.744 36.744 36.744 36.744 36.744 36.744 36.744 36.744 36.744 36.744 36.744 36.744 36.744 36.744 36.744 37.5956 37.5956 37.5956 37.5956 37.5956 37.5956 11.0669 ]
c0 = [ 242 242 242 242 242 242 242 242 216 216 216 218 218 218 218 218 218 218 218 218 218 218 218 218 218 218 218 218 218 218 146 146 146 146 146 146 55 55 55 55 55 55 55 55 55 55 55 55 55 55 55 55 55 241 241 241 241 241 241 75 ]
cp = [ 14.6423 14.6423 14.6423 14.6423 14.6423 14.6423 14.6423 14.6423 21.5652 21.5652 21.5652 12.6518 12.6518 12.6518 12.6518 12.6518 12.6518 12.6518 12.6518 12.6518 12.6518 12.6518 12.6518 12.6518 12.6518 12.6518 12.6518 12.6518 12.6518 12.6518 33.7353 33.7353 33.7353 33.7353 33.7353 33.7353 41.3738 41.3738 41.3738 41.3738 41.3738 41.3738 41.3738 41.3738 41.3738 41.3738 41.3738 41.3738 41.3738 41.3738 41.3738 41.3738 41.3738 15.346 15.346 15.346 15.346 15.346 15.346 39.6429 ]
D = [ 3727 4766 5661 6006 6794 7739 8501 9249 9668 10483 11509 11910 12903 12059 10495 9497 8701 7798 8880 9648 11246 8844 7181 5047 2900 4024 4784 5708 6402 7333 7720 8608 9551 10512 11069 12077 12739 11527 10208 9108 7984 6743 8338 9227 10310 8388 6591 4699 2766 3545 4663 5536 6273 6938 7702 8568 9393 10243 11250 11658 12839 11579 10525 9215 8403 7442 8524 9988 11149 9309 6892 5432 3256 4031 5027 5666 6171 7227 7790 8721 9728 10344 11287 11756 12566 11784 10150 9463 8136 6851 8282 9500 11055 9029 7062 5596 ]
K = 7
nk = [ 1 1 1 1 1 1 1 1 2 2 2 3 3 3 3 3 3 3 3 3 3 3 3 3 3 3 3 3 3 3 4 4 4 4 4 4 5 5 5 5 5 5 5 5 5 5 5 5 5 5 5 5 5 6 6 6 6 6 6 7 ]
First = [ 1 0 0 0 0 0 0 0 1 0 0 1 0 0 0 0 0 0 0 0 0 0 0 0 0 0 0 0 0 0 1 0 0 0 0 0 1 0 0 0 0 0 0 0 0 0 0 0 0 0 0 0 0 1 0 0 0 0 0 1 ]
Last = [ 0 0 0 0 0 0 0 1 0 0 1 0 0 0 0 0 0 0 0 0 0 0 0 0 0 0 0 0 0 1 0 0 0 0 0 1 0 0 0 0 0 0 0 0 0 0 0 0 0 0 0 0 1 0 0 0 0 0 1 1 ]
nS = 1
S = [ 0 1 2 3 4 5 6 7 8 9 10 11 12 13 14 15 16 17 18 19 20 21 22 23 24 25 26 27 28 29 30 31 32 33 34 35 36 37 38 39 40 41 42 43 44 45 46 47 48 49 50 51 52 53 54 55 56 57 58 59 ]
