n = 60 ; 
T = 96 ; 
Init = [ 1 1 1 1 1 1 1 1 1 1 1 1 1 1 1 1 1 1 0 0 0 0 0 0 0 0 0 0 0 0 0 0 0 0 0 0 0 0 0 0 0 0 1 1 1 1 1 0 0 0 0 0 0 0 0 0 0 0 0 0 ]
L = [ 2 2 2 2 2 2 2 2 2 2 2 2 2 2 2 2 2 2 3 3 3 3 3 3 3 3 3 3 3 3 3 3 3 7 7 7 7 7 7 7 7 7 9 9 9 9 9 6 6 6 6 6 6 6 6 6 6 6 6 6 ]
l = [ 2 2 2 2 2 2 2 2 2 2 2 2 2 2 2 2 2 2 3 3 3 3 3 3 3 3 3 3 3 3 3 3 3 7 7 7 7 7 7 7 7 7 9 9 9 9 9 6 6 6 6 6 6 6 6 6 6 6 6 6 ]
Pmin = [ 31 31 31 31 31 31 31 31 31 31 31 31 31 31 31 31 31 31 25 25 25 25 25 25 25 25 25 25 25 25 25 25 25 82 82 82 82 82 82 82 82 82 100 100 100 100 100 63 63 63 63 63 63 63 63 63 63 63 63 63 ]
Pmax = [ 82 82 82 82 82 82 82 82 82 82 82 82 82 82 82 82 82 82 83 83 83 83 83 83 83 83 83 83 83 83 83 83 83 309 309 309 309 309 309 309 309 309 400 400 400 400 400 230 230 230 230 230 230 230 230 230 230 230 230 230 ]
cf = [ 43.2563 43.2563 43.2563 43.2563 43.2563 43.2563 43.2563 43.2563 43.2563 43.2563 43.2563 43.2563 43.2563 43.2563 43.2563 43.2563 43.2563 43.2563 59.8603 59.8603 59.8603 59.8603 59.8603 59.8603 59.8603 59.8603 59.8603 59.8603 59.8603 59.8603 59.8603 59.8603 59.8603 58.2845 58.2845 58.2845 58.2845 58.2845 58.2845 58.2845 58.2845 58.2845 67.5645 67.5645 67.5645 67.5645 67.5645 58.3776 58.3776 58.3776 58.3776 58.3776 58.3776 58.3776 58.3776 58.3776 58.3776 58.3776 58.3776 58.3776 ]
c0 = [ 92 92 92 92 92 92 92 92 92 92 92 92 92 92 92 92 92 92 86 86 86 86 86 86 86 86 86 86 86 86 86 86 86 208 208 208 208 208 208 208 208 208 250 250 250 250 250 172 172 172 172 172 172 172 172 172 172 172 172 172 ]
cp = [ 40.3795 40.3795 40.3795 40.3795 40.3795 40.3795 40.3795 40.3795 40.3795 40.3795 40.3795 40.3795 40.3795 40.3795 40.3795 40.3795 40.3795 40.3795 36.33 36.33 36.33 36.33 36.33 36.33 36.33 36.33 36.33 36.33 36.33 36.33 36.33 36.33 36.33 25.3265 25.3265 25.3265 25.3265 25.3265 25.3265 25.3265 25.3265 25.3265 8.45936 8.45936 8.45936 8.45936 8.45936 36.4063 36.4063 36.4063 36.4063 36.4063 36.4063 36.4063 36.4063 36.4063 36.4063 36.4063 36.4063 36.4063 ]
D = [ 2138 2610 3345 3972 4214 4694 5399 5846 6583 7114 7408 8053 8629 8024 7299 6738 5880 4969 6090 7330 8176 7002 5886 4516 2921 3509 4155 4510 4866 5592 6061 6349 6813 7601 8079 8527 8642 7987 7235 6643 5971 4946 5777 6896 7511 6552 5067 4255 2897 3299 3961 4418 4987 5104 5857 6253 6779 6921 7722 8137 8277 7992 7409 6591 5883 5458 6170 7058 8091 6594 5609 4333 3031 3650 4279 4702 5105 5733 6266 6749 7252 7723 8275 8881 9275 8437 7799 6738 5913 5053 5981 7008 7686 6442 5022 3647 ]
K = 5
nk = [ 1 1 1 1 1 1 1 1 1 1 1 1 1 1 1 1 1 1 2 2 2 2 2 2 2 2 2 2 2 2 2 2 2 3 3 3 3 3 3 3 3 3 4 4 4 4 4 5 5 5 5 5 5 5 5 5 5 5 5 5 ]
First = [ 1 0 0 0 0 0 0 0 0 0 0 0 0 0 0 0 0 0 1 0 0 0 0 0 0 0 0 0 0 0 0 0 0 1 0 0 0 0 0 0 0 0 1 0 0 0 0 1 0 0 0 0 0 0 0 0 0 0 0 0 ]
Last = [ 0 0 0 0 0 0 0 0 0 0 0 0 0 0 0 0 0 1 0 0 0 0 0 0 0 0 0 0 0 0 0 0 1 0 0 0 0 0 0 0 0 1 0 0 0 0 1 0 0 0 0 0 0 0 0 0 0 0 0 1 ]
nS = 1
S = [ 0 1 2 3 4 5 6 7 8 9 10 11 12 13 14 15 16 17 18 19 20 21 22 23 24 25 26 27 28 29 30 31 32 33 34 35 36 37 38 39 40 41 42 43 44 45 46 47 48 49 50 51 52 53 54 55 56 57 58 59 ]
