n = 60 ; 
T = 96 ; 
Init = [ 0 0 0 0 0 0 0 0 0 0 0 0 1 1 1 1 1 1 1 1 1 1 0 0 0 0 0 0 0 1 1 1 1 1 1 1 1 1 1 0 0 0 0 0 0 0 0 0 0 0 0 0 0 0 1 1 1 1 1 1 ]
L = [ 7 7 7 7 7 7 7 7 7 7 7 7 8 8 8 8 8 8 8 8 8 8 3 3 3 3 3 3 3 5 5 5 5 5 5 5 5 5 5 8 8 8 8 8 8 8 8 8 8 8 8 8 8 7 4 4 4 4 4 4 ]
l = [ 7 7 7 7 7 7 7 7 7 7 7 7 8 8 8 8 8 8 8 8 8 8 3 3 3 3 3 3 3 5 5 5 5 5 5 5 5 5 5 8 8 8 8 8 8 8 8 8 8 8 8 8 8 7 4 4 4 4 4 4 ]
Pmin = [ 77 77 77 77 77 77 77 77 77 77 77 77 82 82 82 82 82 82 82 82 82 82 30 30 30 30 30 30 30 48 48 48 48 48 48 48 48 48 48 89 89 89 89 89 89 89 89 89 89 89 89 89 89 75 37 37 37 37 37 37 ]
Pmax = [ 281 281 281 281 281 281 281 281 281 281 281 281 317 317 317 317 317 317 317 317 317 317 99 99 99 99 99 99 99 163 163 163 163 163 163 163 163 163 163 353 353 353 353 353 353 353 353 353 353 353 353 353 353 289 138 138 138 138 138 138 ]
cf = [ 8.41058 8.41058 8.41058 8.41058 8.41058 8.41058 8.41058 8.41058 8.41058 8.41058 8.41058 8.41058 51.4461 51.4461 51.4461 51.4461 51.4461 51.4461 51.4461 51.4461 51.4461 51.4461 8.74906 8.74906 8.74906 8.74906 8.74906 8.74906 8.74906 17.011 17.011 17.011 17.011 17.011 17.011 17.011 17.011 17.011 17.011 11.7845 11.7845 11.7845 11.7845 11.7845 11.7845 11.7845 11.7845 11.7845 11.7845 11.7845 11.7845 11.7845 11.7845 51.7361 28.4605 28.4605 28.4605 28.4605 28.4605 28.4605 ]
c0 = [ 196 196 196 196 196 196 196 196 196 196 196 196 227 227 227 227 227 227 227 227 227 227 87 87 87 87 87 87 87 141 141 141 141 141 141 141 141 141 141 224 224 224 224 224 224 224 224 224 224 224 224 224 224 210 115 115 115 115 115 115 ]
cp = [ 20.5535 20.5535 20.5535 20.5535 20.5535 20.5535 20.5535 20.5535 20.5535 20.5535 20.5535 20.5535 15.5355 15.5355 15.5355 15.5355 15.5355 15.5355 15.5355 15.5355 15.5355 15.5355 25.3924 25.3924 25.3924 25.3924 25.3924 25.3924 25.3924 31.5371 31.5371 31.5371 31.5371 31.5371 31.5371 31.5371 31.5371 31.5371 31.5371 17.9659 17.9659 17.9659 17.9659 17.9659 17.9659 17.9659 17.9659 17.9659 17.9659 17.9659 17.9659 17.9659 17.9659 23.6881 24.6631 24.6631 24.6631 24.6631 24.6631 24.6631 ]
D = [ 3536 4360 5054 5685 6860 7068 8025 8899 9797 10158 11082 11776 12645 11767 10724 9127 8351 7226 8606 10236 12124 10322 8192 6508 4523 5219 5820 6417 7057 8136 8562 9257 9946 11093 11339 12237 12961 11852 10973 9397 8317 6913 8546 9728 10457 8638 7222 5116 3483 4051 5333 5790 6832 7391 8361 9162 10020 10963 11729 12413 13476 12452 11171 9735 9005 7919 8677 9816 10724 8955 7114 6013 4251 4548 5517 6269 7024 7626 7999 8489 9238 10185 10708 11576 11869 11257 10175 8992 8241 7461 8723 9463 10514 9223 7180 5933 ]
K = 7
nk = [ 1 1 1 1 1 1 1 1 1 1 1 1 2 2 2 2 2 2 2 2 2 2 3 3 3 3 3 3 3 4 4 4 4 4 4 4 4 4 4 5 5 5 5 5 5 5 5 5 5 5 5 5 5 6 7 7 7 7 7 7 ]
First = [ 1 0 0 0 0 0 0 0 0 0 0 0 1 0 0 0 0 0 0 0 0 0 1 0 0 0 0 0 0 1 0 0 0 0 0 0 0 0 0 1 0 0 0 0 0 0 0 0 0 0 0 0 0 1 1 0 0 0 0 0 ]
Last = [ 0 0 0 0 0 0 0 0 0 0 0 1 0 0 0 0 0 0 0 0 0 1 0 0 0 0 0 0 1 0 0 0 0 0 0 0 0 0 1 0 0 0 0 0 0 0 0 0 0 0 0 0 1 1 0 0 0 0 0 1 ]
nS = 1
S = [ 0 1 2 3 4 5 6 7 8 9 10 11 12 13 14 15 16 17 18 19 20 21 22 23 24 25 26 27 28 29 30 31 32 33 34 35 36 37 38 39 40 41 42 43 44 45 46 47 48 49 50 51 52 53 54 55 56 57 58 59 ]
