n = 60 ; 
T = 96 ; 
Init = [ 0 0 0 0 1 1 1 1 0 0 0 0 0 1 1 1 1 1 0 0 0 0 0 0 0 0 0 0 0 0 0 0 0 0 0 0 0 0 0 0 0 0 0 0 0 0 1 1 1 1 1 1 1 1 1 1 1 1 1 1 ]
L = [ 4 4 4 4 3 3 3 3 3 3 3 3 3 10 10 10 10 10 8 8 8 8 8 8 8 8 8 8 8 8 8 8 8 8 8 8 8 8 8 8 8 8 8 8 8 8 5 5 5 5 5 5 5 5 5 5 5 5 5 5 ]
l = [ 4 4 4 4 3 3 3 3 3 3 3 3 3 10 10 10 10 10 8 8 8 8 8 8 8 8 8 8 8 8 8 8 8 8 8 8 8 8 8 8 8 8 8 8 8 8 5 5 5 5 5 5 5 5 5 5 5 5 5 5 ]
Pmin = [ 36 36 36 36 34 34 34 34 20 20 20 20 20 100 100 100 100 100 92 92 92 92 92 92 92 92 92 92 92 92 92 92 83 83 83 83 83 83 83 83 83 83 83 83 83 83 54 54 54 54 54 54 54 54 54 54 54 54 54 54 ]
Pmax = [ 106 106 106 106 97 97 97 97 50 50 50 50 50 420 420 420 420 420 350 350 350 350 350 350 350 350 350 350 350 350 350 350 313 313 313 313 313 313 313 313 313 313 313 313 313 313 183 183 183 183 183 183 183 183 183 183 183 183 183 183 ]
cf = [ 59.0565 59.0565 59.0565 59.0565 51.1684 51.1684 51.1684 51.1684 20.8749 20.8749 20.8749 20.8749 20.8749 38.326 38.326 38.326 38.326 38.326 53.1852 53.1852 53.1852 53.1852 53.1852 53.1852 53.1852 53.1852 53.1852 53.1852 53.1852 53.1852 53.1852 53.1852 36.976 36.976 36.976 36.976 36.976 36.976 36.976 36.976 36.976 36.976 36.976 36.976 36.976 36.976 43.7954 43.7954 43.7954 43.7954 43.7954 43.7954 43.7954 43.7954 43.7954 43.7954 43.7954 43.7954 43.7954 43.7954 ]
c0 = [ 99 99 99 99 111 111 111 111 74 74 74 74 74 250 250 250 250 250 239 239 239 239 239 239 239 239 239 239 239 239 239 239 215 215 215 215 215 215 215 215 215 215 215 215 215 215 143 143 143 143 143 143 143 143 143 143 143 143 143 143 ]
cp = [ 38.0469 38.0469 38.0469 38.0469 40.6056 40.6056 40.6056 40.6056 34.4739 34.4739 34.4739 34.4739 34.4739 9.97308 9.97308 9.97308 9.97308 9.97308 15.1816 15.1816 15.1816 15.1816 15.1816 15.1816 15.1816 15.1816 15.1816 15.1816 15.1816 15.1816 15.1816 15.1816 19.618 19.618 19.618 19.618 19.618 19.618 19.618 19.618 19.618 19.618 19.618 19.618 19.618 19.618 24.8019 24.8019 24.8019 24.8019 24.8019 24.8019 24.8019 24.8019 24.8019 24.8019 24.8019 24.8019 24.8019 24.8019 ]
D = [ 4632 5329 6121 6950 7479 8126 8918 9695 10546 11451 11859 12728 13280 12123 11463 10025 8766 8072 8952 9510 10713 8769 6925 5098 3260 4051 5059 5880 6110 7192 7789 8512 9033 10253 10474 11747 12021 11304 10121 9307 8453 7555 8955 10279 11673 9724 7744 5422 3483 3861 4690 5366 6627 6952 7733 8750 9546 10325 11137 11828 12703 11586 10550 9160 8389 6867 8483 9475 10865 8892 7566 5663 4148 4801 5999 6617 7318 7812 8910 9755 10249 10984 11845 12936 13703 12450 11011 9732 8538 7404 8690 10509 11994 10182 8100 6413 ]
K = 7
nk = [ 1 1 1 1 2 2 2 2 3 3 3 3 3 4 4 4 4 4 5 5 5 5 5 5 5 5 5 5 5 5 5 5 6 6 6 6 6 6 6 6 6 6 6 6 6 6 7 7 7 7 7 7 7 7 7 7 7 7 7 7 ]
First = [ 1 0 0 0 1 0 0 0 1 0 0 0 0 1 0 0 0 0 1 0 0 0 0 0 0 0 0 0 0 0 0 0 1 0 0 0 0 0 0 0 0 0 0 0 0 0 1 0 0 0 0 0 0 0 0 0 0 0 0 0 ]
Last = [ 0 0 0 1 0 0 0 1 0 0 0 0 1 0 0 0 0 1 0 0 0 0 0 0 0 0 0 0 0 0 0 1 0 0 0 0 0 0 0 0 0 0 0 0 0 1 0 0 0 0 0 0 0 0 0 0 0 0 0 1 ]
nS = 1
S = [ 0 1 2 3 4 5 6 7 8 9 10 11 12 13 14 15 16 17 18 19 20 21 22 23 24 25 26 27 28 29 30 31 32 33 34 35 36 37 38 39 40 41 42 43 44 45 46 47 48 49 50 51 52 53 54 55 56 57 58 59 ]
