n = 60 ; 
T = 96 ; 
Init = [ 0 0 0 0 0 0 0 0 0 0 0 0 0 0 0 0 0 0 0 0 0 0 0 0 0 0 0 1 1 1 1 1 1 1 1 1 1 1 1 1 1 1 1 1 1 1 1 1 1 1 1 1 1 1 1 1 1 1 1 1 ]
L = [ 10 10 10 10 10 10 10 10 10 10 10 10 10 10 10 10 10 10 10 10 4 4 4 4 4 4 4 3 3 3 3 3 3 3 3 3 3 3 3 3 3 3 3 5 5 5 5 5 5 2 2 2 2 2 2 2 2 2 2 2 ]
l = [ 10 10 10 10 10 10 10 10 10 10 10 10 10 10 10 10 10 10 10 10 4 4 4 4 4 4 4 3 3 3 3 3 3 3 3 3 3 3 3 3 3 3 3 5 5 5 5 5 5 2 2 2 2 2 2 2 2 2 2 2 ]
Pmin = [ 100 100 100 100 100 100 100 100 100 100 100 100 100 100 100 100 100 100 100 100 41 41 41 41 41 41 41 34 34 34 34 34 34 34 34 34 34 34 34 34 34 34 34 49 49 49 49 49 49 17 17 17 17 17 17 17 17 17 17 17 ]
Pmax = [ 420 420 420 420 420 420 420 420 420 420 420 420 420 420 420 420 420 420 420 420 164 164 164 164 164 164 164 108 108 108 108 108 108 108 108 108 108 108 108 108 108 108 108 191 191 191 191 191 191 42 42 42 42 42 42 42 42 42 42 42 ]
cf = [ 52.3388 52.3388 52.3388 52.3388 52.3388 52.3388 52.3388 52.3388 52.3388 52.3388 52.3388 52.3388 52.3388 52.3388 52.3388 52.3388 52.3388 52.3388 52.3388 52.3388 61.0292 61.0292 61.0292 61.0292 61.0292 61.0292 61.0292 53.0664 53.0664 53.0664 53.0664 53.0664 53.0664 53.0664 53.0664 53.0664 53.0664 53.0664 53.0664 53.0664 53.0664 53.0664 53.0664 39.8575 39.8575 39.8575 39.8575 39.8575 39.8575 66.2148 66.2148 66.2148 66.2148 66.2148 66.2148 66.2148 66.2148 66.2148 66.2148 66.2148 ]
c0 = [ 250 250 250 250 250 250 250 250 250 250 250 250 250 250 250 250 250 250 250 250 112 112 112 112 112 112 112 114 114 114 114 114 114 114 114 114 114 114 114 114 114 114 114 150 150 150 150 150 150 67 67 67 67 67 67 67 67 67 67 67 ]
cp = [ 9.18395 9.18395 9.18395 9.18395 9.18395 9.18395 9.18395 9.18395 9.18395 9.18395 9.18395 9.18395 9.18395 9.18395 9.18395 9.18395 9.18395 9.18395 9.18395 9.18395 36.056 36.056 36.056 36.056 36.056 36.056 36.056 29.8857 29.8857 29.8857 29.8857 29.8857 29.8857 29.8857 29.8857 29.8857 29.8857 29.8857 29.8857 29.8857 29.8857 29.8857 29.8857 39.0958 39.0958 39.0958 39.0958 39.0958 39.0958 40.3937 40.3937 40.3937 40.3937 40.3937 40.3937 40.3937 40.3937 40.3937 40.3937 40.3937 ]
D = [ 2927 3183 4258 4644 5602 6392 7145 7486 8293 9190 9861 10218 11245 10245 9365 8195 7698 6371 7690 8678 9663 7903 6456 4725 3539 3829 4826 5519 6188 6873 7312 8075 8816 9415 9773 10714 11288 10184 9304 8135 7046 6407 7405 8684 10140 8520 6662 4786 2793 3558 4477 4900 5492 6450 6888 7511 8254 8800 9510 10198 10963 10420 9487 8590 7634 6515 7698 8242 9007 7913 6356 4559 3528 4036 4494 5154 5903 6622 7196 7710 8188 9223 9803 10149 10701 10249 9124 7923 7400 6241 7694 9146 10078 8648 6407 4557 ]
K = 5
nk = [ 1 1 1 1 1 1 1 1 1 1 1 1 1 1 1 1 1 1 1 1 2 2 2 2 2 2 2 3 3 3 3 3 3 3 3 3 3 3 3 3 3 3 3 4 4 4 4 4 4 5 5 5 5 5 5 5 5 5 5 5 ]
First = [ 1 0 0 0 0 0 0 0 0 0 0 0 0 0 0 0 0 0 0 0 1 0 0 0 0 0 0 1 0 0 0 0 0 0 0 0 0 0 0 0 0 0 0 1 0 0 0 0 0 1 0 0 0 0 0 0 0 0 0 0 ]
Last = [ 0 0 0 0 0 0 0 0 0 0 0 0 0 0 0 0 0 0 0 1 0 0 0 0 0 0 1 0 0 0 0 0 0 0 0 0 0 0 0 0 0 0 1 0 0 0 0 0 1 0 0 0 0 0 0 0 0 0 0 1 ]
nS = 1
S = [ 0 1 2 3 4 5 6 7 8 9 10 11 12 13 14 15 16 17 18 19 20 21 22 23 24 25 26 27 28 29 30 31 32 33 34 35 36 37 38 39 40 41 42 43 44 45 46 47 48 49 50 51 52 53 54 55 56 57 58 59 ]
