n = 60 ; 
T = 96 ; 
Init = [ 0 0 0 0 0 0 0 1 1 1 1 1 1 1 1 1 1 1 1 0 0 0 0 1 1 1 1 1 1 1 1 1 1 1 1 1 1 1 1 1 1 1 1 1 1 1 0 0 0 0 0 0 0 0 0 0 0 0 0 1 ]
L = [ 6 6 6 6 6 6 6 7 7 7 7 7 7 7 7 7 7 7 7 9 9 9 9 2 2 2 2 5 5 5 5 5 3 3 3 3 3 3 3 3 3 3 3 5 5 5 6 6 6 6 6 6 6 6 6 6 6 6 6 3 ]
l = [ 6 6 6 6 6 6 6 7 7 7 7 7 7 7 7 7 7 7 7 9 9 9 9 2 2 2 2 5 5 5 5 5 3 3 3 3 3 3 3 3 3 3 3 5 5 5 6 6 6 6 6 6 6 6 6 6 6 6 6 3 ]
Pmin = [ 59 59 59 59 59 59 59 70 70 70 70 70 70 70 70 70 70 70 70 100 100 100 100 18 18 18 18 50 50 50 50 50 22 22 22 22 22 22 22 22 22 22 22 46 46 46 63 63 63 63 63 63 63 63 63 63 63 63 63 38 ]
Pmax = [ 225 225 225 225 225 225 225 279 279 279 279 279 279 279 279 279 279 279 279 404 404 404 404 40 40 40 40 180 180 180 180 180 77 77 77 77 77 77 77 77 77 77 77 172 172 172 250 250 250 250 250 250 250 250 250 250 250 250 250 116 ]
cf = [ 8.55836 8.55836 8.55836 8.55836 8.55836 8.55836 8.55836 44.3886 44.3886 44.3886 44.3886 44.3886 44.3886 44.3886 44.3886 44.3886 44.3886 44.3886 44.3886 9.01696 9.01696 9.01696 9.01696 48.0927 48.0927 48.0927 48.0927 50.4808 50.4808 50.4808 50.4808 50.4808 48.396 48.396 48.396 48.396 48.396 48.396 48.396 48.396 48.396 48.396 48.396 39.9842 39.9842 39.9842 14.5837 14.5837 14.5837 14.5837 14.5837 14.5837 14.5837 14.5837 14.5837 14.5837 14.5837 14.5837 14.5837 54.8416 ]
c0 = [ 172 172 172 172 172 172 172 191 191 191 191 191 191 191 191 191 191 191 191 250 250 250 250 74 74 74 74 135 135 135 135 135 71 71 71 71 71 71 71 71 71 71 71 131 131 131 183 183 183 183 183 183 183 183 183 183 183 183 183 108 ]
cp = [ 18.8941 18.8941 18.8941 18.8941 18.8941 18.8941 18.8941 18.5588 18.5588 18.5588 18.5588 18.5588 18.5588 18.5588 18.5588 18.5588 18.5588 18.5588 18.5588 10.8381 10.8381 10.8381 10.8381 39.4884 39.4884 39.4884 39.4884 31.8821 31.8821 31.8821 31.8821 31.8821 36.7989 36.7989 36.7989 36.7989 36.7989 36.7989 36.7989 36.7989 36.7989 36.7989 36.7989 16.5073 16.5073 16.5073 17.3511 17.3511 17.3511 17.3511 17.3511 17.3511 17.3511 17.3511 17.3511 17.3511 17.3511 17.3511 17.3511 24.6918 ]
D = [ 3654 3970 4836 5286 5565 6363 7099 7569 7967 8317 8776 9770 10223 9038 8427 7788 6644 5912 7306 8273 9358 8007 6621 5216 3838 4032 4613 5101 6121 6620 6855 7647 8349 9015 9179 10192 10785 9498 9014 7831 7253 6465 7341 8248 9583 8209 6490 4869 3343 3889 4437 5179 5725 6183 6870 7335 7941 8840 9428 9626 10602 9670 8913 7980 6908 5807 6937 7716 8741 7435 6206 4578 3277 3888 4236 5111 5689 6197 7037 7491 8104 8335 9306 9744 10475 9594 8466 7675 6916 5735 6876 8515 9667 7947 6476 4979 ]
K = 9
nk = [ 1 1 1 1 1 1 1 2 2 2 2 2 2 2 2 2 2 2 2 3 3 3 3 4 4 4 4 5 5 5 5 5 6 6 6 6 6 6 6 6 6 6 6 7 7 7 8 8 8 8 8 8 8 8 8 8 8 8 8 9 ]
First = [ 1 0 0 0 0 0 0 1 0 0 0 0 0 0 0 0 0 0 0 1 0 0 0 1 0 0 0 1 0 0 0 0 1 0 0 0 0 0 0 0 0 0 0 1 0 0 1 0 0 0 0 0 0 0 0 0 0 0 0 1 ]
Last = [ 0 0 0 0 0 0 1 0 0 0 0 0 0 0 0 0 0 0 1 0 0 0 1 0 0 0 1 0 0 0 0 1 0 0 0 0 0 0 0 0 0 0 1 0 0 1 0 0 0 0 0 0 0 0 0 0 0 0 1 1 ]
nS = 1
S = [ 0 1 2 3 4 5 6 7 8 9 10 11 12 13 14 15 16 17 18 19 20 21 22 23 24 25 26 27 28 29 30 31 32 33 34 35 36 37 38 39 40 41 42 43 44 45 46 47 48 49 50 51 52 53 54 55 56 57 58 59 ]
