n = 60 ; 
T = 96 ; 
Init = [ 1 1 1 1 1 1 1 1 1 1 1 1 1 1 1 1 0 0 0 0 0 0 0 0 0 0 0 0 0 0 0 0 1 1 1 1 1 1 1 1 1 1 1 1 1 1 0 0 0 0 0 0 0 0 0 0 0 0 0 0 ]
L = [ 5 5 5 5 5 5 5 5 5 5 5 5 5 5 5 5 3 3 3 3 3 3 3 3 3 3 3 3 3 3 3 3 8 8 8 8 8 8 8 8 8 8 8 8 8 8 8 8 8 8 8 8 8 8 8 8 8 8 8 8 ]
l = [ 5 5 5 5 5 5 5 5 5 5 5 5 5 5 5 5 3 3 3 3 3 3 3 3 3 3 3 3 3 3 3 3 8 8 8 8 8 8 8 8 8 8 8 8 8 8 8 8 8 8 8 8 8 8 8 8 8 8 8 8 ]
Pmin = [ 50 50 50 50 50 50 50 50 50 50 50 50 50 50 50 50 26 26 26 26 26 26 26 26 26 26 26 26 26 26 26 26 91 91 91 91 91 91 91 91 91 91 91 91 91 91 89 89 89 89 89 89 89 89 89 89 89 89 89 89 ]
Pmax = [ 164 164 164 164 164 164 164 164 164 164 164 164 164 164 164 164 79 79 79 79 79 79 79 79 79 79 79 79 79 79 79 79 348 348 348 348 348 348 348 348 348 348 348 348 348 348 336 336 336 336 336 336 336 336 336 336 336 336 336 336 ]
cf = [ 61.4359 61.4359 61.4359 61.4359 61.4359 61.4359 61.4359 61.4359 61.4359 61.4359 61.4359 61.4359 61.4359 61.4359 61.4359 61.4359 9.71124 9.71124 9.71124 9.71124 9.71124 9.71124 9.71124 9.71124 9.71124 9.71124 9.71124 9.71124 9.71124 9.71124 9.71124 9.71124 13.7155 13.7155 13.7155 13.7155 13.7155 13.7155 13.7155 13.7155 13.7155 13.7155 13.7155 13.7155 13.7155 13.7155 54.3666 54.3666 54.3666 54.3666 54.3666 54.3666 54.3666 54.3666 54.3666 54.3666 54.3666 54.3666 54.3666 54.3666 ]
c0 = [ 135 135 135 135 135 135 135 135 135 135 135 135 135 135 135 135 86 86 86 86 86 86 86 86 86 86 86 86 86 86 86 86 236 236 236 236 236 236 236 236 236 236 236 236 236 236 230 230 230 230 230 230 230 230 230 230 230 230 230 230 ]
cp = [ 28.1172 28.1172 28.1172 28.1172 28.1172 28.1172 28.1172 28.1172 28.1172 28.1172 28.1172 28.1172 28.1172 28.1172 28.1172 28.1172 38.4583 38.4583 38.4583 38.4583 38.4583 38.4583 38.4583 38.4583 38.4583 38.4583 38.4583 38.4583 38.4583 38.4583 38.4583 38.4583 11.9446 11.9446 11.9446 11.9446 11.9446 11.9446 11.9446 11.9446 11.9446 11.9446 11.9446 11.9446 11.9446 11.9446 11.5401 11.5401 11.5401 11.5401 11.5401 11.5401 11.5401 11.5401 11.5401 11.5401 11.5401 11.5401 11.5401 11.5401 ]
D = [ 3416 4433 5049 5638 6101 6739 7409 8064 9196 9756 10518 11265 11910 10521 10016 8948 7804 6861 8059 8811 10067 8506 6584 4774 2551 3659 4176 4674 5712 6132 6946 7937 8340 9123 10021 10837 11157 10437 9534 8303 7519 6526 7708 8459 9603 8301 6535 4765 3263 3829 4547 5356 6259 6757 7347 8491 9084 9946 10237 10894 11936 10568 9608 8596 7823 6592 8125 9150 10391 9153 7260 5813 3813 4633 5438 5814 6645 7013 8122 8743 8994 10001 10507 10912 12040 10850 9945 9109 8007 7139 8138 8953 10397 8285 6744 5259 ]
K = 4
nk = [ 1 1 1 1 1 1 1 1 1 1 1 1 1 1 1 1 2 2 2 2 2 2 2 2 2 2 2 2 2 2 2 2 3 3 3 3 3 3 3 3 3 3 3 3 3 3 4 4 4 4 4 4 4 4 4 4 4 4 4 4 ]
First = [ 1 0 0 0 0 0 0 0 0 0 0 0 0 0 0 0 1 0 0 0 0 0 0 0 0 0 0 0 0 0 0 0 1 0 0 0 0 0 0 0 0 0 0 0 0 0 1 0 0 0 0 0 0 0 0 0 0 0 0 0 ]
Last = [ 0 0 0 0 0 0 0 0 0 0 0 0 0 0 0 1 0 0 0 0 0 0 0 0 0 0 0 0 0 0 0 1 0 0 0 0 0 0 0 0 0 0 0 0 0 1 0 0 0 0 0 0 0 0 0 0 0 0 0 1 ]
nS = 1
S = [ 0 1 2 3 4 5 6 7 8 9 10 11 12 13 14 15 16 17 18 19 20 21 22 23 24 25 26 27 28 29 30 31 32 33 34 35 36 37 38 39 40 41 42 43 44 45 46 47 48 49 50 51 52 53 54 55 56 57 58 59 ]
