n = 60 ; 
T = 96 ; 
Init = [ 1 1 1 1 0 0 0 0 0 0 0 0 0 0 0 0 0 0 0 0 1 1 1 1 1 1 1 1 1 1 1 1 1 1 1 1 1 1 1 1 1 1 1 1 1 1 1 1 1 1 1 1 1 1 1 1 1 1 1 1 ]
L = [ 6 6 6 6 5 5 5 5 5 5 5 5 5 5 5 5 5 5 10 10 10 10 10 10 10 10 10 10 4 4 4 4 4 4 4 4 4 4 4 4 4 4 4 4 4 5 5 5 5 5 5 5 5 5 5 5 5 5 5 5 ]
l = [ 6 6 6 6 5 5 5 5 5 5 5 5 5 5 5 5 5 5 10 10 10 10 10 10 10 10 10 10 4 4 4 4 4 4 4 4 4 4 4 4 4 4 4 4 4 5 5 5 5 5 5 5 5 5 5 5 5 5 5 5 ]
Pmin = [ 62 62 62 62 48 48 48 48 48 48 48 48 48 48 48 48 48 48 100 100 100 100 100 100 100 100 100 100 46 46 46 46 46 46 46 46 46 46 46 46 46 46 46 46 46 54 54 54 54 54 54 54 54 54 54 54 54 54 54 54 ]
Pmax = [ 224 224 224 224 182 182 182 182 182 182 182 182 182 182 182 182 182 182 420 420 420 420 420 420 420 420 420 420 146 146 146 146 146 146 146 146 146 146 146 146 146 146 146 146 146 215 215 215 215 215 215 215 215 215 215 215 215 215 215 215 ]
cf = [ 62.914 62.914 62.914 62.914 9.53239 9.53239 9.53239 9.53239 9.53239 9.53239 9.53239 9.53239 9.53239 9.53239 9.53239 9.53239 9.53239 9.53239 19.0135 19.0135 37.0869 37.0869 37.0869 37.0869 37.0869 37.0869 37.0869 37.0869 41.4643 41.4643 41.4643 41.4643 41.4643 41.4643 41.4643 41.4643 41.4643 41.4643 41.4643 41.4643 41.4643 41.4643 41.4643 41.4643 41.4643 54.5442 54.5442 54.5442 54.5442 54.5442 54.5442 54.5442 54.5442 54.5442 54.5442 54.5442 54.5442 54.5442 54.5442 54.5442 ]
c0 = [ 161 161 161 161 129 129 129 129 129 129 129 129 129 129 129 129 129 129 250 250 250 250 250 250 250 250 250 250 136 136 136 136 136 136 136 136 136 136 136 136 136 136 136 136 136 151 151 151 151 151 151 151 151 151 151 151 151 151 151 151 ]
cp = [ 20.7277 20.7277 20.7277 20.7277 28.7225 28.7225 28.7225 28.7225 28.7225 28.7225 28.7225 28.7225 28.7225 28.7225 28.7225 28.7225 28.7225 28.7225 10.2254 10.2254 8.01659 8.01659 8.01659 8.01659 8.01659 8.01659 8.01659 8.01659 37.1771 37.1771 37.1771 37.1771 37.1771 37.1771 37.1771 37.1771 37.1771 37.1771 37.1771 37.1771 37.1771 37.1771 37.1771 37.1771 37.1771 22.3627 22.3627 22.3627 22.3627 22.3627 22.3627 22.3627 22.3627 22.3627 22.3627 22.3627 22.3627 22.3627 22.3627 22.3627 ]
D = [ 3880 4076 4805 5481 6141 6817 7191 7759 8286 9298 9780 10374 11059 10068 9069 8375 7369 6228 7893 9129 10329 8654 7197 5668 3996 4587 5353 5992 6714 7025 7725 8525 9146 9817 10545 11047 11602 10594 9450 8729 7636 6178 7885 9085 10444 8766 7081 5147 3609 4269 4686 5211 5984 6388 6981 7412 8399 9140 9539 10009 10826 9643 9118 8042 7329 6629 7698 9301 10491 8575 6819 4864 2903 3400 3991 4982 5822 6330 6952 7589 8616 9061 9542 10702 10938 10158 9336 8089 7073 6531 7447 8606 9850 7889 6826 4952 ]
K = 6
nk = [ 1 1 1 1 2 2 2 2 2 2 2 2 2 2 2 2 2 2 3 3 4 4 4 4 4 4 4 4 5 5 5 5 5 5 5 5 5 5 5 5 5 5 5 5 5 6 6 6 6 6 6 6 6 6 6 6 6 6 6 6 ]
First = [ 1 0 0 0 1 0 0 0 0 0 0 0 0 0 0 0 0 0 1 0 1 0 0 0 0 0 0 0 1 0 0 0 0 0 0 0 0 0 0 0 0 0 0 0 0 1 0 0 0 0 0 0 0 0 0 0 0 0 0 0 ]
Last = [ 0 0 0 1 0 0 0 0 0 0 0 0 0 0 0 0 0 1 0 1 0 0 0 0 0 0 0 1 0 0 0 0 0 0 0 0 0 0 0 0 0 0 0 0 1 0 0 0 0 0 0 0 0 0 0 0 0 0 0 1 ]
nS = 1
S = [ 0 1 2 3 4 5 6 7 8 9 10 11 12 13 14 15 16 17 18 19 20 21 22 23 24 25 26 27 28 29 30 31 32 33 34 35 36 37 38 39 40 41 42 43 44 45 46 47 48 49 50 51 52 53 54 55 56 57 58 59 ]
