n = 60 ; 
T = 96 ; 
Init = [ 0 1 1 1 1 1 1 1 1 1 1 1 1 1 1 1 1 1 1 1 1 0 0 0 0 0 0 0 0 0 0 0 0 1 1 1 1 1 1 1 1 1 1 1 1 1 1 1 1 0 0 0 0 0 0 0 0 0 0 0 ]
L = [ 6 8 8 8 8 4 4 4 10 10 10 10 10 10 10 10 10 10 10 10 10 3 3 3 3 3 3 3 3 3 3 3 3 2 2 2 2 2 2 2 2 2 2 2 2 2 2 2 2 3 3 3 3 3 3 3 3 3 3 3 ]
l = [ 6 8 8 8 8 4 4 4 10 10 10 10 10 10 10 10 10 10 10 10 10 3 3 3 3 3 3 3 3 3 3 3 3 2 2 2 2 2 2 2 2 2 2 2 2 2 2 2 2 3 3 3 3 3 3 3 3 3 3 3 ]
Pmin = [ 67 85 85 85 85 36 36 36 100 100 100 100 100 100 100 100 100 100 100 100 100 32 32 32 32 32 32 32 32 32 32 32 32 17 17 17 17 17 17 17 17 17 17 17 17 17 17 17 17 26 26 26 26 26 26 26 26 26 26 26 ]
Pmax = [ 267 325 325 325 325 136 136 136 420 420 420 420 420 420 420 420 420 420 420 420 420 100 100 100 100 100 100 100 100 100 100 100 100 23 23 23 23 23 23 23 23 23 23 23 23 23 23 23 23 85 85 85 85 85 85 85 85 85 85 85 ]
cf = [ 25.7689 30.6552 30.6552 30.6552 30.6552 29.5969 29.5969 29.5969 62.5262 62.5262 62.5262 62.5262 62.5262 62.5262 62.5262 62.5262 62.5262 62.5262 62.5262 62.5262 62.5262 26.9792 26.9792 26.9792 26.9792 26.9792 26.9792 26.9792 26.9792 26.9792 26.9792 26.9792 26.9792 57.7435 57.7435 57.7435 57.7435 57.7435 57.7435 57.7435 57.7435 57.7435 57.7435 57.7435 57.7435 57.7435 57.7435 57.7435 57.7435 23.1028 23.1028 23.1028 23.1028 23.1028 23.1028 23.1028 23.1028 23.1028 23.1028 23.1028 ]
c0 = [ 175 217 217 217 217 108 108 108 250 250 250 250 250 250 250 250 250 250 250 250 250 104 104 104 104 104 104 104 104 104 104 104 104 69 69 69 69 69 69 69 69 69 69 69 69 69 69 69 69 84 84 84 84 84 84 84 84 84 84 84 ]
cp = [ 32.7781 17.7138 17.7138 17.7138 17.7138 29.2049 29.2049 29.2049 8.33493 8.33493 8.33493 8.33493 8.33493 8.33493 8.33493 8.33493 8.33493 8.33493 8.33493 8.33493 8.33493 34.815 34.815 34.815 34.815 34.815 34.815 34.815 34.815 34.815 34.815 34.815 34.815 41.9646 41.9646 41.9646 41.9646 41.9646 41.9646 41.9646 41.9646 41.9646 41.9646 41.9646 41.9646 41.9646 41.9646 41.9646 41.9646 34.9477 34.9477 34.9477 34.9477 34.9477 34.9477 34.9477 34.9477 34.9477 34.9477 34.9477 ]
D = [ 2460 2889 3239 3946 4419 5027 5397 6031 6680 7085 7637 8185 8772 8062 7073 6513 5744 4958 5889 6626 7413 6136 4743 3396 2209 2833 3341 4072 4513 5193 5466 6379 6895 7269 7899 8286 9076 7933 7381 6433 5460 4711 5487 6618 7340 6307 4883 3423 2363 2923 3157 3977 4496 4914 5230 5882 6424 6707 7327 7696 8062 7779 6851 6174 5783 5147 5943 6851 7705 6459 5315 3715 2606 2982 3702 3943 4458 5108 5376 5816 6289 6717 7206 7867 8423 7663 7073 6471 5830 5211 5840 6582 7174 6164 4815 3498 ]
K = 7
nk = [ 1 2 2 2 2 3 3 3 4 4 4 4 4 4 4 4 4 4 4 4 4 5 5 5 5 5 5 5 5 5 5 5 5 6 6 6 6 6 6 6 6 6 6 6 6 6 6 6 6 7 7 7 7 7 7 7 7 7 7 7 ]
First = [ 1 1 0 0 0 1 0 0 1 0 0 0 0 0 0 0 0 0 0 0 0 1 0 0 0 0 0 0 0 0 0 0 0 1 0 0 0 0 0 0 0 0 0 0 0 0 0 0 0 1 0 0 0 0 0 0 0 0 0 0 ]
Last = [ 1 0 0 0 1 0 0 1 0 0 0 0 0 0 0 0 0 0 0 0 1 0 0 0 0 0 0 0 0 0 0 0 1 0 0 0 0 0 0 0 0 0 0 0 0 0 0 0 1 0 0 0 0 0 0 0 0 0 0 1 ]
nS = 1
S = [ 0 1 2 3 4 5 6 7 8 9 10 11 12 13 14 15 16 17 18 19 20 21 22 23 24 25 26 27 28 29 30 31 32 33 34 35 36 37 38 39 40 41 42 43 44 45 46 47 48 49 50 51 52 53 54 55 56 57 58 59 ]
