n = 60 ; 
T = 96 ; 
Init = [ 1 1 1 1 1 1 1 1 1 1 1 1 1 1 1 1 1 1 1 1 1 1 1 1 1 1 1 1 1 1 1 1 1 1 1 1 1 1 1 1 1 1 1 1 1 1 1 1 0 0 0 0 0 0 0 0 0 0 0 0 ]
L = [ 3 3 3 3 3 3 3 3 3 3 3 3 3 3 3 3 3 3 3 3 3 3 3 3 3 3 3 3 9 9 9 9 9 9 9 9 9 9 9 9 9 9 9 9 9 9 9 9 6 6 6 6 6 6 6 6 6 6 6 6 ]
l = [ 3 3 3 3 3 3 3 3 3 3 3 3 3 3 3 3 3 3 3 3 3 3 3 3 3 3 3 3 9 9 9 9 9 9 9 9 9 9 9 9 9 9 9 9 9 9 9 9 6 6 6 6 6 6 6 6 6 6 6 6 ]
Pmin = [ 26 26 26 26 26 26 26 26 26 26 26 26 26 26 26 26 26 26 26 26 26 26 26 26 26 26 26 26 99 99 99 99 99 99 99 99 99 99 99 99 99 99 99 99 99 99 99 99 71 71 71 71 71 71 71 71 71 71 71 71 ]
Pmax = [ 88 88 88 88 88 88 88 88 88 88 88 88 88 88 88 88 88 88 88 88 88 88 88 88 88 88 88 88 406 406 406 406 406 406 406 406 406 406 406 406 406 406 406 406 406 406 406 406 254 254 254 254 254 254 254 254 254 254 254 254 ]
cf = [ 29.1794 29.1794 29.1794 29.1794 29.1794 29.1794 29.1794 29.1794 29.1794 29.1794 29.1794 29.1794 29.1794 29.1794 29.1794 29.1794 29.1794 29.1794 29.1794 29.1794 29.1794 29.1794 29.1794 29.1794 29.1794 29.1794 29.1794 29.1794 34.3331 34.3331 34.3331 34.3331 34.3331 34.3331 34.3331 34.3331 34.3331 34.3331 34.3331 34.3331 34.3331 34.3331 34.3331 34.3331 34.3331 34.3331 34.3331 34.3331 51.3492 51.3492 51.3492 51.3492 51.3492 51.3492 51.3492 51.3492 51.3492 51.3492 51.3492 51.3492 ]
c0 = [ 80 80 80 80 80 80 80 80 80 80 80 80 80 80 80 80 80 80 80 80 80 80 80 80 80 80 80 80 250 250 250 250 250 250 250 250 250 250 250 250 250 250 250 250 250 250 250 250 191 191 191 191 191 191 191 191 191 191 191 191 ]
cp = [ 37.8109 37.8109 37.8109 37.8109 37.8109 37.8109 37.8109 37.8109 37.8109 37.8109 37.8109 37.8109 37.8109 37.8109 37.8109 37.8109 37.8109 37.8109 37.8109 37.8109 37.8109 37.8109 37.8109 37.8109 37.8109 37.8109 37.8109 37.8109 9.48535 9.48535 9.48535 9.48535 9.48535 9.48535 9.48535 9.48535 9.48535 9.48535 9.48535 9.48535 9.48535 9.48535 9.48535 9.48535 9.48535 9.48535 9.48535 9.48535 17.6881 17.6881 17.6881 17.6881 17.6881 17.6881 17.6881 17.6881 17.6881 17.6881 17.6881 17.6881 ]
D = [ 2995 3743 4576 5427 5817 6904 7384 8436 9226 9726 10581 11384 12228 10911 10040 8750 7518 6649 8144 9132 10719 8742 7544 5913 3801 4354 5443 5781 6422 7073 7601 8038 8968 9258 10285 10425 11370 10436 9746 8422 7686 6773 7838 9309 10623 8443 6722 4733 3015 3878 4800 5300 6102 6758 7839 8140 9264 10178 10804 11613 12403 11267 10027 8909 7952 6803 8152 9487 10599 8552 6881 4993 2670 3339 4254 5099 5930 6584 6925 7650 8624 9051 10140 10721 11558 10614 9689 8936 7834 7418 7887 8906 9682 7748 6141 4859 ]
K = 3
nk = [ 1 1 1 1 1 1 1 1 1 1 1 1 1 1 1 1 1 1 1 1 1 1 1 1 1 1 1 1 2 2 2 2 2 2 2 2 2 2 2 2 2 2 2 2 2 2 2 2 3 3 3 3 3 3 3 3 3 3 3 3 ]
First = [ 1 0 0 0 0 0 0 0 0 0 0 0 0 0 0 0 0 0 0 0 0 0 0 0 0 0 0 0 1 0 0 0 0 0 0 0 0 0 0 0 0 0 0 0 0 0 0 0 1 0 0 0 0 0 0 0 0 0 0 0 ]
Last = [ 0 0 0 0 0 0 0 0 0 0 0 0 0 0 0 0 0 0 0 0 0 0 0 0 0 0 0 1 0 0 0 0 0 0 0 0 0 0 0 0 0 0 0 0 0 0 0 1 0 0 0 0 0 0 0 0 0 0 0 1 ]
nS = 1
S = [ 0 1 2 3 4 5 6 7 8 9 10 11 12 13 14 15 16 17 18 19 20 21 22 23 24 25 26 27 28 29 30 31 32 33 34 35 36 37 38 39 40 41 42 43 44 45 46 47 48 49 50 51 52 53 54 55 56 57 58 59 ]
