n = 60 ; 
T = 96 ; 
Init = [ 0 0 0 0 0 0 0 0 0 0 0 0 0 0 0 0 1 1 1 1 1 1 1 1 1 1 1 1 1 1 1 1 0 0 0 0 0 0 0 0 0 0 0 0 0 0 0 0 0 0 0 0 1 1 1 1 1 1 1 1 ]
L = [ 4 4 4 4 4 4 4 4 4 4 4 4 4 4 4 4 6 6 6 6 6 6 6 6 6 6 6 6 6 6 6 6 6 10 10 10 10 10 10 10 10 10 10 10 10 10 10 10 10 10 10 6 5 5 5 3 3 3 3 3 ]
l = [ 4 4 4 4 4 4 4 4 4 4 4 4 4 4 4 4 6 6 6 6 6 6 6 6 6 6 6 6 6 6 6 6 6 10 10 10 10 10 10 10 10 10 10 10 10 10 10 10 10 10 10 6 5 5 5 3 3 3 3 3 ]
Pmin = [ 31 31 31 31 31 31 31 31 31 31 31 31 31 31 31 31 53 53 53 53 53 53 53 53 53 53 53 53 53 53 53 53 66 98 98 98 98 98 98 98 98 98 98 98 98 98 98 98 98 98 98 66 52 52 52 37 37 37 37 37 ]
Pmax = [ 104 104 104 104 104 104 104 104 104 104 104 104 104 104 104 104 208 208 208 208 208 208 208 208 208 208 208 208 208 208 208 208 248 405 405 405 405 405 405 405 405 405 405 405 405 405 405 405 405 405 405 258 208 208 208 116 116 116 116 116 ]
cf = [ 46.0881 46.0881 46.0881 46.0881 46.0881 46.0881 46.0881 46.0881 46.0881 46.0881 46.0881 46.0881 46.0881 46.0881 46.0881 46.0881 9.82734 9.82734 9.82734 9.82734 9.82734 9.82734 9.82734 9.82734 9.82734 9.82734 9.82734 9.82734 9.82734 9.82734 9.82734 9.82734 59.0634 31.1634 31.1634 31.1634 31.1634 31.1634 31.1634 31.1634 31.1634 31.1634 31.1634 31.1634 31.1634 31.1634 31.1634 31.1634 31.1634 31.1634 31.1634 44.7481 49.5978 49.5978 49.5978 38.1311 38.1311 38.1311 38.1311 38.1311 ]
c0 = [ 101 101 101 101 101 101 101 101 101 101 101 101 101 101 101 101 144 144 144 144 144 144 144 144 144 144 144 144 144 144 144 144 176 250 250 250 250 250 250 250 250 250 250 250 250 250 250 250 250 250 250 176 139 139 139 108 108 108 108 108 ]
cp = [ 35.1733 35.1733 35.1733 35.1733 35.1733 35.1733 35.1733 35.1733 35.1733 35.1733 35.1733 35.1733 35.1733 35.1733 35.1733 35.1733 32.25 32.25 32.25 32.25 32.25 32.25 32.25 32.25 32.25 32.25 32.25 32.25 32.25 32.25 32.25 32.25 22.1423 11.5871 11.5871 11.5871 11.5871 11.5871 11.5871 11.5871 11.5871 11.5871 11.5871 11.5871 11.5871 11.5871 11.5871 11.5871 11.5871 11.5871 11.5871 25.1166 20.8018 20.8018 20.8018 32.8124 32.8124 32.8124 32.8124 32.8124 ]
D = [ 3400 4190 4942 5800 6404 7122 7735 8458 9501 10155 10812 11456 12394 11368 10031 9110 8316 7664 8454 9428 10640 8491 6903 5026 3373 3871 4664 5809 6336 7265 7733 8257 9076 10105 10390 11141 12105 11115 9767 8895 8073 6751 8411 9704 11120 9090 7489 5391 3774 4292 4970 5718 6305 6845 7955 8188 9032 9383 10270 10860 11331 10769 10122 9159 8282 7236 8463 9836 10522 8795 7338 5421 3708 4332 5202 5852 6517 7497 8096 8665 9559 9754 10529 11697 12142 11180 9932 8965 8195 7384 8414 9472 10222 8650 6980 4927 ]
K = 7
nk = [ 1 1 1 1 1 1 1 1 1 1 1 1 1 1 1 1 2 2 2 2 2 2 2 2 2 2 2 2 2 2 2 2 3 4 4 4 4 4 4 4 4 4 4 4 4 4 4 4 4 4 4 5 6 6 6 7 7 7 7 7 ]
First = [ 1 0 0 0 0 0 0 0 0 0 0 0 0 0 0 0 1 0 0 0 0 0 0 0 0 0 0 0 0 0 0 0 1 1 0 0 0 0 0 0 0 0 0 0 0 0 0 0 0 0 0 1 1 0 0 1 0 0 0 0 ]
Last = [ 0 0 0 0 0 0 0 0 0 0 0 0 0 0 0 1 0 0 0 0 0 0 0 0 0 0 0 0 0 0 0 1 1 0 0 0 0 0 0 0 0 0 0 0 0 0 0 0 0 0 1 1 0 0 1 0 0 0 0 1 ]
nS = 1
S = [ 0 1 2 3 4 5 6 7 8 9 10 11 12 13 14 15 16 17 18 19 20 21 22 23 24 25 26 27 28 29 30 31 32 33 34 35 36 37 38 39 40 41 42 43 44 45 46 47 48 49 50 51 52 53 54 55 56 57 58 59 ]
