n = 60 ; 
T = 96 ; 
Init = [ 0 0 0 0 0 0 0 0 0 0 0 0 0 0 0 1 1 1 1 1 1 1 1 1 1 1 1 1 1 1 1 1 1 1 1 1 1 1 1 1 1 1 1 1 1 0 0 0 0 0 0 0 0 0 0 0 0 0 0 0 ]
L = [ 6 6 6 6 6 6 6 6 6 6 6 6 6 6 6 3 3 3 3 3 3 3 3 3 3 3 3 3 3 3 10 10 10 10 10 10 10 10 10 10 10 10 10 10 10 5 5 5 5 5 5 5 5 5 5 5 5 5 5 5 ]
l = [ 6 6 6 6 6 6 6 6 6 6 6 6 6 6 6 3 3 3 3 3 3 3 3 3 3 3 3 3 3 3 10 10 10 10 10 10 10 10 10 10 10 10 10 10 10 5 5 5 5 5 5 5 5 5 5 5 5 5 5 5 ]
Pmin = [ 53 53 53 53 53 53 53 53 53 53 53 53 53 53 53 30 30 30 30 30 30 30 30 30 30 30 30 30 30 30 99 99 99 99 99 99 99 99 99 99 99 99 99 99 99 42 42 42 42 55 55 55 55 55 55 55 55 55 55 55 ]
Pmax = [ 204 204 204 204 204 204 204 204 204 204 204 204 204 204 204 76 76 76 76 76 76 76 76 76 76 76 76 76 76 76 403 403 403 403 403 403 403 403 403 403 403 403 403 403 403 163 163 163 163 190 190 190 190 190 190 190 190 190 190 190 ]
cf = [ 26.8398 26.8398 26.8398 26.8398 26.8398 26.8398 26.8398 26.8398 26.8398 26.8398 26.8398 26.8398 26.8398 26.8398 26.8398 39.9283 39.9283 39.9283 39.9283 39.9283 39.9283 39.9283 39.9283 39.9283 39.9283 39.9283 39.9283 39.9283 39.9283 39.9283 48.5663 48.5663 48.5663 48.5663 48.5663 48.5663 48.5663 48.5663 48.5663 48.5663 48.5663 48.5663 48.5663 48.5663 48.5663 64.0212 64.0212 64.0212 64.0212 13.5738 13.5738 13.5738 13.5738 13.5738 13.5738 13.5738 13.5738 13.5738 13.5738 13.5738 ]
c0 = [ 160 160 160 160 160 160 160 160 160 160 160 160 160 160 160 84 84 84 84 84 84 84 84 84 84 84 84 84 84 84 250 250 250 250 250 250 250 250 250 250 250 250 250 250 250 125 125 125 125 151 151 151 151 151 151 151 151 151 151 151 ]
cp = [ 32.8732 32.8732 32.8732 32.8732 32.8732 32.8732 32.8732 32.8732 32.8732 32.8732 32.8732 32.8732 32.8732 32.8732 32.8732 37.2819 37.2819 37.2819 37.2819 37.2819 37.2819 37.2819 37.2819 37.2819 37.2819 37.2819 37.2819 37.2819 37.2819 37.2819 9.20288 9.20288 9.20288 9.20288 9.20288 9.20288 9.20288 9.20288 9.20288 9.20288 9.20288 9.20288 9.20288 9.20288 9.20288 32.3249 32.3249 32.3249 32.3249 30.7009 30.7009 30.7009 30.7009 30.7009 30.7009 30.7009 30.7009 30.7009 30.7009 30.7009 ]
D = [ 3653 4648 4786 5473 6174 6824 7498 7791 8677 9247 9818 10164 11083 9916 8880 8150 7525 6363 7105 8061 8850 7581 6576 4890 3741 4206 4878 5424 5959 6730 7390 7986 8324 8689 9583 9903 10771 9991 9210 7845 7432 6287 7578 8243 9362 7500 5885 4348 2630 3274 4101 4733 5475 5755 6866 7286 8171 8784 9488 10163 10577 9507 8956 7927 6934 6396 7209 8366 9499 7774 6325 4587 2932 3448 4577 5286 5966 6543 7331 8147 8652 9197 10233 10689 11274 10577 9558 8184 7275 6083 7270 8337 9596 8071 6400 4769 ]
K = 5
nk = [ 1 1 1 1 1 1 1 1 1 1 1 1 1 1 1 2 2 2 2 2 2 2 2 2 2 2 2 2 2 2 3 3 3 3 3 3 3 3 3 3 3 3 3 3 3 4 4 4 4 5 5 5 5 5 5 5 5 5 5 5 ]
First = [ 1 0 0 0 0 0 0 0 0 0 0 0 0 0 0 1 0 0 0 0 0 0 0 0 0 0 0 0 0 0 1 0 0 0 0 0 0 0 0 0 0 0 0 0 0 1 0 0 0 1 0 0 0 0 0 0 0 0 0 0 ]
Last = [ 0 0 0 0 0 0 0 0 0 0 0 0 0 0 1 0 0 0 0 0 0 0 0 0 0 0 0 0 0 1 0 0 0 0 0 0 0 0 0 0 0 0 0 0 1 0 0 0 1 0 0 0 0 0 0 0 0 0 0 1 ]
nS = 1
S = [ 0 1 2 3 4 5 6 7 8 9 10 11 12 13 14 15 16 17 18 19 20 21 22 23 24 25 26 27 28 29 30 31 32 33 34 35 36 37 38 39 40 41 42 43 44 45 46 47 48 49 50 51 52 53 54 55 56 57 58 59 ]
