n = 60 ; 
T = 96 ; 
Init = [ 1 1 1 1 1 1 1 1 1 1 1 1 1 1 1 1 0 1 1 1 1 1 1 1 1 1 1 1 1 1 1 1 1 1 1 1 1 0 0 0 0 0 0 0 0 0 0 0 0 0 1 1 0 0 0 0 0 0 0 0 ]
L = [ 10 10 10 10 10 10 10 10 10 10 10 10 10 10 8 8 4 7 7 7 7 7 7 7 7 9 9 9 9 9 9 9 9 9 9 9 9 5 5 5 5 5 6 6 6 6 6 6 6 6 3 3 4 4 4 4 4 4 4 2 ]
l = [ 10 10 10 10 10 10 10 10 10 10 10 10 10 10 8 8 4 7 7 7 7 7 7 7 7 9 9 9 9 9 9 9 9 9 9 9 9 5 5 5 5 5 6 6 6 6 6 6 6 6 3 3 4 4 4 4 4 4 4 2 ]
Pmin = [ 100 100 100 100 100 100 100 100 100 100 100 100 100 100 89 89 36 73 73 73 73 73 73 73 73 86 86 86 86 86 86 86 86 86 86 86 86 55 55 55 55 55 72 72 72 72 72 72 72 72 19 19 46 46 46 46 46 46 46 19 ]
Pmax = [ 420 420 420 420 420 420 420 420 420 420 420 420 420 420 361 361 110 288 288 288 288 288 288 288 288 349 349 349 349 349 349 349 349 349 349 349 349 194 194 194 194 194 265 265 265 265 265 265 265 265 64 64 170 170 170 170 170 170 170 52 ]
cf = [ 30.8833 30.8833 30.8833 30.8833 30.8833 30.8833 30.8833 30.8833 30.8833 30.8833 30.8833 30.8833 30.8833 30.8833 12.5273 12.5273 63.6254 43.0478 43.0478 43.0478 43.0478 43.0478 43.0478 43.0478 43.0478 48.3075 48.3075 48.3075 48.3075 48.3075 48.3075 48.3075 48.3075 48.3075 48.3075 48.3075 48.3075 43.5566 43.5566 43.5566 43.5566 43.5566 17.1964 17.1964 17.1964 17.1964 17.1964 17.1964 17.1964 17.1964 13.3223 13.3223 10.3014 10.3014 10.3014 10.3014 10.3014 10.3014 10.3014 42.1689 ]
c0 = [ 250 250 250 250 250 250 250 250 250 250 250 250 250 250 239 239 119 197 197 197 197 197 197 197 197 226 226 226 226 226 226 226 226 226 226 226 226 161 161 161 161 161 200 200 200 200 200 200 200 200 74 74 133 133 133 133 133 133 133 60 ]
cp = [ 8.70428 8.70428 8.70428 8.70428 8.70428 8.70428 8.70428 8.70428 8.70428 8.70428 8.70428 8.70428 8.70428 8.70428 18.7497 18.7497 32.0373 26.7035 26.7035 26.7035 26.7035 26.7035 26.7035 26.7035 26.7035 10.8905 10.8905 10.8905 10.8905 10.8905 10.8905 10.8905 10.8905 10.8905 10.8905 10.8905 10.8905 13.9607 13.9607 13.9607 13.9607 13.9607 30.3634 30.3634 30.3634 30.3634 30.3634 30.3634 30.3634 30.3634 40.4418 40.4418 32.871 32.871 32.871 32.871 32.871 32.871 32.871 40.0835 ]
D = [ 4254 5457 6343 6999 8250 8844 10138 11116 11845 12961 13787 14629 15209 14027 12330 10934 9567 8329 9645 11210 12161 10798 8125 6310 4467 4966 5765 6702 7870 8401 9666 9797 10699 12018 12660 13048 14269 12895 11709 10522 9573 8407 10109 12176 13798 11775 9503 7155 4956 6041 6452 7387 7748 8985 9565 10346 11325 11925 12792 13565 13992 13150 11634 10526 9617 8034 10134 12218 13656 11188 8965 6375 4656 5366 6386 7426 7766 8941 10266 11063 12037 12656 13650 14444 15856 14615 12826 11668 10823 9131 10070 11356 13145 11164 8884 6704 ]
K = 10
nk = [ 1 1 1 1 1 1 1 1 1 1 1 1 1 1 2 2 3 4 4 4 4 4 4 4 4 5 5 5 5 5 5 5 5 5 5 5 5 6 6 6 6 6 7 7 7 7 7 7 7 7 8 8 9 9 9 9 9 9 9 10 ]
First = [ 1 0 0 0 0 0 0 0 0 0 0 0 0 0 1 0 1 1 0 0 0 0 0 0 0 1 0 0 0 0 0 0 0 0 0 0 0 1 0 0 0 0 1 0 0 0 0 0 0 0 1 0 1 0 0 0 0 0 0 1 ]
Last = [ 0 0 0 0 0 0 0 0 0 0 0 0 0 1 0 1 1 0 0 0 0 0 0 0 1 0 0 0 0 0 0 0 0 0 0 0 1 0 0 0 0 1 0 0 0 0 0 0 0 1 0 1 0 0 0 0 0 0 1 1 ]
nS = 1
S = [ 0 1 2 3 4 5 6 7 8 9 10 11 12 13 14 15 16 17 18 19 20 21 22 23 24 25 26 27 28 29 30 31 32 33 34 35 36 37 38 39 40 41 42 43 44 45 46 47 48 49 50 51 52 53 54 55 56 57 58 59 ]
