n = 60 ; 
T = 96 ; 
Init = [ 1 1 1 1 1 1 1 1 1 1 1 1 1 1 1 1 1 1 1 1 1 1 1 1 1 1 1 1 1 1 1 1 1 1 1 1 1 1 1 1 1 1 1 1 1 1 1 1 1 1 1 1 1 1 1 1 1 1 1 1 ]
L = [ 9 9 9 9 9 9 9 9 9 9 9 9 9 9 9 9 9 2 2 2 2 2 2 2 2 2 2 2 3 3 3 3 3 3 3 3 3 3 3 3 3 3 3 3 3 3 3 3 3 3 3 7 7 7 7 7 7 7 7 7 ]
l = [ 9 9 9 9 9 9 9 9 9 9 9 9 9 9 9 9 9 2 2 2 2 2 2 2 2 2 2 2 3 3 3 3 3 3 3 3 3 3 3 3 3 3 3 3 3 3 3 3 3 3 3 7 7 7 7 7 7 7 7 7 ]
Pmin = [ 98 98 98 98 98 98 98 98 98 98 98 98 98 98 98 98 98 11 11 11 11 11 11 11 11 11 11 11 37 37 37 37 37 37 37 37 37 37 37 37 37 37 37 37 37 37 37 37 37 37 37 76 76 76 76 76 76 76 76 76 ]
Pmax = [ 407 407 407 407 407 407 407 407 407 407 407 407 407 407 407 407 407 27 27 27 27 27 27 27 27 27 27 27 114 114 114 114 114 114 114 114 114 114 114 114 114 114 114 114 114 114 114 114 114 114 114 275 275 275 275 275 275 275 275 275 ]
cf = [ 14.14 14.14 14.14 14.14 14.14 14.14 14.14 14.14 14.14 14.14 14.14 14.14 14.14 14.14 14.14 14.14 14.14 28.5657 28.5657 28.5657 28.5657 28.5657 28.5657 28.5657 28.5657 28.5657 28.5657 28.5657 43.8129 43.8129 43.8129 43.8129 43.8129 43.8129 43.8129 43.8129 43.8129 43.8129 43.8129 43.8129 43.8129 43.8129 43.8129 43.8129 43.8129 43.8129 43.8129 43.8129 43.8129 43.8129 43.8129 62.6145 62.6145 62.6145 62.6145 62.6145 62.6145 62.6145 62.6145 62.6145 ]
c0 = [ 250 250 250 250 250 250 250 250 250 250 250 250 250 250 250 250 250 58 58 58 58 58 58 58 58 58 58 58 100 100 100 100 100 100 100 100 100 100 100 100 100 100 100 100 100 100 100 100 100 100 100 212 212 212 212 212 212 212 212 212 ]
cp = [ 9.96509 9.96509 9.96509 9.96509 9.96509 9.96509 9.96509 9.96509 9.96509 9.96509 9.96509 9.96509 9.96509 9.96509 9.96509 9.96509 9.96509 41.749 41.749 41.749 41.749 41.749 41.749 41.749 41.749 41.749 41.749 41.749 39.0402 39.0402 39.0402 39.0402 39.0402 39.0402 39.0402 39.0402 39.0402 39.0402 39.0402 39.0402 39.0402 39.0402 39.0402 39.0402 39.0402 39.0402 39.0402 39.0402 39.0402 39.0402 39.0402 18.0311 18.0311 18.0311 18.0311 18.0311 18.0311 18.0311 18.0311 18.0311 ]
D = [ 2636 3483 4212 4828 5676 6368 6991 7267 8244 8672 9614 10018 10604 9990 8843 7916 7140 6052 7276 8341 9434 8112 6119 4290 2551 3363 4142 4807 5196 5932 6786 7208 7908 8872 9612 10080 10834 9735 9037 8038 7222 6043 7212 8253 9593 7953 6214 4819 3278 3649 4344 4920 5398 6085 6870 7412 8280 8816 9385 10052 10655 9529 8786 8204 7293 6463 7214 7766 8739 7015 5883 3878 2641 3058 3941 4905 5397 6237 6567 7620 8133 8878 9688 10117 11305 9998 9233 8003 7317 6349 7113 8503 9461 7623 5848 4352 ]
K = 4
nk = [ 1 1 1 1 1 1 1 1 1 1 1 1 1 1 1 1 1 2 2 2 2 2 2 2 2 2 2 2 3 3 3 3 3 3 3 3 3 3 3 3 3 3 3 3 3 3 3 3 3 3 3 4 4 4 4 4 4 4 4 4 ]
First = [ 1 0 0 0 0 0 0 0 0 0 0 0 0 0 0 0 0 1 0 0 0 0 0 0 0 0 0 0 1 0 0 0 0 0 0 0 0 0 0 0 0 0 0 0 0 0 0 0 0 0 0 1 0 0 0 0 0 0 0 0 ]
Last = [ 0 0 0 0 0 0 0 0 0 0 0 0 0 0 0 0 1 0 0 0 0 0 0 0 0 0 0 1 0 0 0 0 0 0 0 0 0 0 0 0 0 0 0 0 0 0 0 0 0 0 1 0 0 0 0 0 0 0 0 1 ]
nS = 1
S = [ 0 1 2 3 4 5 6 7 8 9 10 11 12 13 14 15 16 17 18 19 20 21 22 23 24 25 26 27 28 29 30 31 32 33 34 35 36 37 38 39 40 41 42 43 44 45 46 47 48 49 50 51 52 53 54 55 56 57 58 59 ]
