n = 80 ; 
T = 48 ; 
Init = [ 0 0 0 0 0 0 0 0 0 0 0 0 0 0 0 1 1 1 1 1 1 1 1 1 1 1 1 1 1 1 1 1 1 1 1 1 1 1 1 1 1 1 1 1 1 1 1 1 1 1 1 1 1 0 0 0 0 0 0 0 0 0 0 0 0 0 0 0 0 0 0 0 0 1 1 1 1 1 1 1 ]
L = [ 9 9 9 9 9 9 9 9 9 9 9 9 9 9 9 6 6 6 6 6 6 6 6 6 6 6 6 6 6 6 6 6 6 6 6 8 8 8 8 8 8 8 8 8 8 8 8 8 8 8 8 8 8 9 9 9 9 9 9 9 9 9 9 9 9 9 9 9 9 9 9 9 9 10 10 10 10 10 10 10 ]
l = [ 9 9 9 9 9 9 9 9 9 9 9 9 9 9 9 6 6 6 6 6 6 6 6 6 6 6 6 6 6 6 6 6 6 6 6 8 8 8 8 8 8 8 8 8 8 8 8 8 8 8 8 8 8 9 9 9 9 9 9 9 9 9 9 9 9 9 9 9 9 9 9 9 9 10 10 10 10 10 10 10 ]
Pmin = [ 95 95 95 95 95 95 95 95 95 95 95 95 95 95 95 58 58 58 58 58 58 58 58 58 58 58 58 58 58 58 58 58 58 58 58 88 88 88 88 88 88 88 88 88 88 88 88 88 88 88 88 88 88 95 95 95 95 95 95 95 95 95 95 95 95 95 95 95 95 95 95 95 95 100 100 100 100 100 100 100 ]
Pmax = [ 395 395 395 395 395 395 395 395 395 395 395 395 395 395 395 239 239 239 239 239 239 239 239 239 239 239 239 239 239 239 239 239 239 239 239 356 356 356 356 356 356 356 356 356 356 356 356 356 356 356 356 356 356 399 399 399 399 399 399 399 399 399 399 399 399 399 399 399 399 399 399 399 399 420 420 420 420 420 420 420 ]
cf = [ 15.2233 15.2233 15.2233 15.2233 15.2233 15.2233 15.2233 15.2233 15.2233 15.2233 15.2233 15.2233 15.2233 15.2233 15.2233 19.6751 19.6751 19.6751 19.6751 19.6751 19.6751 19.6751 19.6751 19.6751 19.6751 19.6751 19.6751 19.6751 19.6751 19.6751 19.6751 19.6751 19.6751 19.6751 19.6751 9.36407 9.36407 9.36407 9.36407 9.36407 9.36407 9.36407 9.36407 9.36407 9.36407 9.36407 9.36407 9.36407 9.36407 9.36407 9.36407 9.36407 9.36407 8.9163 8.9163 8.9163 8.9163 8.9163 8.9163 8.9163 8.9163 8.9163 8.9163 8.9163 8.9163 8.9163 8.9163 8.9163 8.9163 8.9163 8.9163 8.9163 8.9163 20.975 20.975 20.975 20.975 20.975 20.975 20.975 ]
c0 = [ 244 244 244 244 244 244 244 244 244 244 244 244 244 244 244 161 161 161 161 161 161 161 161 161 161 161 161 161 161 161 161 161 161 161 161 239 239 239 239 239 239 239 239 239 239 239 239 239 239 239 239 239 239 250 250 250 250 250 250 250 250 250 250 250 250 250 250 250 250 250 250 250 250 250 250 250 250 250 250 250 ]
cp = [ 9.59075 9.59075 9.59075 9.59075 9.59075 9.59075 9.59075 9.59075 9.59075 9.59075 9.59075 9.59075 9.59075 9.59075 9.59075 26.609 26.609 26.609 26.609 26.609 26.609 26.609 26.609 26.609 26.609 26.609 26.609 26.609 26.609 26.609 26.609 26.609 26.609 26.609 26.609 20.2725 20.2725 20.2725 20.2725 20.2725 20.2725 20.2725 20.2725 20.2725 20.2725 20.2725 20.2725 20.2725 20.2725 20.2725 20.2725 20.2725 20.2725 11.9222 11.9222 11.9222 11.9222 11.9222 11.9222 11.9222 11.9222 11.9222 11.9222 11.9222 11.9222 11.9222 11.9222 11.9222 11.9222 11.9222 11.9222 11.9222 11.9222 11.4186 11.4186 11.4186 11.4186 11.4186 11.4186 11.4186 ]
D = [ 7503 9368 10472 11329 12922 14969 16114 16642 18383 19840 20571 21870 23879 22051 19550 17435 15805 14078 17044 18840 22197 17793 14466 10334 6677 7720 9071 10706 12672 13577 15503 17092 17839 20112 21019 23042 23622 22294 20549 18998 17098 15167 16464 18437 20458 16851 13239 9628 ]
K = 5
nk = [ 1 1 1 1 1 1 1 1 1 1 1 1 1 1 1 2 2 2 2 2 2 2 2 2 2 2 2 2 2 2 2 2 2 2 2 3 3 3 3 3 3 3 3 3 3 3 3 3 3 3 3 3 3 4 4 4 4 4 4 4 4 4 4 4 4 4 4 4 4 4 4 4 4 5 5 5 5 5 5 5 ]
First = [ 1 0 0 0 0 0 0 0 0 0 0 0 0 0 0 1 0 0 0 0 0 0 0 0 0 0 0 0 0 0 0 0 0 0 0 1 0 0 0 0 0 0 0 0 0 0 0 0 0 0 0 0 0 1 0 0 0 0 0 0 0 0 0 0 0 0 0 0 0 0 0 0 0 1 0 0 0 0 0 0 ]
Last = [ 0 0 0 0 0 0 0 0 0 0 0 0 0 0 1 0 0 0 0 0 0 0 0 0 0 0 0 0 0 0 0 0 0 0 1 0 0 0 0 0 0 0 0 0 0 0 0 0 0 0 0 0 1 0 0 0 0 0 0 0 0 0 0 0 0 0 0 0 0 0 0 0 1 0 0 0 0 0 0 1 ]
nS = 1
S = [ 0 1 2 3 4 5 6 7 8 9 10 11 12 13 14 15 16 17 18 19 20 21 22 23 24 25 26 27 28 29 30 31 32 33 34 35 36 37 38 39 40 41 42 43 44 45 46 47 48 49 50 51 52 53 54 55 56 57 58 59 60 61 62 63 64 65 66 67 68 69 70 71 72 73 74 75 76 77 78 79 ]
