n = 80 ; 
T = 48 ; 
Init = [ 1 1 1 1 1 1 1 1 1 1 1 1 1 1 1 1 1 1 1 1 1 1 0 0 0 0 0 0 0 0 0 0 1 1 1 1 1 1 1 1 1 1 1 1 1 1 1 1 1 1 1 1 1 1 1 1 1 1 1 1 1 1 1 1 0 0 0 0 0 0 0 0 0 0 0 0 0 0 0 0 ]
L = [ 9 9 9 9 9 9 9 9 9 9 9 9 9 9 9 9 9 9 9 9 9 4 7 7 7 7 7 7 7 7 7 7 5 5 5 5 5 5 5 5 5 5 5 7 7 7 7 7 7 7 7 7 7 7 6 6 6 6 6 6 6 6 6 6 4 4 4 4 4 4 4 4 4 4 4 4 4 4 4 4 ]
l = [ 9 9 9 9 9 9 9 9 9 9 9 9 9 9 9 9 9 9 9 9 9 4 7 7 7 7 7 7 7 7 7 7 5 5 5 5 5 5 5 5 5 5 5 7 7 7 7 7 7 7 7 7 7 7 6 6 6 6 6 6 6 6 6 6 4 4 4 4 4 4 4 4 4 4 4 4 4 4 4 4 ]
Pmin = [ 100 100 100 100 100 100 100 100 100 100 100 100 100 100 100 100 100 100 100 100 100 40 73 73 73 73 73 73 73 73 73 73 43 43 43 43 43 43 43 43 43 43 43 76 76 76 76 76 76 76 76 76 76 76 75 75 75 75 75 75 75 75 75 75 30 30 30 30 30 30 30 30 30 30 30 30 30 30 30 30 ]
Pmax = [ 403 403 403 403 403 403 403 403 403 403 403 403 403 403 403 403 403 403 403 403 403 147 284 284 284 281 281 281 281 281 281 281 162 162 162 162 162 162 162 162 162 162 162 292 292 292 292 292 292 292 292 292 292 292 277 277 277 277 277 277 277 277 277 277 113 113 113 113 113 113 113 113 113 113 113 113 113 113 113 113 ]
cf = [ 38.1564 38.1564 38.1564 38.1564 38.1564 38.1564 38.1564 38.1564 38.1564 38.1564 38.1564 38.1564 38.1564 38.1564 38.1564 38.1564 38.1564 38.1564 38.1564 38.1564 38.1564 53.0842 48.0095 48.0095 48.0095 55.8703 55.8703 55.8703 55.8703 55.8703 55.8703 55.8703 8.67695 8.67695 8.67695 8.67695 8.67695 8.67695 8.67695 8.67695 8.67695 8.67695 8.67695 14.2358 14.2358 14.2358 14.2358 14.2358 14.2358 14.2358 14.2358 14.2358 14.2358 14.2358 22.746 22.746 22.746 22.746 22.746 22.746 22.746 22.746 22.746 22.746 28.6085 28.6085 28.6085 28.6085 28.6085 28.6085 28.6085 28.6085 28.6085 28.6085 28.6085 28.6085 28.6085 28.6085 28.6085 28.6085 ]
c0 = [ 250 250 250 250 250 250 250 250 250 250 250 250 250 250 250 250 250 250 250 250 250 117 188 188 188 202 202 202 202 202 202 202 122 122 122 122 122 122 122 122 122 122 122 196 196 196 196 196 196 196 196 196 196 196 195 195 195 195 195 195 195 195 195 195 97 97 97 97 97 97 97 97 97 97 97 97 97 97 97 97 ]
cp = [ 11.128 11.128 11.128 11.128 11.128 11.128 11.128 11.128 11.128 11.128 11.128 11.128 11.128 11.128 11.128 11.128 11.128 11.128 11.128 11.128 11.128 37.0083 18.74 18.74 18.74 21.656 21.656 21.656 21.656 21.656 21.656 21.656 34.839 34.839 34.839 34.839 34.839 34.839 34.839 34.839 34.839 34.839 34.839 30.0185 30.0185 30.0185 30.0185 30.0185 30.0185 30.0185 30.0185 30.0185 30.0185 30.0185 22.2309 22.2309 22.2309 22.2309 22.2309 22.2309 22.2309 22.2309 22.2309 22.2309 37.7741 37.7741 37.7741 37.7741 37.7741 37.7741 37.7741 37.7741 37.7741 37.7741 37.7741 37.7741 37.7741 37.7741 37.7741 37.7741 ]
D = [ 4939 6206 7060 8101 9577 10246 11146 12683 13376 14689 16071 17102 17913 16472 14904 13530 11960 10730 12254 13660 15514 13778 11247 8547 6139 7179 7969 9104 9954 10741 11468 12782 13425 13804 14768 15680 17236 15158 14488 13055 11730 10327 11804 13728 15039 12933 10882 7985 ]
K = 8
nk = [ 1 1 1 1 1 1 1 1 1 1 1 1 1 1 1 1 1 1 1 1 1 2 3 3 3 4 4 4 4 4 4 4 5 5 5 5 5 5 5 5 5 5 5 6 6 6 6 6 6 6 6 6 6 6 7 7 7 7 7 7 7 7 7 7 8 8 8 8 8 8 8 8 8 8 8 8 8 8 8 8 ]
First = [ 1 0 0 0 0 0 0 0 0 0 0 0 0 0 0 0 0 0 0 0 0 1 1 0 0 1 0 0 0 0 0 0 1 0 0 0 0 0 0 0 0 0 0 1 0 0 0 0 0 0 0 0 0 0 1 0 0 0 0 0 0 0 0 0 1 0 0 0 0 0 0 0 0 0 0 0 0 0 0 0 ]
Last = [ 0 0 0 0 0 0 0 0 0 0 0 0 0 0 0 0 0 0 0 0 1 1 0 0 1 0 0 0 0 0 0 1 0 0 0 0 0 0 0 0 0 0 1 0 0 0 0 0 0 0 0 0 0 1 0 0 0 0 0 0 0 0 0 1 0 0 0 0 0 0 0 0 0 0 0 0 0 0 0 1 ]
nS = 1
S = [ 0 1 2 3 4 5 6 7 8 9 10 11 12 13 14 15 16 17 18 19 20 21 22 23 24 25 26 27 28 29 30 31 32 33 34 35 36 37 38 39 40 41 42 43 44 45 46 47 48 49 50 51 52 53 54 55 56 57 58 59 60 61 62 63 64 65 66 67 68 69 70 71 72 73 74 75 76 77 78 79 ]
