n = 80 ; 
T = 48 ; 
Init = [ 0 0 1 1 1 1 1 1 1 1 1 0 0 0 0 1 1 1 1 1 1 1 1 1 1 1 1 1 1 1 1 1 1 1 1 1 1 1 1 1 1 0 0 0 0 0 0 0 0 0 0 0 0 1 1 1 1 1 1 1 1 1 1 1 1 1 1 1 1 1 1 1 1 0 1 1 1 1 1 1 ]
L = [ 10 10 9 9 9 9 9 9 9 9 9 5 5 5 5 5 5 5 5 5 5 5 5 5 5 5 5 5 5 5 5 5 5 5 6 6 6 6 6 6 6 8 8 8 8 8 8 8 8 8 8 8 8 8 8 8 8 8 8 8 8 8 8 8 8 8 8 8 8 8 8 8 8 3 6 6 6 6 6 6 ]
l = [ 10 10 9 9 9 9 9 9 9 9 9 5 5 5 5 5 5 5 5 5 5 5 5 5 5 5 5 5 5 5 5 5 5 5 6 6 6 6 6 6 6 8 8 8 8 8 8 8 8 8 8 8 8 8 8 8 8 8 8 8 8 8 8 8 8 8 8 8 8 8 8 8 8 3 6 6 6 6 6 6 ]
Pmin = [ 100 100 100 100 100 100 100 100 100 100 100 48 48 48 48 52 52 52 52 52 52 52 52 52 52 52 52 52 52 52 52 52 52 52 64 64 64 64 64 64 64 84 84 84 84 84 84 84 84 84 84 84 84 75 75 75 75 75 75 75 75 75 75 75 75 75 75 75 75 75 75 75 75 32 67 67 67 67 67 67 ]
Pmax = [ 415 415 384 384 384 384 384 384 384 384 384 183 183 183 183 191 191 191 191 191 191 191 191 191 191 191 191 191 191 191 191 191 191 191 249 249 249 249 249 249 249 334 334 334 334 334 334 334 334 334 334 334 334 300 300 300 300 300 300 300 300 300 300 300 300 300 300 300 300 300 300 300 300 109 257 257 257 257 257 257 ]
cf = [ 35.8105 35.8105 13.6048 13.6048 13.6048 13.6048 13.6048 13.6048 13.6048 13.6048 13.6048 8.07217 8.07217 8.07217 8.07217 45.515 45.515 45.515 45.515 45.515 45.515 45.515 45.515 45.515 45.515 45.515 45.515 45.515 45.515 45.515 45.515 45.515 45.515 45.515 20.6133 20.6133 20.6133 20.6133 20.6133 20.6133 20.6133 28.6438 28.6438 28.6438 28.6438 28.6438 28.6438 28.6438 28.6438 28.6438 28.6438 28.6438 28.6438 52.2558 52.2558 52.2558 52.2558 52.2558 52.2558 52.2558 52.2558 52.2558 52.2558 52.2558 52.2558 52.2558 52.2558 52.2558 52.2558 52.2558 52.2558 52.2558 52.2558 10.9132 38.2243 38.2243 38.2243 38.2243 38.2243 38.2243 ]
c0 = [ 250 250 250 250 250 250 250 250 250 250 250 134 134 134 134 147 147 147 147 147 147 147 147 147 147 147 147 147 147 147 147 147 147 147 175 175 175 175 175 175 175 216 216 216 216 216 216 216 216 216 216 216 216 195 195 195 195 195 195 195 195 195 195 195 195 195 195 195 195 195 195 195 195 95 176 176 176 176 176 176 ]
cp = [ 9.29227 9.29227 18.896 18.896 18.896 18.896 18.896 18.896 18.896 18.896 18.896 22.4139 22.4139 22.4139 22.4139 29.3535 29.3535 29.3535 29.3535 29.3535 29.3535 29.3535 29.3535 29.3535 29.3535 29.3535 29.3535 29.3535 29.3535 29.3535 29.3535 29.3535 29.3535 29.3535 24.5826 24.5826 24.5826 24.5826 24.5826 24.5826 24.5826 17.689 17.689 17.689 17.689 17.689 17.689 17.689 17.689 17.689 17.689 17.689 17.689 21.7767 21.7767 21.7767 21.7767 21.7767 21.7767 21.7767 21.7767 21.7767 21.7767 21.7767 21.7767 21.7767 21.7767 21.7767 21.7767 21.7767 21.7767 21.7767 21.7767 29.3886 20.5668 20.5668 20.5668 20.5668 20.5668 20.5668 ]
D = [ 6028 7394 7887 9287 10264 11020 12198 13093 14348 14852 15898 16645 18323 16679 15708 13998 12692 11240 13616 15372 17070 14544 11603 9178 6511 6978 8507 9322 10183 11248 12059 13578 14839 15564 16475 17260 18931 17089 16051 13997 12504 11075 13162 14781 16246 13820 10867 8049 ]
K = 9
nk = [ 1 1 2 2 2 2 2 2 2 2 2 3 3 3 3 4 4 4 4 4 4 4 4 4 4 4 4 4 4 4 4 4 4 4 5 5 5 5 5 5 5 6 6 6 6 6 6 6 6 6 6 6 6 7 7 7 7 7 7 7 7 7 7 7 7 7 7 7 7 7 7 7 7 8 9 9 9 9 9 9 ]
First = [ 1 0 1 0 0 0 0 0 0 0 0 1 0 0 0 1 0 0 0 0 0 0 0 0 0 0 0 0 0 0 0 0 0 0 1 0 0 0 0 0 0 1 0 0 0 0 0 0 0 0 0 0 0 1 0 0 0 0 0 0 0 0 0 0 0 0 0 0 0 0 0 0 0 1 1 0 0 0 0 0 ]
Last = [ 0 1 0 0 0 0 0 0 0 0 1 0 0 0 1 0 0 0 0 0 0 0 0 0 0 0 0 0 0 0 0 0 0 1 0 0 0 0 0 0 1 0 0 0 0 0 0 0 0 0 0 0 1 0 0 0 0 0 0 0 0 0 0 0 0 0 0 0 0 0 0 0 1 1 0 0 0 0 0 1 ]
nS = 1
S = [ 0 1 2 3 4 5 6 7 8 9 10 11 12 13 14 15 16 17 18 19 20 21 22 23 24 25 26 27 28 29 30 31 32 33 34 35 36 37 38 39 40 41 42 43 44 45 46 47 48 49 50 51 52 53 54 55 56 57 58 59 60 61 62 63 64 65 66 67 68 69 70 71 72 73 74 75 76 77 78 79 ]
