n = 80 ; 
T = 48 ; 
Init = [ 1 1 1 1 1 1 1 0 0 0 0 0 0 0 0 0 0 0 0 0 0 0 1 1 0 0 0 0 0 0 0 0 0 0 0 0 0 0 0 0 0 0 0 0 0 0 0 0 0 0 0 0 0 0 0 0 1 1 1 1 1 1 1 1 1 1 1 1 1 1 1 1 0 0 0 0 1 1 1 1 ]
L = [ 6 6 6 6 6 6 6 6 6 6 6 6 6 6 6 6 6 6 6 6 6 6 2 2 7 7 7 7 7 9 9 9 9 9 9 9 9 9 8 8 8 8 8 8 8 8 8 8 8 8 8 8 8 8 8 8 8 8 5 5 5 5 5 5 5 5 5 5 5 5 5 5 3 3 3 3 7 7 7 7 ]
l = [ 6 6 6 6 6 6 6 6 6 6 6 6 6 6 6 6 6 6 6 6 6 6 2 2 7 7 7 7 7 9 9 9 9 9 9 9 9 9 8 8 8 8 8 8 8 8 8 8 8 8 8 8 8 8 8 8 8 8 5 5 5 5 5 5 5 5 5 5 5 5 5 5 3 3 3 3 7 7 7 7 ]
Pmin = [ 65 65 65 65 65 65 65 64 64 64 64 64 64 64 64 64 64 64 64 64 64 64 22 22 73 73 73 73 73 95 95 95 95 95 95 95 95 95 80 80 80 80 80 80 80 80 80 80 76 76 76 76 76 76 76 76 83 83 51 51 51 51 51 51 51 51 51 51 51 51 51 51 34 34 34 34 70 70 70 70 ]
Pmax = [ 234 234 234 234 234 234 234 241 241 241 241 241 241 241 241 241 241 241 241 241 241 241 46 46 266 266 266 266 266 376 376 376 376 376 376 376 376 376 328 328 328 328 328 328 328 328 328 328 314 314 314 314 314 314 314 314 320 320 199 199 199 199 199 199 199 199 199 199 199 199 199 199 111 111 111 111 258 258 258 258 ]
cf = [ 37.161 37.161 37.161 37.161 37.161 37.161 37.161 65.9665 65.9665 65.9665 65.9665 65.9665 65.9665 65.9665 65.9665 65.9665 65.9665 65.9665 65.9665 65.9665 65.9665 65.9665 24.8449 24.8449 46.5853 46.5853 46.5853 46.5853 46.5853 39.5279 39.5279 39.5279 39.5279 39.5279 39.5279 39.5279 39.5279 39.5279 38.0318 38.0318 38.0318 38.0318 38.0318 38.0318 38.0318 38.0318 38.0318 38.0318 61.2575 61.2575 61.2575 61.2575 61.2575 61.2575 61.2575 61.2575 40.8898 40.8898 32.4572 32.4572 32.4572 32.4572 32.4572 32.4572 32.4572 32.4572 32.4572 32.4572 32.4572 32.4572 32.4572 32.4572 7.63606 7.63606 7.63606 7.63606 25.3988 25.3988 25.3988 25.3988 ]
c0 = [ 175 175 175 175 175 175 175 183 183 183 183 183 183 183 183 183 183 183 183 183 183 183 75 75 194 194 194 194 194 250 250 250 250 250 250 250 250 250 208 208 208 208 208 208 208 208 208 208 212 212 212 212 212 212 212 212 220 220 147 147 147 147 147 147 147 147 147 147 147 147 147 147 110 110 110 110 187 187 187 187 ]
cp = [ 27.8643 27.8643 27.8643 27.8643 27.8643 27.8643 27.8643 29.8857 29.8857 29.8857 29.8857 29.8857 29.8857 29.8857 29.8857 29.8857 29.8857 29.8857 29.8857 29.8857 29.8857 29.8857 39.7341 39.7341 12.1391 12.1391 12.1391 12.1391 12.1391 15.6742 15.6742 15.6742 15.6742 15.6742 15.6742 15.6742 15.6742 15.6742 18.1918 18.1918 18.1918 18.1918 18.1918 18.1918 18.1918 18.1918 18.1918 18.1918 19.923 19.923 19.923 19.923 19.923 19.923 19.923 19.923 17.1699 17.1699 28.6924 28.6924 28.6924 28.6924 28.6924 28.6924 28.6924 28.6924 28.6924 28.6924 28.6924 28.6924 28.6924 28.6924 39.7945 39.7945 39.7945 39.7945 28.3166 28.3166 28.3166 28.3166 ]
D = [ 4436 5640 7073 7838 9158 9784 10713 11893 12856 13838 14911 15982 16811 15445 14357 13044 11485 10333 11920 13482 15100 12641 10585 7821 5885 7212 7764 9292 10222 11371 12390 12945 14025 15224 16574 17636 18079 16870 15131 13751 11970 10264 11840 13421 14882 12378 9935 7978 ]
K = 11
nk = [ 1 1 1 1 1 1 1 2 2 2 2 2 2 2 2 2 2 2 2 2 2 2 3 3 4 4 4 4 4 5 5 5 5 5 5 5 5 5 6 6 6 6 6 6 6 6 6 6 7 7 7 7 7 7 7 7 8 8 9 9 9 9 9 9 9 9 9 9 9 9 9 9 10 10 10 10 11 11 11 11 ]
First = [ 1 0 0 0 0 0 0 1 0 0 0 0 0 0 0 0 0 0 0 0 0 0 1 0 1 0 0 0 0 1 0 0 0 0 0 0 0 0 1 0 0 0 0 0 0 0 0 0 1 0 0 0 0 0 0 0 1 0 1 0 0 0 0 0 0 0 0 0 0 0 0 0 1 0 0 0 1 0 0 0 ]
Last = [ 0 0 0 0 0 0 1 0 0 0 0 0 0 0 0 0 0 0 0 0 0 1 0 1 0 0 0 0 1 0 0 0 0 0 0 0 0 1 0 0 0 0 0 0 0 0 0 1 0 0 0 0 0 0 0 1 0 1 0 0 0 0 0 0 0 0 0 0 0 0 0 1 0 0 0 1 0 0 0 1 ]
nS = 1
S = [ 0 1 2 3 4 5 6 7 8 9 10 11 12 13 14 15 16 17 18 19 20 21 22 23 24 25 26 27 28 29 30 31 32 33 34 35 36 37 38 39 40 41 42 43 44 45 46 47 48 49 50 51 52 53 54 55 56 57 58 59 60 61 62 63 64 65 66 67 68 69 70 71 72 73 74 75 76 77 78 79 ]
