n = 80 ; 
T = 48 ; 
Init = [ 0 0 0 0 0 0 0 0 0 0 0 0 0 1 1 1 1 1 1 1 1 1 1 1 1 1 1 1 1 1 1 1 1 1 0 0 0 0 0 0 0 0 0 1 1 1 1 1 1 1 1 1 1 1 1 1 1 1 1 1 1 1 1 1 1 1 1 1 1 0 0 0 0 0 0 0 0 0 0 0 ]
L = [ 7 7 7 7 7 7 7 7 7 7 7 7 7 2 2 3 3 3 3 3 3 3 3 3 3 3 3 3 3 3 2 2 2 2 4 4 4 4 4 4 4 4 4 7 7 7 7 7 7 7 7 7 7 7 7 7 7 8 8 8 8 8 8 8 8 8 8 8 8 10 10 10 10 10 10 10 10 10 10 10 ]
l = [ 7 7 7 7 7 7 7 7 7 7 7 7 7 2 2 3 3 3 3 3 3 3 3 3 3 3 3 3 3 3 2 2 2 2 4 4 4 4 4 4 4 4 4 7 7 7 7 7 7 7 7 7 7 7 7 7 7 8 8 8 8 8 8 8 8 8 8 8 8 10 10 10 10 10 10 10 10 10 10 10 ]
Pmin = [ 81 81 81 81 81 81 81 81 81 81 81 81 81 20 20 32 32 32 32 32 32 32 32 32 32 32 32 32 32 32 13 13 13 13 45 45 45 45 45 45 45 45 45 78 78 78 78 78 78 78 78 78 78 78 78 78 78 88 88 88 88 88 88 88 88 88 88 88 88 100 100 100 100 100 100 100 100 100 100 100 ]
Pmax = [ 316 316 316 316 316 316 316 316 316 316 316 316 316 60 60 90 90 90 90 90 90 90 90 90 90 90 90 90 90 90 40 40 40 40 145 145 145 145 145 145 145 145 145 315 315 315 315 315 315 315 315 315 315 315 315 315 315 337 337 337 337 337 337 337 337 337 337 337 337 413 413 413 413 413 413 413 413 413 413 413 ]
cf = [ 45.7987 45.7987 45.7987 45.7987 45.7987 45.7987 45.7987 45.7987 45.7987 45.7987 45.7987 45.7987 45.7987 53.6107 53.6107 24.0769 24.0769 24.0769 24.0769 24.0769 24.0769 24.0769 24.0769 24.0769 24.0769 24.0769 24.0769 24.0769 24.0769 24.0769 8.43096 8.43096 8.43096 8.43096 31.7254 31.7254 31.7254 31.7254 31.7254 31.7254 31.7254 31.7254 31.7254 14.657 14.657 14.657 14.657 14.657 14.657 14.657 14.657 14.657 14.657 14.657 14.657 14.657 14.657 54.3301 54.3301 54.3301 54.3301 54.3301 54.3301 54.3301 54.3301 54.3301 54.3301 54.3301 54.3301 58.5226 58.5226 58.5226 58.5226 58.5226 58.5226 58.5226 58.5226 58.5226 58.5226 58.5226 ]
c0 = [ 222 222 222 222 222 222 222 222 222 222 222 222 222 59 59 101 101 101 101 101 101 101 101 101 101 101 101 101 101 101 47 47 47 47 131 131 131 131 131 131 131 131 131 215 215 215 215 215 215 215 215 215 215 215 215 215 215 228 228 228 228 228 228 228 228 228 228 228 228 250 250 250 250 250 250 250 250 250 250 250 ]
cp = [ 17.3503 17.3503 17.3503 17.3503 17.3503 17.3503 17.3503 17.3503 17.3503 17.3503 17.3503 17.3503 17.3503 40.4955 40.4955 36.3639 36.3639 36.3639 36.3639 36.3639 36.3639 36.3639 36.3639 36.3639 36.3639 36.3639 36.3639 36.3639 36.3639 36.3639 41.2813 41.2813 41.2813 41.2813 37.2168 37.2168 37.2168 37.2168 37.2168 37.2168 37.2168 37.2168 37.2168 17.3993 17.3993 17.3993 17.3993 17.3993 17.3993 17.3993 17.3993 17.3993 17.3993 17.3993 17.3993 17.3993 17.3993 15.57 15.57 15.57 15.57 15.57 15.57 15.57 15.57 15.57 15.57 15.57 15.57 8.98521 8.98521 8.98521 8.98521 8.98521 8.98521 8.98521 8.98521 8.98521 8.98521 8.98521 ]
D = [ 5467 6354 6782 7893 9118 10144 10839 11850 12846 14096 14766 15708 16375 15723 14047 13212 11533 10511 12336 14349 16160 13295 9897 7388 4350 4726 6302 7153 7803 8734 9855 11376 12047 13222 13984 14948 15838 15251 13791 13178 11399 10390 12316 14536 16369 13052 10628 8048 ]
K = 8
nk = [ 1 1 1 1 1 1 1 1 1 1 1 1 1 2 2 3 3 3 3 3 3 3 3 3 3 3 3 3 3 3 4 4 4 4 5 5 5 5 5 5 5 5 5 6 6 6 6 6 6 6 6 6 6 6 6 6 6 7 7 7 7 7 7 7 7 7 7 7 7 8 8 8 8 8 8 8 8 8 8 8 ]
First = [ 1 0 0 0 0 0 0 0 0 0 0 0 0 1 0 1 0 0 0 0 0 0 0 0 0 0 0 0 0 0 1 0 0 0 1 0 0 0 0 0 0 0 0 1 0 0 0 0 0 0 0 0 0 0 0 0 0 1 0 0 0 0 0 0 0 0 0 0 0 1 0 0 0 0 0 0 0 0 0 0 ]
Last = [ 0 0 0 0 0 0 0 0 0 0 0 0 1 0 1 0 0 0 0 0 0 0 0 0 0 0 0 0 0 1 0 0 0 1 0 0 0 0 0 0 0 0 1 0 0 0 0 0 0 0 0 0 0 0 0 0 1 0 0 0 0 0 0 0 0 0 0 0 1 0 0 0 0 0 0 0 0 0 0 1 ]
nS = 1
S = [ 0 1 2 3 4 5 6 7 8 9 10 11 12 13 14 15 16 17 18 19 20 21 22 23 24 25 26 27 28 29 30 31 32 33 34 35 36 37 38 39 40 41 42 43 44 45 46 47 48 49 50 51 52 53 54 55 56 57 58 59 60 61 62 63 64 65 66 67 68 69 70 71 72 73 74 75 76 77 78 79 ]
