n = 80 ; 
T = 48 ; 
Init = [ 1 1 1 1 1 1 1 1 1 0 0 0 0 0 0 0 1 1 1 1 1 1 1 1 1 1 1 1 1 1 1 1 1 1 1 0 0 0 0 0 1 1 1 1 1 1 1 1 1 1 1 1 1 1 1 1 1 0 0 0 0 0 0 0 0 0 0 0 1 1 1 1 1 1 1 1 1 1 1 1 ]
L = [ 10 10 10 10 10 10 10 10 10 9 9 9 9 9 9 9 3 3 3 3 3 3 3 8 8 8 8 8 8 8 8 8 8 8 8 9 9 9 9 9 4 4 4 4 4 4 4 4 4 4 4 4 4 2 2 2 2 8 8 8 8 8 8 8 8 8 8 8 6 6 6 6 6 6 6 6 6 6 6 10 ]
l = [ 10 10 10 10 10 10 10 10 10 9 9 9 9 9 9 9 3 3 3 3 3 3 3 8 8 8 8 8 8 8 8 8 8 8 8 9 9 9 9 9 4 4 4 4 4 4 4 4 4 4 4 4 4 2 2 2 2 8 8 8 8 8 8 8 8 8 8 8 6 6 6 6 6 6 6 6 6 6 6 10 ]
Pmin = [ 100 100 100 100 100 100 100 100 100 94 94 94 94 94 94 94 26 26 26 26 26 26 26 94 94 94 94 94 94 94 94 94 94 94 94 100 100 100 100 100 48 48 48 48 48 48 48 48 48 48 48 48 48 21 21 21 21 91 91 91 91 91 91 91 91 91 91 91 69 69 69 69 69 69 69 69 69 69 69 100 ]
Pmax = [ 420 420 420 420 420 420 420 420 420 364 364 364 364 364 364 364 99 99 99 59 59 59 59 361 361 361 361 361 361 361 361 361 361 361 361 411 411 411 411 411 166 166 166 166 166 166 166 166 166 166 166 166 166 72 72 72 72 365 365 365 365 365 365 365 365 365 365 365 250 250 250 250 250 250 250 250 250 250 250 420 ]
cf = [ 55.3921 55.3921 55.3921 55.3921 55.3921 55.3921 55.3921 55.3921 55.3921 7.40423 7.40423 7.40423 7.40423 7.40423 7.40423 7.40423 15.6694 15.6694 15.6694 49.4136 49.4136 49.4136 49.4136 25.467 25.467 25.467 25.467 25.467 25.467 25.467 25.467 25.467 25.467 25.467 25.467 25.1686 25.1686 25.1686 25.1686 25.1686 64.1114 64.1114 64.1114 64.1114 64.1114 64.1114 64.1114 64.1114 64.1114 64.1114 64.1114 64.1114 64.1114 18.4638 18.4638 18.4638 18.4638 13.3219 13.3219 13.3219 13.3219 13.3219 13.3219 13.3219 13.3219 13.3219 13.3219 13.3219 50.3735 50.3735 50.3735 50.3735 50.3735 50.3735 50.3735 50.3735 50.3735 50.3735 50.3735 19.3969 ]
c0 = [ 250 250 250 250 250 250 250 250 250 238 238 238 238 238 238 238 88 88 88 90 90 90 90 248 248 248 248 248 248 248 248 248 248 248 248 250 250 250 250 250 144 144 144 144 144 144 144 144 144 144 144 144 144 81 81 81 81 230 230 230 230 230 230 230 230 230 230 230 187 187 187 187 187 187 187 187 187 187 187 250 ]
cp = [ 10.647 10.647 10.647 10.647 10.647 10.647 10.647 10.647 10.647 12.547 12.547 12.547 12.547 12.547 12.547 12.547 36.0179 36.0179 36.0179 27.185 27.185 27.185 27.185 15.6974 15.6974 15.6974 15.6974 15.6974 15.6974 15.6974 15.6974 15.6974 15.6974 15.6974 15.6974 13.759 13.759 13.759 13.759 13.759 25.83 25.83 25.83 25.83 25.83 25.83 25.83 25.83 25.83 25.83 25.83 25.83 25.83 38.7005 38.7005 38.7005 38.7005 19.9844 19.9844 19.9844 19.9844 19.9844 19.9844 19.9844 19.9844 19.9844 19.9844 19.9844 31.251 31.251 31.251 31.251 31.251 31.251 31.251 31.251 31.251 31.251 31.251 9.60332 ]
D = [ 4470 6055 7012 8964 9976 11116 12571 13688 14757 16210 18234 19468 20152 19043 17326 15553 14121 11965 14320 15801 18136 14609 11220 8181 5011 6825 7418 8898 9439 10667 11843 13123 14490 15468 16501 17090 18775 17243 15631 14495 12932 12149 13188 14907 16455 13737 10723 7657 ]
K = 11
nk = [ 1 1 1 1 1 1 1 1 1 2 2 2 2 2 2 2 3 3 3 4 4 4 4 5 5 5 5 5 5 5 5 5 5 5 5 6 6 6 6 6 7 7 7 7 7 7 7 7 7 7 7 7 7 8 8 8 8 9 9 9 9 9 9 9 9 9 9 9 10 10 10 10 10 10 10 10 10 10 10 11 ]
First = [ 1 0 0 0 0 0 0 0 0 1 0 0 0 0 0 0 1 0 0 1 0 0 0 1 0 0 0 0 0 0 0 0 0 0 0 1 0 0 0 0 1 0 0 0 0 0 0 0 0 0 0 0 0 1 0 0 0 1 0 0 0 0 0 0 0 0 0 0 1 0 0 0 0 0 0 0 0 0 0 1 ]
Last = [ 0 0 0 0 0 0 0 0 1 0 0 0 0 0 0 1 0 0 1 0 0 0 1 0 0 0 0 0 0 0 0 0 0 0 1 0 0 0 0 1 0 0 0 0 0 0 0 0 0 0 0 0 1 0 0 0 1 0 0 0 0 0 0 0 0 0 0 1 0 0 0 0 0 0 0 0 0 0 1 1 ]
nS = 1
S = [ 0 1 2 3 4 5 6 7 8 9 10 11 12 13 14 15 16 17 18 19 20 21 22 23 24 25 26 27 28 29 30 31 32 33 34 35 36 37 38 39 40 41 42 43 44 45 46 47 48 49 50 51 52 53 54 55 56 57 58 59 60 61 62 63 64 65 66 67 68 69 70 71 72 73 74 75 76 77 78 79 ]
