n = 80 ; 
T = 48 ; 
Init = [ 1 1 1 1 1 1 1 1 1 1 1 1 1 0 0 0 0 0 0 0 0 0 0 0 0 0 0 0 0 0 0 0 0 0 0 0 0 0 0 0 0 0 0 0 0 0 0 0 0 0 0 0 0 0 0 0 0 0 0 0 0 0 0 0 0 0 0 0 0 0 0 0 0 0 0 0 0 0 0 0 ]
L = [ 8 8 8 8 8 8 8 8 8 8 3 3 3 5 5 5 5 5 5 5 5 5 5 5 5 5 5 5 5 5 5 5 5 5 5 5 5 5 5 5 5 5 5 5 5 7 7 7 7 7 7 7 7 7 7 7 7 7 7 7 7 7 7 7 7 7 7 7 7 7 7 7 7 7 3 3 3 3 3 3 ]
l = [ 8 8 8 8 8 8 8 8 8 8 3 3 3 5 5 5 5 5 5 5 5 5 5 5 5 5 5 5 5 5 5 5 5 5 5 5 5 5 5 5 5 5 5 5 5 7 7 7 7 7 7 7 7 7 7 7 7 7 7 7 7 7 7 7 7 7 7 7 7 7 7 7 7 7 3 3 3 3 3 3 ]
Pmin = [ 90 90 90 90 90 90 90 90 90 90 34 34 34 42 42 42 42 42 42 42 42 42 42 42 42 42 42 42 42 42 42 42 42 42 42 42 42 42 42 42 42 42 42 42 42 76 76 76 76 76 76 76 76 76 76 76 76 76 76 76 76 76 76 76 76 76 76 76 76 76 76 76 76 76 39 39 39 39 39 39 ]
Pmax = [ 340 340 340 340 340 340 340 340 340 340 101 101 101 164 164 164 164 164 164 164 164 164 164 164 164 164 164 164 164 164 164 164 164 164 164 164 164 164 164 164 164 164 164 164 164 286 286 286 286 286 286 286 286 286 286 286 286 286 286 286 286 286 286 286 286 286 286 286 286 286 286 286 286 286 126 126 126 126 126 126 ]
cf = [ 63.9054 63.9054 63.9054 63.9054 63.9054 63.9054 63.9054 63.9054 63.9054 63.9054 26.3855 26.3855 26.3855 53.9795 53.9795 53.9795 53.9795 53.9795 53.9795 53.9795 53.9795 53.9795 53.9795 53.9795 53.9795 53.9795 53.9795 53.9795 53.9795 53.9795 53.9795 53.9795 53.9795 53.9795 53.9795 53.9795 53.9795 53.9795 53.9795 53.9795 53.9795 53.9795 53.9795 53.9795 53.9795 22.5148 22.5148 22.5148 22.5148 22.5148 22.5148 22.5148 22.5148 22.5148 22.5148 22.5148 22.5148 22.5148 22.5148 22.5148 22.5148 22.5148 22.5148 22.5148 22.5148 22.5148 22.5148 22.5148 22.5148 22.5148 22.5148 22.5148 22.5148 22.5148 9.36785 9.36785 9.36785 9.36785 9.36785 9.36785 ]
c0 = [ 231 231 231 231 231 231 231 231 231 231 112 112 112 121 121 121 121 121 121 121 121 121 121 121 121 121 121 121 121 121 121 121 121 121 121 121 121 121 121 121 121 121 121 121 121 199 199 199 199 199 199 199 199 199 199 199 199 199 199 199 199 199 199 199 199 199 199 199 199 199 199 199 199 199 127 127 127 127 127 127 ]
cp = [ 34.0232 34.0232 34.0232 34.0232 34.0232 34.0232 34.0232 34.0232 34.0232 34.0232 35.081 35.081 35.081 34.8531 34.8531 34.8531 34.8531 34.8531 34.8531 34.8531 34.8531 34.8531 34.8531 34.8531 34.8531 34.8531 34.8531 34.8531 34.8531 34.8531 34.8531 34.8531 34.8531 34.8531 34.8531 34.8531 34.8531 34.8531 34.8531 34.8531 34.8531 34.8531 34.8531 34.8531 34.8531 13.1196 13.1196 13.1196 13.1196 13.1196 13.1196 13.1196 13.1196 13.1196 13.1196 13.1196 13.1196 13.1196 13.1196 13.1196 13.1196 13.1196 13.1196 13.1196 13.1196 13.1196 13.1196 13.1196 13.1196 13.1196 13.1196 13.1196 13.1196 13.1196 29.17 29.17 29.17 29.17 29.17 29.17 ]
D = [ 4123 4906 6072 6729 8279 9235 10084 11232 11611 12968 13582 14817 15410 14062 12592 11786 10224 8712 10416 11250 13206 11021 8722 6666 4618 5690 6273 7453 7998 8985 10022 10550 11412 12625 13279 14525 15378 14088 12746 11467 10131 8686 10369 12044 13961 11699 9111 6860 ]
K = 5
nk = [ 1 1 1 1 1 1 1 1 1 1 2 2 2 3 3 3 3 3 3 3 3 3 3 3 3 3 3 3 3 3 3 3 3 3 3 3 3 3 3 3 3 3 3 3 3 4 4 4 4 4 4 4 4 4 4 4 4 4 4 4 4 4 4 4 4 4 4 4 4 4 4 4 4 4 5 5 5 5 5 5 ]
First = [ 1 0 0 0 0 0 0 0 0 0 1 0 0 1 0 0 0 0 0 0 0 0 0 0 0 0 0 0 0 0 0 0 0 0 0 0 0 0 0 0 0 0 0 0 0 1 0 0 0 0 0 0 0 0 0 0 0 0 0 0 0 0 0 0 0 0 0 0 0 0 0 0 0 0 1 0 0 0 0 0 ]
Last = [ 0 0 0 0 0 0 0 0 0 1 0 0 1 0 0 0 0 0 0 0 0 0 0 0 0 0 0 0 0 0 0 0 0 0 0 0 0 0 0 0 0 0 0 0 1 0 0 0 0 0 0 0 0 0 0 0 0 0 0 0 0 0 0 0 0 0 0 0 0 0 0 0 0 1 0 0 0 0 0 1 ]
nS = 1
S = [ 0 1 2 3 4 5 6 7 8 9 10 11 12 13 14 15 16 17 18 19 20 21 22 23 24 25 26 27 28 29 30 31 32 33 34 35 36 37 38 39 40 41 42 43 44 45 46 47 48 49 50 51 52 53 54 55 56 57 58 59 60 61 62 63 64 65 66 67 68 69 70 71 72 73 74 75 76 77 78 79 ]
