n = 80 ; 
T = 48 ; 
Init = [ 0 0 0 0 0 0 0 0 0 0 0 0 0 0 0 0 0 0 0 0 0 0 0 0 0 0 0 0 0 0 0 0 0 0 0 0 0 0 0 0 1 1 1 1 1 1 0 0 0 0 0 0 0 0 0 0 0 0 0 1 1 1 1 1 1 1 1 1 1 1 1 1 1 1 1 0 1 1 1 1 ]
L = [ 5 5 5 5 5 5 5 5 5 5 7 7 7 7 7 7 7 7 7 7 7 7 4 4 4 4 4 5 3 3 3 3 3 3 3 3 3 3 3 3 8 8 8 8 8 8 9 9 9 9 9 9 9 9 9 9 9 9 9 6 6 6 6 6 6 6 6 6 4 4 4 4 4 4 4 7 2 2 2 2 ]
l = [ 5 5 5 5 5 5 5 5 5 5 7 7 7 7 7 7 7 7 7 7 7 7 4 4 4 4 4 5 3 3 3 3 3 3 3 3 3 3 3 3 8 8 8 8 8 8 9 9 9 9 9 9 9 9 9 9 9 9 9 6 6 6 6 6 6 6 6 6 4 4 4 4 4 4 4 7 2 2 2 2 ]
Pmin = [ 55 55 55 55 55 55 55 55 55 55 78 78 78 78 78 78 78 78 78 78 78 79 43 43 43 43 43 56 28 28 28 28 28 28 28 28 28 28 28 28 93 93 93 93 93 93 99 99 99 99 99 99 99 99 99 99 99 99 99 65 65 65 65 65 65 65 65 65 36 36 36 40 40 40 40 76 16 16 16 16 ]
Pmax = [ 204 204 204 204 204 204 204 204 204 204 294 294 294 294 294 294 294 294 294 294 294 294 153 153 153 153 153 191 92 92 92 92 92 92 92 92 92 92 92 92 352 352 352 352 352 352 381 381 381 381 381 381 381 381 381 381 381 381 381 259 259 259 259 259 259 259 259 259 130 130 130 127 127 127 127 314 30 30 30 30 ]
cf = [ 68.9424 68.9424 68.9424 68.9424 68.9424 68.9424 68.9424 68.9424 68.9424 68.9424 28.3015 28.3015 28.3015 28.3015 28.3015 28.3015 28.3015 28.3015 28.3015 28.3015 28.3015 31.5346 56.4173 56.4173 56.4173 56.4173 56.4173 18.5884 42.5055 42.5055 42.5055 42.5055 42.5055 42.5055 42.5055 42.5055 42.5055 42.5055 42.5055 42.5055 17.7405 17.7405 17.7405 17.7405 17.7405 17.7405 37.2624 37.2624 37.2624 37.2624 37.2624 37.2624 37.2624 37.2624 37.2624 37.2624 37.2624 37.2624 37.2624 61.6605 61.6605 61.6605 61.6605 61.6605 61.6605 61.6605 61.6605 61.6605 23.4989 23.4989 23.4989 9.90717 9.90717 9.90717 9.90717 25.4373 45.2233 45.2233 45.2233 45.2233 ]
c0 = [ 146 146 146 146 146 146 146 146 146 146 205 205 205 205 205 205 205 205 205 205 205 205 129 129 129 129 129 145 84 84 84 84 84 84 84 84 84 84 84 84 250 250 250 250 250 250 250 250 250 250 250 250 250 250 250 250 250 250 250 176 176 176 176 176 176 176 176 176 111 111 111 116 116 116 116 211 68 68 68 68 ]
cp = [ 36.3502 36.3502 36.3502 36.3502 36.3502 36.3502 36.3502 36.3502 36.3502 36.3502 17.8699 17.8699 17.8699 17.8699 17.8699 17.8699 17.8699 17.8699 17.8699 17.8699 17.8699 17.6044 30.6462 30.6462 30.6462 30.6462 30.6462 36.2512 31.6893 31.6893 31.6893 31.6893 31.6893 31.6893 31.6893 31.6893 31.6893 31.6893 31.6893 31.6893 16.7829 16.7829 16.7829 16.7829 16.7829 16.7829 20.2167 20.2167 20.2167 20.2167 20.2167 20.2167 20.2167 20.2167 20.2167 20.2167 20.2167 20.2167 20.2167 20.6535 20.6535 20.6535 20.6535 20.6535 20.6535 20.6535 20.6535 20.6535 37.8907 37.8907 37.8907 37.4479 37.4479 37.4479 37.4479 28.4261 41.2067 41.2067 41.2067 41.2067 ]
D = [ 4664 5502 6116 7035 8374 8567 9577 10754 11258 12538 12930 14032 14585 14109 12399 11719 10784 9226 10949 12301 14037 11870 9313 7246 5488 5959 6760 7837 8804 9671 10500 11542 12566 12986 14412 15129 15823 14584 13555 11945 10818 9462 11523 12709 14324 11725 9370 7310 ]
K = 13
nk = [ 1 1 1 1 1 1 1 1 1 1 2 2 2 2 2 2 2 2 2 2 2 3 4 4 4 4 4 5 6 6 6 6 6 6 6 6 6 6 6 6 7 7 7 7 7 7 8 8 8 8 8 8 8 8 8 8 8 8 8 9 9 9 9 9 9 9 9 9 10 10 10 11 11 11 11 12 13 13 13 13 ]
First = [ 1 0 0 0 0 0 0 0 0 0 1 0 0 0 0 0 0 0 0 0 0 1 1 0 0 0 0 1 1 0 0 0 0 0 0 0 0 0 0 0 1 0 0 0 0 0 1 0 0 0 0 0 0 0 0 0 0 0 0 1 0 0 0 0 0 0 0 0 1 0 0 1 0 0 0 1 1 0 0 0 ]
Last = [ 0 0 0 0 0 0 0 0 0 1 0 0 0 0 0 0 0 0 0 0 1 1 0 0 0 0 1 1 0 0 0 0 0 0 0 0 0 0 0 1 0 0 0 0 0 1 0 0 0 0 0 0 0 0 0 0 0 0 1 0 0 0 0 0 0 0 0 1 0 0 1 0 0 0 1 1 0 0 0 1 ]
nS = 1
S = [ 0 1 2 3 4 5 6 7 8 9 10 11 12 13 14 15 16 17 18 19 20 21 22 23 24 25 26 27 28 29 30 31 32 33 34 35 36 37 38 39 40 41 42 43 44 45 46 47 48 49 50 51 52 53 54 55 56 57 58 59 60 61 62 63 64 65 66 67 68 69 70 71 72 73 74 75 76 77 78 79 ]
