n = 80 ; 
T = 48 ; 
Init = [ 0 0 0 0 0 0 0 0 0 0 0 0 0 1 1 1 1 1 1 1 0 0 0 0 0 0 0 0 0 0 0 0 0 0 0 0 0 0 0 0 0 0 0 1 1 1 1 1 1 1 1 1 1 0 0 0 0 0 0 0 0 0 0 0 0 0 0 1 1 1 1 1 1 1 1 1 1 1 1 1 ]
L = [ 8 8 8 8 8 8 8 8 8 8 6 6 6 7 7 7 7 7 7 7 4 4 6 6 6 6 6 6 6 6 6 6 6 10 10 3 3 3 3 2 2 2 2 2 2 2 2 2 2 5 5 5 5 10 10 10 10 10 10 10 10 10 10 10 10 10 10 10 10 10 10 10 10 10 10 6 6 6 6 6 ]
l = [ 8 8 8 8 8 8 8 8 8 8 6 6 6 7 7 7 7 7 7 7 4 4 6 6 6 6 6 6 6 6 6 6 6 10 10 3 3 3 3 2 2 2 2 2 2 2 2 2 2 5 5 5 5 10 10 10 10 10 10 10 10 10 10 10 10 10 10 10 10 10 10 10 10 10 10 6 6 6 6 6 ]
Pmin = [ 92 92 92 92 92 92 92 92 92 92 59 59 59 77 77 77 77 77 77 77 37 37 68 68 68 68 68 68 68 68 68 68 68 100 100 31 31 31 31 22 22 22 22 17 17 17 17 17 17 56 56 56 56 100 100 100 100 100 100 100 100 100 100 100 100 100 100 100 100 100 100 100 100 100 100 72 72 72 72 72 ]
Pmax = [ 354 354 354 354 354 354 354 354 354 354 234 234 234 310 310 310 310 310 310 310 119 119 253 253 253 253 253 253 253 253 253 253 253 420 420 103 103 103 103 63 63 63 63 39 39 39 39 39 39 226 226 226 226 420 420 420 420 420 420 420 420 420 420 420 420 420 420 420 420 420 420 420 420 420 420 264 264 264 264 264 ]
cf = [ 28.7047 28.7047 28.7047 28.7047 28.7047 28.7047 28.7047 28.7047 28.7047 28.7047 10.5962 10.5962 10.5962 45.0196 45.0196 45.0196 45.0196 45.0196 45.0196 45.0196 41.7342 41.7342 45.2422 45.2422 45.2422 45.2422 45.2422 45.2422 45.2422 45.2422 45.2422 45.2422 45.2422 46.5303 46.5303 38.8743 38.8743 38.8743 38.8743 30.4172 30.4172 30.4172 30.4172 37.3673 37.3673 37.3673 37.3673 37.3673 37.3673 52.8108 52.8108 52.8108 52.8108 27.8501 27.8501 37.1159 37.1159 37.1159 37.1159 37.1159 37.1159 37.1159 37.1159 37.1159 37.1159 37.1159 37.1159 14.9028 14.9028 14.9028 14.9028 14.9028 14.9028 14.9028 14.9028 7.17695 7.17695 7.17695 7.17695 7.17695 ]
c0 = [ 243 243 243 243 243 243 243 243 243 243 168 168 168 196 196 196 196 196 196 196 115 115 190 190 190 190 190 190 190 190 190 190 190 250 250 106 106 106 106 76 76 76 76 69 69 69 69 69 69 144 144 144 144 250 250 250 250 250 250 250 250 250 250 250 250 250 250 250 250 250 250 250 250 250 250 189 189 189 189 189 ]
cp = [ 17.5652 17.5652 17.5652 17.5652 17.5652 17.5652 17.5652 17.5652 17.5652 17.5652 26.2704 26.2704 26.2704 25.2865 25.2865 25.2865 25.2865 25.2865 25.2865 25.2865 35.8008 35.8008 11.7669 11.7669 11.7669 11.7669 11.7669 11.7669 11.7669 11.7669 11.7669 11.7669 11.7669 8.42352 8.42352 35.431 35.431 35.431 35.431 40.9135 40.9135 40.9135 40.9135 40.1579 40.1579 40.1579 40.1579 40.1579 40.1579 29.891 29.891 29.891 29.891 8.61647 8.61647 8.37316 8.37316 8.37316 8.37316 8.37316 8.37316 8.37316 8.37316 8.37316 8.37316 8.37316 8.37316 8.21972 8.21972 8.21972 8.21972 8.21972 8.21972 8.21972 8.21972 23.904 23.904 23.904 23.904 23.904 ]
D = [ 6422 7319 9074 10022 10760 12404 13254 14761 15741 17077 18058 18681 20229 18241 16626 15013 12766 10499 12877 15160 17266 14688 11794 8860 6710 7577 8592 9043 10524 11346 12299 13377 13908 15227 16144 16870 18028 16931 15663 14271 12491 11448 12771 14594 16870 13620 10692 7597 ]
K = 14
nk = [ 1 1 1 1 1 1 1 1 1 1 2 2 2 3 3 3 3 3 3 3 4 4 5 5 5 5 5 5 5 5 5 5 5 6 6 7 7 7 7 8 8 8 8 9 9 9 9 9 9 10 10 10 10 11 11 12 12 12 12 12 12 12 12 12 12 12 12 13 13 13 13 13 13 13 13 14 14 14 14 14 ]
First = [ 1 0 0 0 0 0 0 0 0 0 1 0 0 1 0 0 0 0 0 0 1 0 1 0 0 0 0 0 0 0 0 0 0 1 0 1 0 0 0 1 0 0 0 1 0 0 0 0 0 1 0 0 0 1 0 1 0 0 0 0 0 0 0 0 0 0 0 1 0 0 0 0 0 0 0 1 0 0 0 0 ]
Last = [ 0 0 0 0 0 0 0 0 0 1 0 0 1 0 0 0 0 0 0 1 0 1 0 0 0 0 0 0 0 0 0 0 1 0 1 0 0 0 1 0 0 0 1 0 0 0 0 0 1 0 0 0 1 0 1 0 0 0 0 0 0 0 0 0 0 0 1 0 0 0 0 0 0 0 1 0 0 0 0 1 ]
nS = 1
S = [ 0 1 2 3 4 5 6 7 8 9 10 11 12 13 14 15 16 17 18 19 20 21 22 23 24 25 26 27 28 29 30 31 32 33 34 35 36 37 38 39 40 41 42 43 44 45 46 47 48 49 50 51 52 53 54 55 56 57 58 59 60 61 62 63 64 65 66 67 68 69 70 71 72 73 74 75 76 77 78 79 ]
