n = 80 ; 
T = 48 ; 
Init = [ 0 0 0 1 1 1 1 1 1 1 1 1 1 1 1 1 1 0 0 0 0 0 0 0 0 0 0 0 0 0 0 0 0 1 1 1 1 1 1 1 1 1 1 1 0 0 0 0 0 0 0 0 0 0 0 0 0 0 0 0 0 1 1 1 1 1 1 1 1 1 1 1 1 1 1 1 1 0 0 0 ]
L = [ 8 8 8 4 4 4 4 4 4 4 4 4 4 4 4 4 4 7 7 7 7 7 7 7 7 7 7 7 7 7 7 7 7 8 8 8 8 8 8 8 8 8 8 8 7 7 7 7 7 7 9 9 9 9 10 10 10 10 10 10 10 3 3 3 3 3 3 3 3 3 3 3 3 3 3 3 3 6 6 6 ]
l = [ 8 8 8 4 4 4 4 4 4 4 4 4 4 4 4 4 4 7 7 7 7 7 7 7 7 7 7 7 7 7 7 7 7 8 8 8 8 8 8 8 8 8 8 8 7 7 7 7 7 7 9 9 9 9 10 10 10 10 10 10 10 3 3 3 3 3 3 3 3 3 3 3 3 3 3 3 3 6 6 6 ]
Pmin = [ 74 74 74 43 43 43 43 43 43 43 43 43 43 43 43 43 43 71 71 71 71 71 71 71 71 71 71 71 71 71 71 71 71 91 91 91 91 91 91 91 91 91 91 91 74 74 74 74 74 74 100 100 100 100 100 100 100 100 100 100 100 28 28 28 28 28 28 28 28 28 28 28 28 28 28 28 28 59 59 59 ]
Pmax = [ 304 304 304 170 170 170 170 170 170 170 170 170 170 170 170 170 170 267 267 267 267 267 267 267 267 267 267 267 267 267 267 267 267 355 355 355 355 355 355 355 355 355 355 355 274 274 274 274 274 274 394 394 394 394 420 420 420 420 420 420 420 104 104 104 104 104 104 104 104 104 104 104 104 104 104 104 104 225 225 225 ]
cf = [ 7.36176 7.36176 7.36176 23.778 23.778 23.778 23.778 23.778 23.778 23.778 23.778 23.778 23.778 23.778 23.778 23.778 23.778 10.7567 10.7567 10.7567 10.7567 10.7567 10.7567 10.7567 10.7567 10.7567 10.7567 10.7567 10.7567 10.7567 10.7567 10.7567 10.7567 21.628 21.628 21.628 21.628 21.628 21.628 21.628 21.628 21.628 21.628 21.628 67.2661 67.2661 67.2661 67.2661 67.2661 67.2661 32.9163 32.9163 32.9163 32.9163 34.2882 34.2882 34.2882 34.2882 34.2882 34.2882 34.2882 34.3653 34.3653 34.3653 34.3653 34.3653 34.3653 34.3653 34.3653 34.3653 34.3653 34.3653 34.3653 34.3653 34.3653 34.3653 34.3653 47.6035 47.6035 47.6035 ]
c0 = [ 203 203 203 121 121 121 121 121 121 121 121 121 121 121 121 121 121 200 200 200 200 200 200 200 200 200 200 200 200 200 200 200 200 245 245 245 245 245 245 245 245 245 245 245 199 199 199 199 199 199 250 250 250 250 250 250 250 250 250 250 250 80 80 80 80 80 80 80 80 80 80 80 80 80 80 80 80 159 159 159 ]
cp = [ 18.0359 18.0359 18.0359 29.561 29.561 29.561 29.561 29.561 29.561 29.561 29.561 29.561 29.561 29.561 29.561 29.561 29.561 22.0178 22.0178 22.0178 22.0178 22.0178 22.0178 22.0178 22.0178 22.0178 22.0178 22.0178 22.0178 22.0178 22.0178 22.0178 22.0178 11.963 11.963 11.963 11.963 11.963 11.963 11.963 11.963 11.963 11.963 11.963 28.7903 28.7903 28.7903 28.7903 28.7903 28.7903 11.7142 11.7142 11.7142 11.7142 8.42126 8.42126 8.42126 8.42126 8.42126 8.42126 8.42126 38.485 38.485 38.485 38.485 38.485 38.485 38.485 38.485 38.485 38.485 38.485 38.485 38.485 38.485 38.485 38.485 28.8869 28.8869 28.8869 ]
D = [ 3700 4912 6206 7173 8617 9751 10513 12131 12780 13935 15503 16276 17402 15754 14769 13736 11687 10387 12086 13955 15323 12418 9892 7205 4303 5238 6201 7462 7769 9375 10157 11274 12519 12996 14437 14915 15837 14677 13706 12116 11356 9940 11425 12892 14621 12519 10697 8291 ]
K = 9
nk = [ 1 1 1 2 2 2 2 2 2 2 2 2 2 2 2 2 2 3 3 3 3 3 3 3 3 3 3 3 3 3 3 3 3 4 4 4 4 4 4 4 4 4 4 4 5 5 5 5 5 5 6 6 6 6 7 7 7 7 7 7 7 8 8 8 8 8 8 8 8 8 8 8 8 8 8 8 8 9 9 9 ]
First = [ 1 0 0 1 0 0 0 0 0 0 0 0 0 0 0 0 0 1 0 0 0 0 0 0 0 0 0 0 0 0 0 0 0 1 0 0 0 0 0 0 0 0 0 0 1 0 0 0 0 0 1 0 0 0 1 0 0 0 0 0 0 1 0 0 0 0 0 0 0 0 0 0 0 0 0 0 0 1 0 0 ]
Last = [ 0 0 1 0 0 0 0 0 0 0 0 0 0 0 0 0 1 0 0 0 0 0 0 0 0 0 0 0 0 0 0 0 1 0 0 0 0 0 0 0 0 0 0 1 0 0 0 0 0 1 0 0 0 1 0 0 0 0 0 0 1 0 0 0 0 0 0 0 0 0 0 0 0 0 0 0 1 0 0 1 ]
nS = 1
S = [ 0 1 2 3 4 5 6 7 8 9 10 11 12 13 14 15 16 17 18 19 20 21 22 23 24 25 26 27 28 29 30 31 32 33 34 35 36 37 38 39 40 41 42 43 44 45 46 47 48 49 50 51 52 53 54 55 56 57 58 59 60 61 62 63 64 65 66 67 68 69 70 71 72 73 74 75 76 77 78 79 ]
