n = 80 ; 
T = 48 ; 
Init = [ 0 0 0 0 0 0 0 0 0 0 0 0 0 0 0 0 0 0 0 0 0 0 0 0 0 0 0 1 1 1 1 1 1 1 1 1 1 1 1 1 1 1 1 1 1 1 0 0 0 0 0 0 0 0 0 0 0 0 0 0 0 0 0 0 0 0 0 1 1 1 1 1 1 1 1 1 1 1 1 1 ]
L = [ 3 3 3 3 3 3 3 3 3 3 3 3 3 3 3 3 3 3 3 3 3 3 3 3 3 3 3 3 3 3 3 3 3 3 3 3 3 3 3 3 3 3 3 3 3 3 10 10 10 10 4 4 4 9 9 9 9 9 9 9 9 9 9 9 9 9 9 6 6 6 6 6 6 6 6 6 6 6 6 6 ]
l = [ 3 3 3 3 3 3 3 3 3 3 3 3 3 3 3 3 3 3 3 3 3 3 3 3 3 3 3 3 3 3 3 3 3 3 3 3 3 3 3 3 3 3 3 3 3 3 10 10 10 10 4 4 4 9 9 9 9 9 9 9 9 9 9 9 9 9 9 6 6 6 6 6 6 6 6 6 6 6 6 6 ]
Pmin = [ 24 24 24 24 24 24 24 24 24 24 24 24 24 24 24 24 24 24 24 24 24 24 24 24 24 24 24 32 32 32 32 32 32 32 32 32 32 32 32 32 32 32 32 32 32 32 100 100 100 100 41 41 41 92 92 92 92 92 92 92 92 92 92 92 92 92 92 69 69 69 69 69 69 69 69 69 69 69 69 69 ]
Pmax = [ 86 86 86 86 86 86 86 86 86 86 86 86 86 86 86 86 86 86 86 86 86 86 86 86 86 86 86 120 120 120 120 120 120 120 120 120 120 120 120 120 120 120 120 120 120 120 420 420 420 420 149 149 149 387 387 387 387 387 387 387 387 387 387 387 387 387 387 252 252 252 252 252 252 252 252 252 252 252 252 252 ]
cf = [ 13.8025 13.8025 13.8025 13.8025 13.8025 13.8025 13.8025 13.8025 13.8025 13.8025 13.8025 13.8025 13.8025 13.8025 13.8025 13.8025 13.8025 13.8025 13.8025 13.8025 13.8025 13.8025 13.8025 13.8025 13.8025 13.8025 13.8025 53.6873 53.6873 53.6873 53.6873 53.6873 53.6873 53.6873 53.6873 53.6873 53.6873 53.6873 53.6873 53.6873 53.6873 53.6873 53.6873 53.6873 53.6873 53.6873 26.1967 26.1967 26.1967 26.1967 14.3567 14.3567 14.3567 41.3506 41.3506 41.3506 41.3506 41.3506 41.3506 41.3506 41.3506 41.3506 41.3506 41.3506 41.3506 41.3506 41.3506 14.7171 14.7171 14.7171 14.7171 14.7171 14.7171 14.7171 14.7171 14.7171 14.7171 14.7171 14.7171 14.7171 ]
c0 = [ 72 72 72 72 72 72 72 72 72 72 72 72 72 72 72 72 72 72 72 72 72 72 72 72 72 72 72 96 96 96 96 96 96 96 96 96 96 96 96 96 96 96 96 96 96 96 250 250 250 250 124 124 124 246 246 246 246 246 246 246 246 246 246 246 246 246 246 177 177 177 177 177 177 177 177 177 177 177 177 177 ]
cp = [ 37.292 37.292 37.292 37.292 37.292 37.292 37.292 37.292 37.292 37.292 37.292 37.292 37.292 37.292 37.292 37.292 37.292 37.292 37.292 37.292 37.292 37.292 37.292 37.292 37.292 37.292 37.292 32.9999 32.9999 32.9999 32.9999 32.9999 32.9999 32.9999 32.9999 32.9999 32.9999 32.9999 32.9999 32.9999 32.9999 32.9999 32.9999 32.9999 32.9999 32.9999 8.06303 8.06303 8.06303 8.06303 38.1139 38.1139 38.1139 12.7596 12.7596 12.7596 12.7596 12.7596 12.7596 12.7596 12.7596 12.7596 12.7596 12.7596 12.7596 12.7596 12.7596 24.7069 24.7069 24.7069 24.7069 24.7069 24.7069 24.7069 24.7069 24.7069 24.7069 24.7069 24.7069 24.7069 ]
D = [ 4144 4488 5746 6386 7060 7635 8646 8810 9827 10765 11160 11776 12461 11773 10237 9369 8112 7323 9038 10415 11913 9603 7547 5728 3560 4339 5064 6000 6700 7344 8232 9405 10339 10670 11522 12674 13297 12075 11221 9645 8580 7317 8750 10544 11410 9804 7445 5206 ]
K = 6
nk = [ 1 1 1 1 1 1 1 1 1 1 1 1 1 1 1 1 1 1 1 1 1 1 1 1 1 1 1 2 2 2 2 2 2 2 2 2 2 2 2 2 2 2 2 2 2 2 3 3 3 3 4 4 4 5 5 5 5 5 5 5 5 5 5 5 5 5 5 6 6 6 6 6 6 6 6 6 6 6 6 6 ]
First = [ 1 0 0 0 0 0 0 0 0 0 0 0 0 0 0 0 0 0 0 0 0 0 0 0 0 0 0 1 0 0 0 0 0 0 0 0 0 0 0 0 0 0 0 0 0 0 1 0 0 0 1 0 0 1 0 0 0 0 0 0 0 0 0 0 0 0 0 1 0 0 0 0 0 0 0 0 0 0 0 0 ]
Last = [ 0 0 0 0 0 0 0 0 0 0 0 0 0 0 0 0 0 0 0 0 0 0 0 0 0 0 1 0 0 0 0 0 0 0 0 0 0 0 0 0 0 0 0 0 0 1 0 0 0 1 0 0 1 0 0 0 0 0 0 0 0 0 0 0 0 0 1 0 0 0 0 0 0 0 0 0 0 0 0 1 ]
nS = 1
S = [ 0 1 2 3 4 5 6 7 8 9 10 11 12 13 14 15 16 17 18 19 20 21 22 23 24 25 26 27 28 29 30 31 32 33 34 35 36 37 38 39 40 41 42 43 44 45 46 47 48 49 50 51 52 53 54 55 56 57 58 59 60 61 62 63 64 65 66 67 68 69 70 71 72 73 74 75 76 77 78 79 ]
