n = 80 ; 
T = 48 ; 
Init = [ 0 0 0 0 0 0 0 0 0 0 0 0 0 0 0 0 0 0 0 0 0 0 0 0 0 0 0 0 1 1 1 1 1 1 1 1 1 1 1 1 1 1 1 1 1 1 1 1 1 1 1 1 1 1 1 1 1 1 1 1 1 1 0 0 1 1 0 0 0 0 0 0 0 0 0 0 0 0 0 0 ]
L = [ 5 5 5 5 5 5 5 5 5 5 5 5 5 5 9 9 9 9 9 9 9 9 9 9 9 9 9 9 10 10 10 10 10 10 10 10 10 10 8 8 8 8 8 8 8 8 8 8 8 8 8 8 8 8 8 8 8 8 8 8 8 8 9 9 10 10 3 3 3 3 3 3 3 3 3 3 3 3 3 3 ]
l = [ 5 5 5 5 5 5 5 5 5 5 5 5 5 5 9 9 9 9 9 9 9 9 9 9 9 9 9 9 10 10 10 10 10 10 10 10 10 10 8 8 8 8 8 8 8 8 8 8 8 8 8 8 8 8 8 8 8 8 8 8 8 8 9 9 10 10 3 3 3 3 3 3 3 3 3 3 3 3 3 3 ]
Pmin = [ 58 58 58 58 58 58 58 58 58 58 58 58 58 58 94 94 94 94 94 94 94 94 94 94 94 94 94 94 100 100 100 100 100 100 100 100 100 100 87 87 87 87 87 87 87 87 87 87 87 87 87 87 83 83 83 83 83 83 83 83 83 83 100 100 99 99 24 24 24 24 24 24 24 24 24 24 24 24 24 24 ]
Pmax = [ 228 228 228 228 228 228 228 228 228 228 228 228 228 228 389 389 389 389 389 389 389 389 389 389 389 389 389 389 420 420 420 420 420 420 420 420 420 420 330 330 330 330 330 330 330 330 330 330 330 330 330 330 344 344 344 344 344 344 344 344 344 344 403 403 405 405 80 80 80 80 80 80 80 80 80 80 80 80 80 80 ]
cf = [ 18.9901 18.9901 18.9901 18.9901 18.9901 18.9901 18.9901 18.9901 18.9901 18.9901 18.9901 18.9901 18.9901 18.9901 36.8069 36.8069 36.8069 36.8069 36.8069 36.8069 36.8069 36.8069 36.8069 36.8069 36.8069 36.8069 36.8069 36.8069 65.951 65.951 65.951 65.951 65.951 65.951 65.951 65.951 65.951 65.951 17.9141 17.9141 17.9141 17.9141 17.9141 17.9141 17.9141 17.9141 17.9141 17.9141 17.9141 17.9141 17.9141 17.9141 43.3916 43.3916 43.3916 43.3916 43.3916 43.3916 43.3916 43.3916 43.3916 43.3916 21.0984 21.0984 54.4015 54.4015 13.9016 13.9016 13.9016 13.9016 13.9016 13.9016 13.9016 13.9016 13.9016 13.9016 13.9016 13.9016 13.9016 13.9016 ]
c0 = [ 153 153 153 153 153 153 153 153 153 153 153 153 153 153 250 250 250 250 250 250 250 250 250 250 250 250 250 250 250 250 250 250 250 250 250 250 250 250 227 227 227 227 227 227 227 227 227 227 227 227 227 227 215 215 215 215 215 215 215 215 215 215 250 250 250 250 82 82 82 82 82 82 82 82 82 82 82 82 82 82 ]
cp = [ 30.3443 30.3443 30.3443 30.3443 30.3443 30.3443 30.3443 30.3443 30.3443 30.3443 30.3443 30.3443 30.3443 30.3443 11.1433 11.1433 11.1433 11.1433 11.1433 11.1433 11.1433 11.1433 11.1433 11.1433 11.1433 11.1433 11.1433 11.1433 9.63173 9.63173 9.63173 9.63173 9.63173 9.63173 9.63173 9.63173 9.63173 9.63173 19.6202 19.6202 19.6202 19.6202 19.6202 19.6202 19.6202 19.6202 19.6202 19.6202 19.6202 19.6202 19.6202 19.6202 9.34074 9.34074 9.34074 9.34074 9.34074 9.34074 9.34074 9.34074 9.34074 9.34074 11.7703 11.7703 10.5457 10.5457 37.1793 37.1793 37.1793 37.1793 37.1793 37.1793 37.1793 37.1793 37.1793 37.1793 37.1793 37.1793 37.1793 37.1793 ]
D = [ 6211 8020 8593 9478 11067 11636 13190 14014 14978 15905 16801 17838 19112 17990 16685 15136 13422 11851 13737 16145 18282 15088 11383 7794 4437 5973 7383 8288 10279 11512 12943 14441 15220 16413 17812 19401 20427 18683 17365 14737 13219 11883 13755 14990 17140 14744 12383 9181 ]
K = 8
nk = [ 1 1 1 1 1 1 1 1 1 1 1 1 1 1 2 2 2 2 2 2 2 2 2 2 2 2 2 2 3 3 3 3 3 3 3 3 3 3 4 4 4 4 4 4 4 4 4 4 4 4 4 4 5 5 5 5 5 5 5 5 5 5 6 6 7 7 8 8 8 8 8 8 8 8 8 8 8 8 8 8 ]
First = [ 1 0 0 0 0 0 0 0 0 0 0 0 0 0 1 0 0 0 0 0 0 0 0 0 0 0 0 0 1 0 0 0 0 0 0 0 0 0 1 0 0 0 0 0 0 0 0 0 0 0 0 0 1 0 0 0 0 0 0 0 0 0 1 0 1 0 1 0 0 0 0 0 0 0 0 0 0 0 0 0 ]
Last = [ 0 0 0 0 0 0 0 0 0 0 0 0 0 1 0 0 0 0 0 0 0 0 0 0 0 0 0 1 0 0 0 0 0 0 0 0 0 1 0 0 0 0 0 0 0 0 0 0 0 0 0 1 0 0 0 0 0 0 0 0 0 1 0 1 0 1 0 0 0 0 0 0 0 0 0 0 0 0 0 1 ]
nS = 1
S = [ 0 1 2 3 4 5 6 7 8 9 10 11 12 13 14 15 16 17 18 19 20 21 22 23 24 25 26 27 28 29 30 31 32 33 34 35 36 37 38 39 40 41 42 43 44 45 46 47 48 49 50 51 52 53 54 55 56 57 58 59 60 61 62 63 64 65 66 67 68 69 70 71 72 73 74 75 76 77 78 79 ]
