n = 80 ; 
T = 48 ; 
Init = [ 0 0 0 0 0 0 0 0 0 0 0 0 0 0 0 0 0 0 0 0 0 0 0 0 0 0 1 1 1 1 1 1 1 1 1 1 1 1 1 1 1 1 1 1 1 1 1 1 1 1 1 1 0 0 0 0 1 1 1 1 1 1 1 1 1 1 1 1 1 1 1 1 1 1 1 1 1 1 1 0 ]
L = [ 6 6 6 6 6 6 6 6 6 6 6 6 6 6 6 6 6 6 6 6 6 6 6 6 6 6 8 8 8 8 8 8 8 6 6 6 6 6 6 6 6 6 6 6 6 6 6 6 6 6 6 6 6 6 6 6 6 6 6 6 6 6 6 6 6 6 6 6 6 6 6 6 6 6 6 6 6 6 6 10 ]
l = [ 6 6 6 6 6 6 6 6 6 6 6 6 6 6 6 6 6 6 6 6 6 6 6 6 6 6 8 8 8 8 8 8 8 6 6 6 6 6 6 6 6 6 6 6 6 6 6 6 6 6 6 6 6 6 6 6 6 6 6 6 6 6 6 6 6 6 6 6 6 6 6 6 6 6 6 6 6 6 6 10 ]
Pmin = [ 70 70 70 70 70 70 70 70 70 70 70 70 70 70 70 70 70 70 70 70 70 70 70 70 70 70 89 89 89 89 89 89 89 65 65 65 65 65 65 65 65 65 65 65 65 65 65 65 65 65 65 65 64 64 64 64 60 60 60 60 60 60 60 60 60 60 60 60 60 60 60 60 60 60 60 60 60 60 60 100 ]
Pmax = [ 249 249 249 249 249 249 249 249 249 249 249 249 249 249 249 249 249 249 249 249 249 249 249 249 249 249 352 352 352 352 352 352 352 241 241 241 241 241 241 241 241 241 241 241 241 241 241 241 241 241 241 241 258 258 258 258 216 216 216 216 216 216 216 216 216 216 216 216 216 216 216 216 216 216 216 216 216 216 216 403 ]
cf = [ 27.9433 27.9433 27.9433 27.9433 27.9433 27.9433 27.9433 27.9433 27.9433 27.9433 27.9433 27.9433 27.9433 27.9433 27.9433 27.9433 27.9433 27.9433 27.9433 27.9433 27.9433 27.9433 27.9433 27.9433 27.9433 27.9433 46.168 46.168 46.168 46.168 46.168 46.168 46.168 8.86392 8.86392 8.86392 8.86392 8.86392 8.86392 8.86392 8.86392 8.86392 8.86392 8.86392 8.86392 8.86392 8.86392 8.86392 8.86392 8.86392 8.86392 8.86392 47.4043 47.4043 47.4043 47.4043 17.1516 17.1516 17.1516 17.1516 17.1516 17.1516 17.1516 17.1516 17.1516 17.1516 17.1516 17.1516 17.1516 17.1516 17.1516 17.1516 17.1516 17.1516 17.1516 17.1516 17.1516 17.1516 17.1516 19.2984 ]
c0 = [ 180 180 180 180 180 180 180 180 180 180 180 180 180 180 180 180 180 180 180 180 180 180 180 180 180 180 241 241 241 241 241 241 241 175 175 175 175 175 175 175 175 175 175 175 175 175 175 175 175 175 175 175 170 170 170 170 158 158 158 158 158 158 158 158 158 158 158 158 158 158 158 158 158 158 158 158 158 158 158 250 ]
cp = [ 26.0892 26.0892 26.0892 26.0892 26.0892 26.0892 26.0892 26.0892 26.0892 26.0892 26.0892 26.0892 26.0892 26.0892 26.0892 26.0892 26.0892 26.0892 26.0892 26.0892 26.0892 26.0892 26.0892 26.0892 26.0892 26.0892 18.7218 18.7218 18.7218 18.7218 18.7218 18.7218 18.7218 29.5101 29.5101 29.5101 29.5101 29.5101 29.5101 29.5101 29.5101 29.5101 29.5101 29.5101 29.5101 29.5101 29.5101 29.5101 29.5101 29.5101 29.5101 29.5101 28.3493 28.3493 28.3493 28.3493 28.9919 28.9919 28.9919 28.9919 28.9919 28.9919 28.9919 28.9919 28.9919 28.9919 28.9919 28.9919 28.9919 28.9919 28.9919 28.9919 28.9919 28.9919 28.9919 28.9919 28.9919 28.9919 28.9919 11.2784 ]
D = [ 6086 7020 7473 8333 9323 10649 10842 12131 12654 14111 14670 15593 16673 14937 13702 12566 11130 10246 11683 13395 15463 12336 10193 7115 4591 5749 6465 7332 8063 9554 10531 11707 12511 13099 13917 15297 16360 15019 13598 12797 11500 10220 12338 13713 15977 12652 10534 7819 ]
K = 6
nk = [ 1 1 1 1 1 1 1 1 1 1 1 1 1 1 1 1 1 1 1 1 1 1 1 1 1 1 2 2 2 2 2 2 2 3 3 3 3 3 3 3 3 3 3 3 3 3 3 3 3 3 3 3 4 4 4 4 5 5 5 5 5 5 5 5 5 5 5 5 5 5 5 5 5 5 5 5 5 5 5 6 ]
First = [ 1 0 0 0 0 0 0 0 0 0 0 0 0 0 0 0 0 0 0 0 0 0 0 0 0 0 1 0 0 0 0 0 0 1 0 0 0 0 0 0 0 0 0 0 0 0 0 0 0 0 0 0 1 0 0 0 1 0 0 0 0 0 0 0 0 0 0 0 0 0 0 0 0 0 0 0 0 0 0 1 ]
Last = [ 0 0 0 0 0 0 0 0 0 0 0 0 0 0 0 0 0 0 0 0 0 0 0 0 0 1 0 0 0 0 0 0 1 0 0 0 0 0 0 0 0 0 0 0 0 0 0 0 0 0 0 1 0 0 0 1 0 0 0 0 0 0 0 0 0 0 0 0 0 0 0 0 0 0 0 0 0 0 1 1 ]
nS = 1
S = [ 0 1 2 3 4 5 6 7 8 9 10 11 12 13 14 15 16 17 18 19 20 21 22 23 24 25 26 27 28 29 30 31 32 33 34 35 36 37 38 39 40 41 42 43 44 45 46 47 48 49 50 51 52 53 54 55 56 57 58 59 60 61 62 63 64 65 66 67 68 69 70 71 72 73 74 75 76 77 78 79 ]
