n = 80 ; 
T = 48 ; 
Init = [ 0 0 0 0 0 0 0 0 0 0 0 0 1 1 1 1 1 1 1 1 1 1 1 1 1 1 1 1 1 1 1 1 0 0 0 0 0 0 0 0 0 0 0 1 1 1 1 1 1 1 1 1 1 1 1 1 1 1 1 0 0 0 0 0 0 0 0 0 0 0 0 0 0 0 0 0 0 0 0 0 ]
L = [ 4 4 4 4 4 4 4 4 4 4 4 4 10 10 10 10 10 10 10 10 10 10 10 10 10 6 6 6 3 3 3 3 3 3 3 3 3 3 3 3 3 3 3 5 5 5 5 5 5 5 3 3 3 3 3 3 3 3 3 6 6 6 6 6 6 6 6 6 6 6 6 9 9 9 9 9 9 9 2 2 ]
l = [ 4 4 4 4 4 4 4 4 4 4 4 4 10 10 10 10 10 10 10 10 10 10 10 10 10 6 6 6 3 3 3 3 3 3 3 3 3 3 3 3 3 3 3 5 5 5 5 5 5 5 3 3 3 3 3 3 3 3 3 6 6 6 6 6 6 6 6 6 6 6 6 9 9 9 9 9 9 9 2 2 ]
Pmin = [ 45 45 45 45 47 47 47 47 47 47 47 47 99 99 99 99 99 99 99 99 99 99 99 99 99 66 66 66 36 36 36 36 21 21 21 21 21 21 21 21 21 21 21 54 54 54 54 54 54 54 24 24 24 24 24 24 24 24 24 69 69 69 69 69 69 69 69 69 69 69 69 100 100 100 100 100 100 100 13 13 ]
Pmax = [ 145 145 145 145 160 160 160 160 160 160 160 160 415 415 415 415 415 415 415 415 415 415 415 415 415 246 246 246 104 104 104 104 72 72 72 72 72 72 72 72 72 72 72 188 188 188 188 188 188 188 61 61 61 61 61 61 61 61 61 256 256 256 256 256 256 256 256 256 256 256 256 404 404 404 404 404 404 404 26 26 ]
cf = [ 37.5406 37.5406 37.5406 37.5406 41.4438 41.4438 41.4438 41.4438 41.4438 41.4438 41.4438 41.4438 31.4053 31.4053 31.4053 31.4053 31.4053 31.4053 31.4053 31.4053 31.4053 31.4053 31.4053 31.4053 31.4053 10.401 10.401 10.401 67.9806 67.9806 67.9806 67.9806 36.973 36.973 36.973 36.973 36.973 36.973 36.973 36.973 36.973 36.973 36.973 9.89502 9.89502 9.89502 9.89502 9.89502 9.89502 9.89502 57.3474 57.3474 57.3474 57.3474 57.3474 57.3474 57.3474 57.3474 57.3474 28.8686 28.8686 28.8686 28.8686 28.8686 28.8686 28.8686 28.8686 28.8686 28.8686 28.8686 28.8686 33.1233 33.1233 33.1233 33.1233 33.1233 33.1233 33.1233 52.3962 52.3962 ]
c0 = [ 122 122 122 122 130 130 130 130 130 130 130 130 250 250 250 250 250 250 250 250 250 250 250 250 250 175 175 175 105 105 105 105 67 67 67 67 67 67 67 67 67 67 67 150 150 150 150 150 150 150 74 74 74 74 74 74 74 74 74 197 197 197 197 197 197 197 197 197 197 197 197 250 250 250 250 250 250 250 54 54 ]
cp = [ 35.9749 35.9749 35.9749 35.9749 39.1477 39.1477 39.1477 39.1477 39.1477 39.1477 39.1477 39.1477 15.9205 15.9205 15.9205 15.9205 15.9205 15.9205 15.9205 15.9205 15.9205 15.9205 15.9205 15.9205 15.9205 23.5182 23.5182 23.5182 33.839 33.839 33.839 33.839 33.8671 33.8671 33.8671 33.8671 33.8671 33.8671 33.8671 33.8671 33.8671 33.8671 33.8671 21.6554 21.6554 21.6554 21.6554 21.6554 21.6554 21.6554 34.0554 34.0554 34.0554 34.0554 34.0554 34.0554 34.0554 34.0554 34.0554 13.4314 13.4314 13.4314 13.4314 13.4314 13.4314 13.4314 13.4314 13.4314 13.4314 13.4314 13.4314 9.82208 9.82208 9.82208 9.82208 9.82208 9.82208 9.82208 41.1757 41.1757 ]
D = [ 3963 4673 5226 6372 6867 7675 8442 9265 10100 11228 12131 13217 14026 12551 11944 10390 9565 8440 9707 11631 13126 10841 8719 6644 4756 5673 6673 7089 8414 9053 9819 11127 11707 12471 13788 14671 15512 14147 12754 10909 9988 8092 9780 10732 11875 10086 8492 6252 ]
K = 11
nk = [ 1 1 1 1 2 2 2 2 2 2 2 2 3 3 3 3 3 3 3 3 3 3 3 3 3 4 4 4 5 5 5 5 6 6 6 6 6 6 6 6 6 6 6 7 7 7 7 7 7 7 8 8 8 8 8 8 8 8 8 9 9 9 9 9 9 9 9 9 9 9 9 10 10 10 10 10 10 10 11 11 ]
First = [ 1 0 0 0 1 0 0 0 0 0 0 0 1 0 0 0 0 0 0 0 0 0 0 0 0 1 0 0 1 0 0 0 1 0 0 0 0 0 0 0 0 0 0 1 0 0 0 0 0 0 1 0 0 0 0 0 0 0 0 1 0 0 0 0 0 0 0 0 0 0 0 1 0 0 0 0 0 0 1 0 ]
Last = [ 0 0 0 1 0 0 0 0 0 0 0 1 0 0 0 0 0 0 0 0 0 0 0 0 1 0 0 1 0 0 0 1 0 0 0 0 0 0 0 0 0 0 1 0 0 0 0 0 0 1 0 0 0 0 0 0 0 0 1 0 0 0 0 0 0 0 0 0 0 0 1 0 0 0 0 0 0 1 0 1 ]
nS = 1
S = [ 0 1 2 3 4 5 6 7 8 9 10 11 12 13 14 15 16 17 18 19 20 21 22 23 24 25 26 27 28 29 30 31 32 33 34 35 36 37 38 39 40 41 42 43 44 45 46 47 48 49 50 51 52 53 54 55 56 57 58 59 60 61 62 63 64 65 66 67 68 69 70 71 72 73 74 75 76 77 78 79 ]
