n = 80 ; 
T = 48 ; 
Init = [ 1 1 1 1 1 1 1 1 1 1 1 1 1 1 1 1 1 1 1 1 1 1 1 1 1 1 1 1 0 0 0 0 0 0 0 0 0 0 0 0 0 0 0 0 0 0 0 0 0 0 0 0 0 0 0 0 0 0 0 0 0 0 0 0 0 0 0 0 0 0 0 0 0 0 0 0 0 0 0 0 ]
L = [ 5 5 5 5 5 5 5 5 5 5 5 5 5 5 5 7 7 8 8 8 8 8 8 8 8 8 8 8 7 7 7 7 7 7 7 7 7 7 7 7 7 7 7 7 7 7 7 7 7 7 9 9 9 9 9 9 9 9 9 6 6 6 6 6 10 10 10 10 10 10 10 10 4 4 4 4 7 7 7 7 ]
l = [ 5 5 5 5 5 5 5 5 5 5 5 5 5 5 5 7 7 8 8 8 8 8 8 8 8 8 8 8 7 7 7 7 7 7 7 7 7 7 7 7 7 7 7 7 7 7 7 7 7 7 9 9 9 9 9 9 9 9 9 6 6 6 6 6 10 10 10 10 10 10 10 10 4 4 4 4 7 7 7 7 ]
Pmin = [ 55 55 55 55 55 55 55 55 55 55 55 55 55 55 55 74 74 72 72 87 87 87 87 87 87 87 87 87 73 73 73 73 73 73 73 73 73 73 73 73 73 73 73 73 73 73 73 73 73 73 100 100 100 100 100 100 100 100 100 54 54 54 54 54 100 100 100 100 100 100 100 100 49 49 49 49 78 78 78 78 ]
Pmax = [ 219 219 219 219 219 219 219 219 219 219 219 219 219 219 219 281 281 296 296 329 329 329 329 329 329 329 329 329 286 286 286 286 286 286 286 286 286 286 286 286 286 286 286 286 286 286 286 286 286 286 412 412 412 412 412 412 412 412 412 220 220 220 220 220 402 402 402 402 402 402 402 402 181 181 181 181 295 295 295 295 ]
cf = [ 35.5328 35.5328 35.5328 35.5328 35.5328 35.5328 35.5328 35.5328 35.5328 35.5328 35.5328 35.5328 35.5328 35.5328 35.5328 30.6125 30.6125 40.559 40.559 22.7985 22.7985 22.7985 22.7985 22.7985 22.7985 22.7985 22.7985 22.7985 60.2216 60.2216 60.2216 60.2216 60.2216 60.2216 60.2216 60.2216 60.2216 60.2216 60.2216 60.2216 60.2216 60.2216 60.2216 60.2216 60.2216 60.2216 60.2216 60.2216 60.2216 60.2216 53.5898 53.5898 53.5898 53.5898 53.5898 53.5898 53.5898 53.5898 53.5898 57.1398 57.1398 57.1398 57.1398 57.1398 11.1579 11.1579 11.1579 11.1579 11.1579 11.1579 11.1579 11.1579 7.33157 7.33157 7.33157 7.33157 30.0864 30.0864 30.0864 30.0864 ]
c0 = [ 147 147 147 147 147 147 147 147 147 147 147 147 147 147 147 202 202 195 195 223 223 223 223 223 223 223 223 223 202 202 202 202 202 202 202 202 202 202 202 202 202 202 202 202 202 202 202 202 202 202 250 250 250 250 250 250 250 250 250 143 143 143 143 143 250 250 250 250 250 250 250 250 146 146 146 146 210 210 210 210 ]
cp = [ 23.2656 23.2656 23.2656 23.2656 23.2656 23.2656 23.2656 23.2656 23.2656 23.2656 23.2656 23.2656 23.2656 23.2656 23.2656 29.8215 29.8215 26.8445 26.8445 23.955 23.955 23.955 23.955 23.955 23.955 23.955 23.955 23.955 17.8676 17.8676 17.8676 17.8676 17.8676 17.8676 17.8676 17.8676 17.8676 17.8676 17.8676 17.8676 17.8676 17.8676 17.8676 17.8676 17.8676 17.8676 17.8676 17.8676 17.8676 17.8676 12.0869 12.0869 12.0869 12.0869 12.0869 12.0869 12.0869 12.0869 12.0869 23.7067 23.7067 23.7067 23.7067 23.7067 9.20418 9.20418 9.20418 9.20418 9.20418 9.20418 9.20418 9.20418 30.3324 30.3324 30.3324 30.3324 15.3418 15.3418 15.3418 15.3418 ]
D = [ 6417 7204 8609 9700 11287 11991 13585 14909 15403 16536 17631 19081 20297 18192 17028 15275 13694 11547 14217 16827 18381 15001 11898 8386 5304 6200 7273 9105 10252 11264 12584 14227 14735 16225 17209 18642 20074 18495 17131 15347 13410 12042 14156 16493 18204 15094 12096 8408 ]
K = 10
nk = [ 1 1 1 1 1 1 1 1 1 1 1 1 1 1 1 2 2 3 3 4 4 4 4 4 4 4 4 4 5 5 5 5 5 5 5 5 5 5 5 5 5 5 5 5 5 5 5 5 5 5 6 6 6 6 6 6 6 6 6 7 7 7 7 7 8 8 8 8 8 8 8 8 9 9 9 9 10 10 10 10 ]
First = [ 1 0 0 0 0 0 0 0 0 0 0 0 0 0 0 1 0 1 0 1 0 0 0 0 0 0 0 0 1 0 0 0 0 0 0 0 0 0 0 0 0 0 0 0 0 0 0 0 0 0 1 0 0 0 0 0 0 0 0 1 0 0 0 0 1 0 0 0 0 0 0 0 1 0 0 0 1 0 0 0 ]
Last = [ 0 0 0 0 0 0 0 0 0 0 0 0 0 0 1 0 1 0 1 0 0 0 0 0 0 0 0 1 0 0 0 0 0 0 0 0 0 0 0 0 0 0 0 0 0 0 0 0 0 1 0 0 0 0 0 0 0 0 1 0 0 0 0 1 0 0 0 0 0 0 0 1 0 0 0 1 0 0 0 1 ]
nS = 1
S = [ 0 1 2 3 4 5 6 7 8 9 10 11 12 13 14 15 16 17 18 19 20 21 22 23 24 25 26 27 28 29 30 31 32 33 34 35 36 37 38 39 40 41 42 43 44 45 46 47 48 49 50 51 52 53 54 55 56 57 58 59 60 61 62 63 64 65 66 67 68 69 70 71 72 73 74 75 76 77 78 79 ]
