n = 80 ; 
T = 48 ; 
Init = [ 0 0 0 0 0 0 0 0 0 1 1 1 1 1 0 0 0 0 0 0 0 0 0 0 0 0 0 0 0 0 0 0 0 0 0 0 0 0 0 0 1 1 0 0 0 1 1 1 1 1 1 1 1 1 1 1 1 1 1 1 1 1 1 1 1 1 1 1 1 1 1 1 1 1 1 1 1 1 1 1 ]
L = [ 8 8 8 8 8 8 8 8 8 4 4 4 4 4 3 3 3 3 3 3 3 3 9 9 9 9 9 9 9 9 9 9 9 9 9 9 9 9 9 9 7 7 9 9 9 10 10 10 10 10 10 10 10 10 10 10 3 3 3 3 3 3 3 3 3 3 3 3 3 3 3 3 3 3 3 4 4 4 10 10 ]
l = [ 8 8 8 8 8 8 8 8 8 4 4 4 4 4 3 3 3 3 3 3 3 3 9 9 9 9 9 9 9 9 9 9 9 9 9 9 9 9 9 9 7 7 9 9 9 10 10 10 10 10 10 10 10 10 10 10 3 3 3 3 3 3 3 3 3 3 3 3 3 3 3 3 3 3 3 4 4 4 10 10 ]
Pmin = [ 89 89 89 89 89 89 89 89 89 40 40 40 40 40 25 25 25 25 25 25 25 25 98 98 98 98 98 98 98 98 98 98 98 98 98 98 98 98 98 98 71 71 90 90 90 100 100 100 100 100 100 100 100 100 100 100 34 34 34 34 34 34 34 34 34 34 34 34 34 34 34 34 34 34 34 39 39 39 100 100 ]
Pmax = [ 342 342 342 342 342 342 342 342 342 152 152 152 152 152 83 83 83 83 83 83 83 83 393 393 393 393 393 393 393 393 393 393 393 393 393 393 393 393 393 393 253 253 377 377 377 420 420 420 420 420 420 420 420 420 420 420 109 109 109 109 109 109 109 109 109 109 109 109 109 109 109 109 109 109 109 143 143 143 420 420 ]
cf = [ 25.1612 25.1612 25.1612 25.1612 25.1612 25.1612 25.1612 25.1612 25.1612 50.0738 50.0738 50.0738 50.0738 50.0738 61.5382 61.5382 61.5382 61.5382 61.5382 61.5382 61.5382 61.5382 66.7169 66.7169 66.7169 66.7169 66.7169 66.7169 66.7169 66.7169 66.7169 66.7169 66.7169 66.7169 66.7169 66.7169 66.7169 66.7169 66.7169 66.7169 49.7503 49.7503 43.249 43.249 43.249 66.0022 66.0022 66.0022 66.0022 66.0022 66.0022 66.0022 66.0022 66.0022 66.0022 66.0022 28.7863 28.7863 28.7863 28.7863 28.7863 28.7863 28.7863 28.7863 28.7863 28.7863 28.7863 28.7863 28.7863 28.7863 28.7863 28.7863 28.7863 28.7863 28.7863 38.7653 38.7653 38.7653 51.1602 51.1602 ]
c0 = [ 235 235 235 235 235 235 235 235 235 118 118 118 118 118 76 76 76 76 76 76 76 76 250 250 250 250 250 250 250 250 250 250 250 250 250 250 250 250 250 250 195 195 246 246 246 250 250 250 250 250 250 250 250 250 250 250 95 95 95 95 95 95 95 95 95 95 95 95 95 95 95 95 95 95 95 115 115 115 250 250 ]
cp = [ 16.5164 16.5164 16.5164 16.5164 16.5164 16.5164 16.5164 16.5164 16.5164 37.8014 37.8014 37.8014 37.8014 37.8014 34.6474 34.6474 34.6474 34.6474 34.6474 34.6474 34.6474 34.6474 18.2275 18.2275 18.2275 18.2275 18.2275 18.2275 18.2275 18.2275 18.2275 18.2275 18.2275 18.2275 18.2275 18.2275 18.2275 18.2275 18.2275 18.2275 20.7361 20.7361 9.71087 9.71087 9.71087 8.79398 8.79398 8.79398 8.79398 8.79398 8.79398 8.79398 8.79398 8.79398 8.79398 8.79398 41.0456 41.0456 41.0456 41.0456 41.0456 41.0456 41.0456 41.0456 41.0456 41.0456 41.0456 41.0456 41.0456 41.0456 41.0456 41.0456 41.0456 41.0456 41.0456 34.5444 34.5444 34.5444 8.8916 8.8916 ]
D = [ 4799 6032 6901 8659 9576 10660 11986 13170 14337 15358 15856 17041 18503 17170 15126 13785 12356 10981 12094 13885 15256 12540 9871 7656 5189 5645 6836 7661 8726 9722 11204 12246 13461 14173 15276 16404 17354 16316 14732 13666 12120 11578 12369 13581 15301 12351 10249 7715 ]
K = 10
nk = [ 1 1 1 1 1 1 1 1 1 2 2 2 2 2 3 3 3 3 3 3 3 3 4 4 4 4 4 4 4 4 4 4 4 4 4 4 4 4 4 4 5 5 6 6 6 7 7 7 7 7 7 7 7 7 7 7 8 8 8 8 8 8 8 8 8 8 8 8 8 8 8 8 8 8 8 9 9 9 10 10 ]
First = [ 1 0 0 0 0 0 0 0 0 1 0 0 0 0 1 0 0 0 0 0 0 0 1 0 0 0 0 0 0 0 0 0 0 0 0 0 0 0 0 0 1 0 1 0 0 1 0 0 0 0 0 0 0 0 0 0 1 0 0 0 0 0 0 0 0 0 0 0 0 0 0 0 0 0 0 1 0 0 1 0 ]
Last = [ 0 0 0 0 0 0 0 0 1 0 0 0 0 1 0 0 0 0 0 0 0 1 0 0 0 0 0 0 0 0 0 0 0 0 0 0 0 0 0 1 0 1 0 0 1 0 0 0 0 0 0 0 0 0 0 1 0 0 0 0 0 0 0 0 0 0 0 0 0 0 0 0 0 0 1 0 0 1 0 1 ]
nS = 1
S = [ 0 1 2 3 4 5 6 7 8 9 10 11 12 13 14 15 16 17 18 19 20 21 22 23 24 25 26 27 28 29 30 31 32 33 34 35 36 37 38 39 40 41 42 43 44 45 46 47 48 49 50 51 52 53 54 55 56 57 58 59 60 61 62 63 64 65 66 67 68 69 70 71 72 73 74 75 76 77 78 79 ]
