n = 80 ; 
T = 48 ; 
Init = [ 0 0 1 1 1 1 1 1 1 1 1 1 1 1 1 1 1 1 1 1 1 1 1 1 1 1 1 1 1 1 1 1 1 1 1 1 1 1 1 1 1 1 1 1 1 1 1 1 1 1 1 1 1 1 1 1 0 0 0 0 0 0 0 0 0 0 0 0 0 0 0 0 0 0 0 0 0 0 0 0 ]
L = [ 10 10 3 3 3 3 3 3 3 3 3 3 3 3 3 3 3 3 3 3 3 3 3 3 3 3 7 7 7 7 7 7 7 7 7 7 7 7 7 7 7 7 7 7 7 7 7 7 7 7 7 7 7 7 7 7 6 6 6 6 6 6 6 6 6 6 6 6 6 6 6 6 6 6 6 6 6 6 6 6 ]
l = [ 10 10 3 3 3 3 3 3 3 3 3 3 3 3 3 3 3 3 3 3 3 3 3 3 3 3 7 7 7 7 7 7 7 7 7 7 7 7 7 7 7 7 7 7 7 7 7 7 7 7 7 7 7 7 7 7 6 6 6 6 6 6 6 6 6 6 6 6 6 6 6 6 6 6 6 6 6 6 6 6 ]
Pmin = [ 100 100 34 34 34 34 34 34 34 34 34 34 34 34 34 34 34 34 34 34 34 34 34 34 34 34 70 70 70 70 70 70 70 70 70 70 70 70 70 70 70 70 70 70 70 70 70 70 70 70 70 70 70 70 70 70 59 59 59 59 59 59 59 59 59 59 59 59 59 59 59 59 59 59 59 59 59 59 59 59 ]
Pmax = [ 420 420 107 107 107 107 107 107 107 107 107 107 107 107 107 107 107 107 107 107 107 107 107 107 107 107 277 277 277 277 277 277 277 277 277 277 277 277 277 277 277 277 277 277 277 277 277 277 277 277 277 277 277 277 277 277 231 231 231 231 231 231 231 231 231 231 231 231 231 231 231 231 231 231 231 231 231 231 231 231 ]
cf = [ 57.5384 57.5384 25.5931 25.5931 25.5931 25.5931 25.5931 25.5931 25.5931 25.5931 25.5931 25.5931 25.5931 25.5931 25.5931 25.5931 25.5931 25.5931 25.5931 25.5931 25.5931 25.5931 25.5931 25.5931 25.5931 25.5931 11.1635 11.1635 11.1635 11.1635 11.1635 11.1635 11.1635 11.1635 11.1635 11.1635 11.1635 11.1635 11.1635 11.1635 11.1635 11.1635 11.1635 11.1635 11.1635 11.1635 11.1635 11.1635 11.1635 11.1635 11.1635 11.1635 11.1635 11.1635 11.1635 11.1635 39.3438 39.3438 39.3438 39.3438 39.3438 39.3438 39.3438 39.3438 39.3438 39.3438 39.3438 39.3438 39.3438 39.3438 39.3438 39.3438 39.3438 39.3438 39.3438 39.3438 39.3438 39.3438 39.3438 39.3438 ]
c0 = [ 250 250 99 99 99 99 99 99 99 99 99 99 99 99 99 99 99 99 99 99 99 99 99 99 99 99 200 200 200 200 200 200 200 200 200 200 200 200 200 200 200 200 200 200 200 200 200 200 200 200 200 200 200 200 200 200 167 167 167 167 167 167 167 167 167 167 167 167 167 167 167 167 167 167 167 167 167 167 167 167 ]
cp = [ 8.64234 8.64234 35.973 35.973 35.973 35.973 35.973 35.973 35.973 35.973 35.973 35.973 35.973 35.973 35.973 35.973 35.973 35.973 35.973 35.973 35.973 35.973 35.973 35.973 35.973 35.973 17.8349 17.8349 17.8349 17.8349 17.8349 17.8349 17.8349 17.8349 17.8349 17.8349 17.8349 17.8349 17.8349 17.8349 17.8349 17.8349 17.8349 17.8349 17.8349 17.8349 17.8349 17.8349 17.8349 17.8349 17.8349 17.8349 17.8349 17.8349 17.8349 17.8349 22.3559 22.3559 22.3559 22.3559 22.3559 22.3559 22.3559 22.3559 22.3559 22.3559 22.3559 22.3559 22.3559 22.3559 22.3559 22.3559 22.3559 22.3559 22.3559 22.3559 22.3559 22.3559 22.3559 22.3559 ]
D = [ 4419 5320 6172 7670 8238 9453 9979 10713 11684 12932 13481 14600 15261 13639 12449 10937 9983 8046 10199 11648 13454 11430 9251 7528 5214 6102 6619 7807 8659 9095 9963 11142 11907 12621 13884 14317 15383 13928 12567 11173 9950 8499 9638 10655 12393 10683 8517 6352 ]
K = 4
nk = [ 1 1 2 2 2 2 2 2 2 2 2 2 2 2 2 2 2 2 2 2 2 2 2 2 2 2 3 3 3 3 3 3 3 3 3 3 3 3 3 3 3 3 3 3 3 3 3 3 3 3 3 3 3 3 3 3 4 4 4 4 4 4 4 4 4 4 4 4 4 4 4 4 4 4 4 4 4 4 4 4 ]
First = [ 1 0 1 0 0 0 0 0 0 0 0 0 0 0 0 0 0 0 0 0 0 0 0 0 0 0 1 0 0 0 0 0 0 0 0 0 0 0 0 0 0 0 0 0 0 0 0 0 0 0 0 0 0 0 0 0 1 0 0 0 0 0 0 0 0 0 0 0 0 0 0 0 0 0 0 0 0 0 0 0 ]
Last = [ 0 1 0 0 0 0 0 0 0 0 0 0 0 0 0 0 0 0 0 0 0 0 0 0 0 1 0 0 0 0 0 0 0 0 0 0 0 0 0 0 0 0 0 0 0 0 0 0 0 0 0 0 0 0 0 1 0 0 0 0 0 0 0 0 0 0 0 0 0 0 0 0 0 0 0 0 0 0 0 1 ]
nS = 1
S = [ 0 1 2 3 4 5 6 7 8 9 10 11 12 13 14 15 16 17 18 19 20 21 22 23 24 25 26 27 28 29 30 31 32 33 34 35 36 37 38 39 40 41 42 43 44 45 46 47 48 49 50 51 52 53 54 55 56 57 58 59 60 61 62 63 64 65 66 67 68 69 70 71 72 73 74 75 76 77 78 79 ]
