n = 80 ; 
T = 48 ; 
Init = [ 0 0 0 0 0 0 0 1 1 1 0 0 0 0 0 0 0 0 0 0 0 1 1 1 1 1 1 1 1 1 1 1 1 1 1 1 1 1 1 1 1 1 1 1 1 1 1 1 0 0 0 0 0 0 0 0 0 0 0 0 0 0 0 0 0 0 0 0 0 0 0 0 0 0 0 0 0 0 0 0 ]
L = [ 7 7 7 7 7 7 7 10 10 10 4 4 4 4 4 5 5 5 5 5 5 3 3 3 3 3 3 3 5 9 9 9 9 2 2 2 2 2 2 2 4 4 4 4 4 4 4 4 9 9 9 9 9 9 9 9 9 9 9 9 9 6 6 6 6 6 6 6 6 6 6 6 2 2 2 2 2 2 2 2 ]
l = [ 7 7 7 7 7 7 7 10 10 10 4 4 4 4 4 5 5 5 5 5 5 3 3 3 3 3 3 3 5 9 9 9 9 2 2 2 2 2 2 2 4 4 4 4 4 4 4 4 9 9 9 9 9 9 9 9 9 9 9 9 9 6 6 6 6 6 6 6 6 6 6 6 2 2 2 2 2 2 2 2 ]
Pmin = [ 68 68 68 68 68 68 68 100 100 100 37 37 37 37 37 52 52 52 52 52 52 33 33 33 33 33 33 33 54 94 94 94 94 20 20 20 20 20 20 20 41 41 41 41 41 41 41 41 94 94 94 94 94 94 94 94 94 94 94 94 94 64 64 64 64 64 64 64 64 64 64 64 22 22 22 22 22 22 22 22 ]
Pmax = [ 263 263 263 263 263 263 263 420 420 420 135 135 135 135 135 183 183 183 183 183 183 113 113 113 113 113 113 113 196 371 371 371 371 32 32 32 32 32 32 32 144 144 144 144 144 144 144 144 362 362 362 362 362 362 362 362 362 362 362 362 362 246 246 246 246 246 246 246 246 246 246 246 67 67 67 67 67 67 67 67 ]
cf = [ 19.9486 19.9486 19.9486 19.9486 19.9486 19.9486 19.9486 65.6098 65.6098 65.6098 55.9232 55.9232 55.9232 55.9232 55.9232 20.2099 20.2099 20.2099 20.2099 20.2099 20.2099 58.1967 58.1967 58.1967 58.1967 58.1967 58.1967 58.1967 63.5222 63.3416 63.3416 63.3416 63.3416 23.7915 23.7915 23.7915 23.7915 23.7915 23.7915 23.7915 19.4327 19.4327 19.4327 19.4327 19.4327 19.4327 19.4327 19.4327 17.9129 17.9129 17.9129 17.9129 17.9129 17.9129 17.9129 17.9129 17.9129 17.9129 17.9129 17.9129 17.9129 51.4845 51.4845 51.4845 51.4845 51.4845 51.4845 51.4845 51.4845 51.4845 51.4845 51.4845 10.0316 10.0316 10.0316 10.0316 10.0316 10.0316 10.0316 10.0316 ]
c0 = [ 183 183 183 183 183 183 183 250 250 250 102 102 102 102 102 139 139 139 139 139 139 94 94 94 94 94 94 94 155 250 250 250 250 75 75 75 75 75 75 75 115 115 115 115 115 115 115 115 250 250 250 250 250 250 250 250 250 250 250 250 250 173 173 173 173 173 173 173 173 173 173 173 81 81 81 81 81 81 81 81 ]
cp = [ 13.6953 13.6953 13.6953 13.6953 13.6953 13.6953 13.6953 8.05154 8.05154 8.05154 34.935 34.935 34.935 34.935 34.935 29.5853 29.5853 29.5853 29.5853 29.5853 29.5853 33.7629 33.7629 33.7629 33.7629 33.7629 33.7629 33.7629 19.4978 17.6519 17.6519 17.6519 17.6519 40.6823 40.6823 40.6823 40.6823 40.6823 40.6823 40.6823 23.2306 23.2306 23.2306 23.2306 23.2306 23.2306 23.2306 23.2306 16.3106 16.3106 16.3106 16.3106 16.3106 16.3106 16.3106 16.3106 16.3106 16.3106 16.3106 16.3106 16.3106 24.0247 24.0247 24.0247 24.0247 24.0247 24.0247 24.0247 24.0247 24.0247 24.0247 24.0247 40.6139 40.6139 40.6139 40.6139 40.6139 40.6139 40.6139 40.6139 ]
D = [ 3513 4502 5178 6171 6579 7613 8862 9678 10054 10871 11649 12642 13408 12492 11441 10188 9073 8500 9264 10860 12493 10018 8483 6295 3770 4792 6047 6934 7790 8529 9649 10030 11176 12269 12851 13971 15001 13611 12533 10947 10263 9022 9792 11338 12546 10539 8679 6468 ]
K = 12
nk = [ 1 1 1 1 1 1 1 2 2 2 3 3 3 3 3 4 4 4 4 4 4 5 5 5 5 5 5 5 6 7 7 7 7 8 8 8 8 8 8 8 9 9 9 9 9 9 9 9 10 10 10 10 10 10 10 10 10 10 10 10 10 11 11 11 11 11 11 11 11 11 11 11 12 12 12 12 12 12 12 12 ]
First = [ 1 0 0 0 0 0 0 1 0 0 1 0 0 0 0 1 0 0 0 0 0 1 0 0 0 0 0 0 1 1 0 0 0 1 0 0 0 0 0 0 1 0 0 0 0 0 0 0 1 0 0 0 0 0 0 0 0 0 0 0 0 1 0 0 0 0 0 0 0 0 0 0 1 0 0 0 0 0 0 0 ]
Last = [ 0 0 0 0 0 0 1 0 0 1 0 0 0 0 1 0 0 0 0 0 1 0 0 0 0 0 0 1 1 0 0 0 1 0 0 0 0 0 0 1 0 0 0 0 0 0 0 1 0 0 0 0 0 0 0 0 0 0 0 0 1 0 0 0 0 0 0 0 0 0 0 1 0 0 0 0 0 0 0 1 ]
nS = 1
S = [ 0 1 2 3 4 5 6 7 8 9 10 11 12 13 14 15 16 17 18 19 20 21 22 23 24 25 26 27 28 29 30 31 32 33 34 35 36 37 38 39 40 41 42 43 44 45 46 47 48 49 50 51 52 53 54 55 56 57 58 59 60 61 62 63 64 65 66 67 68 69 70 71 72 73 74 75 76 77 78 79 ]
