n = 80 ; 
T = 48 ; 
Init = [ 0 0 0 0 0 0 0 0 0 0 0 0 0 0 0 0 0 0 0 0 0 0 0 0 0 0 0 0 0 0 0 0 0 0 1 1 1 1 1 1 1 1 1 1 1 1 1 1 1 1 1 1 1 1 1 1 1 1 1 1 1 1 1 1 1 1 1 1 1 1 1 1 1 0 0 0 0 1 1 1 ]
L = [ 10 10 10 10 10 10 2 2 2 2 2 2 2 5 5 5 5 5 5 5 5 6 6 6 7 7 7 7 7 4 4 4 4 4 3 3 3 3 3 3 3 3 8 8 8 9 9 9 9 9 9 9 4 4 4 4 4 4 4 4 4 8 8 8 8 8 8 8 8 6 6 6 6 3 3 3 3 9 9 9 ]
l = [ 10 10 10 10 10 10 2 2 2 2 2 2 2 5 5 5 5 5 5 5 5 6 6 6 7 7 7 7 7 4 4 4 4 4 3 3 3 3 3 3 3 3 8 8 8 9 9 9 9 9 9 9 4 4 4 4 4 4 4 4 4 8 8 8 8 8 8 8 8 6 6 6 6 3 3 3 3 9 9 9 ]
Pmin = [ 100 100 100 100 100 100 17 17 17 17 17 17 17 57 57 57 57 57 57 57 57 55 55 55 75 75 75 75 75 32 32 32 32 32 25 25 25 25 25 25 25 25 78 78 78 93 93 93 93 93 93 93 46 46 46 46 46 46 46 46 46 89 89 89 89 89 89 89 89 64 64 64 64 32 32 32 32 100 100 100 ]
Pmax = [ 420 420 420 420 420 420 32 32 32 32 32 32 32 194 194 194 194 194 194 194 194 211 211 211 288 288 288 288 288 104 104 104 104 104 71 71 71 71 71 71 71 71 311 311 311 364 364 364 364 364 364 364 157 157 157 157 157 157 157 157 157 334 334 334 334 334 334 334 334 238 238 238 238 90 90 90 90 390 390 390 ]
cf = [ 58.3398 58.3398 58.3398 58.3398 58.3398 58.3398 68.5661 68.5661 68.5661 68.5661 68.5661 68.5661 68.5661 46.3427 46.3427 46.3427 46.3427 46.3427 46.3427 46.3427 46.3427 61.4778 61.4778 61.4778 37.0098 37.0098 37.0098 37.0098 37.0098 47.5164 47.5164 47.5164 47.5164 47.5164 22.0392 22.0392 22.0392 22.0392 22.0392 22.0392 22.0392 22.0392 16.6114 16.6114 16.6114 34.2492 34.2492 34.2492 34.2492 34.2492 34.2492 34.2492 45.7499 45.7499 45.7499 45.7499 45.7499 45.7499 45.7499 45.7499 45.7499 28.9208 28.9208 28.9208 28.9208 28.9208 28.9208 28.9208 28.9208 8.47501 8.47501 8.47501 8.47501 49.8564 49.8564 49.8564 49.8564 44.4929 44.4929 44.4929 ]
c0 = [ 250 250 250 250 250 250 67 67 67 67 67 67 67 161 161 161 161 161 161 161 161 158 158 158 210 210 210 210 210 107 107 107 107 107 76 76 76 76 76 76 76 76 203 203 203 237 237 237 237 237 237 237 142 142 142 142 142 142 142 142 142 225 225 225 225 225 225 225 225 178 178 178 178 103 103 103 103 250 250 250 ]
cp = [ 9.32986 9.32986 9.32986 9.32986 9.32986 9.32986 41.8555 41.8555 41.8555 41.8555 41.8555 41.8555 41.8555 27.9341 27.9341 27.9341 27.9341 27.9341 27.9341 27.9341 27.9341 35.8527 35.8527 35.8527 19.6542 19.6542 19.6542 19.6542 19.6542 28.9177 28.9177 28.9177 28.9177 28.9177 40.5032 40.5032 40.5032 40.5032 40.5032 40.5032 40.5032 40.5032 14.8885 14.8885 14.8885 14.3604 14.3604 14.3604 14.3604 14.3604 14.3604 14.3604 35.066 35.066 35.066 35.066 35.066 35.066 35.066 35.066 35.066 11.2534 11.2534 11.2534 11.2534 11.2534 11.2534 11.2534 11.2534 16.6153 16.6153 16.6153 16.6153 37.3709 37.3709 37.3709 37.3709 10.5339 10.5339 10.5339 ]
D = [ 3329 4759 5653 5986 7258 8267 8662 9546 10425 11341 12762 13433 14358 13342 12229 11377 10374 9159 10812 11859 13196 11180 8877 6920 4797 5617 6011 7328 8150 8684 9681 10620 11357 12346 12571 14033 14851 13550 12340 11158 9767 8727 9926 11403 12271 10761 8420 7143 ]
K = 14
nk = [ 1 1 1 1 1 1 2 2 2 2 2 2 2 3 3 3 3 3 3 3 3 4 4 4 5 5 5 5 5 6 6 6 6 6 7 7 7 7 7 7 7 7 8 8 8 9 9 9 9 9 9 9 10 10 10 10 10 10 10 10 10 11 11 11 11 11 11 11 11 12 12 12 12 13 13 13 13 14 14 14 ]
First = [ 1 0 0 0 0 0 1 0 0 0 0 0 0 1 0 0 0 0 0 0 0 1 0 0 1 0 0 0 0 1 0 0 0 0 1 0 0 0 0 0 0 0 1 0 0 1 0 0 0 0 0 0 1 0 0 0 0 0 0 0 0 1 0 0 0 0 0 0 0 1 0 0 0 1 0 0 0 1 0 0 ]
Last = [ 0 0 0 0 0 1 0 0 0 0 0 0 1 0 0 0 0 0 0 0 1 0 0 1 0 0 0 0 1 0 0 0 0 1 0 0 0 0 0 0 0 1 0 0 1 0 0 0 0 0 0 1 0 0 0 0 0 0 0 0 1 0 0 0 0 0 0 0 1 0 0 0 1 0 0 0 1 0 0 1 ]
nS = 1
S = [ 0 1 2 3 4 5 6 7 8 9 10 11 12 13 14 15 16 17 18 19 20 21 22 23 24 25 26 27 28 29 30 31 32 33 34 35 36 37 38 39 40 41 42 43 44 45 46 47 48 49 50 51 52 53 54 55 56 57 58 59 60 61 62 63 64 65 66 67 68 69 70 71 72 73 74 75 76 77 78 79 ]
