n = 80 ; 
T = 48 ; 
Init = [ 1 1 1 1 1 1 1 1 1 1 1 1 1 1 1 1 1 1 1 1 1 1 1 0 0 0 0 0 0 0 0 0 0 0 0 0 0 0 0 0 0 0 0 0 0 0 0 0 0 1 1 1 1 1 1 1 1 1 1 1 1 1 1 1 1 1 1 1 1 1 1 1 1 1 1 1 1 1 0 0 ]
L = [ 2 2 2 2 2 2 2 2 2 2 2 2 2 2 2 2 2 2 2 2 2 2 2 8 8 8 8 8 8 8 8 8 8 8 8 8 8 8 8 8 8 8 8 8 8 8 8 8 8 9 9 9 9 9 9 9 9 9 9 9 9 9 9 9 9 9 9 9 9 9 9 9 9 9 9 4 4 4 3 3 ]
l = [ 2 2 2 2 2 2 2 2 2 2 2 2 2 2 2 2 2 2 2 2 2 2 2 8 8 8 8 8 8 8 8 8 8 8 8 8 8 8 8 8 8 8 8 8 8 8 8 8 8 9 9 9 9 9 9 9 9 9 9 9 9 9 9 9 9 9 9 9 9 9 9 9 9 9 9 4 4 4 3 3 ]
Pmin = [ 19 19 19 19 19 19 19 19 19 19 19 19 19 19 19 19 19 19 19 19 19 19 19 82 82 82 82 82 82 82 82 82 82 82 82 82 82 82 82 82 82 82 82 82 82 82 82 82 82 100 100 100 100 100 100 100 100 100 100 100 100 100 100 100 100 100 100 100 100 100 100 100 100 100 100 40 40 40 21 21 ]
Pmax = [ 29 29 29 29 29 29 29 29 29 29 29 29 29 29 29 29 29 29 29 29 29 29 29 325 325 325 325 325 325 325 325 325 325 325 325 325 325 325 325 325 325 325 325 325 325 325 325 325 325 392 392 392 392 392 392 392 392 392 392 392 392 392 392 392 392 392 392 392 392 392 392 392 392 392 392 136 136 136 76 76 ]
cf = [ 14.2898 14.2898 14.2898 14.2898 14.2898 14.2898 14.2898 14.2898 14.2898 14.2898 14.2898 14.2898 14.2898 14.2898 14.2898 14.2898 14.2898 14.2898 14.2898 14.2898 14.2898 14.2898 14.2898 19.498 19.498 19.498 19.498 19.498 19.498 19.498 19.498 19.498 19.498 19.498 19.498 19.498 19.498 19.498 19.498 19.498 19.498 19.498 19.498 19.498 19.498 19.498 19.498 19.498 19.498 30.2892 30.2892 30.2892 30.2892 30.2892 30.2892 30.2892 30.2892 30.2892 30.2892 30.2892 30.2892 30.2892 30.2892 30.2892 30.2892 30.2892 30.2892 30.2892 30.2892 30.2892 30.2892 30.2892 30.2892 30.2892 30.2892 9.27381 9.27381 9.27381 44.4357 44.4357 ]
c0 = [ 67 67 67 67 67 67 67 67 67 67 67 67 67 67 67 67 67 67 67 67 67 67 67 211 211 211 211 211 211 211 211 211 211 211 211 211 211 211 211 211 211 211 211 211 211 211 211 211 211 250 250 250 250 250 250 250 250 250 250 250 250 250 250 250 250 250 250 250 250 250 250 250 250 250 250 113 113 113 66 66 ]
cp = [ 41.5041 41.5041 41.5041 41.5041 41.5041 41.5041 41.5041 41.5041 41.5041 41.5041 41.5041 41.5041 41.5041 41.5041 41.5041 41.5041 41.5041 41.5041 41.5041 41.5041 41.5041 41.5041 41.5041 15.4206 15.4206 15.4206 15.4206 15.4206 15.4206 15.4206 15.4206 15.4206 15.4206 15.4206 15.4206 15.4206 15.4206 15.4206 15.4206 15.4206 15.4206 15.4206 15.4206 15.4206 15.4206 15.4206 15.4206 15.4206 15.4206 19.6098 19.6098 19.6098 19.6098 19.6098 19.6098 19.6098 19.6098 19.6098 19.6098 19.6098 19.6098 19.6098 19.6098 19.6098 19.6098 19.6098 19.6098 19.6098 19.6098 19.6098 19.6098 19.6098 19.6098 19.6098 19.6098 30.8428 30.8428 30.8428 40.4457 40.4457 ]
D = [ 5327 6317 6893 7690 8958 9966 10667 12005 12428 13620 14164 15101 16228 15116 13836 12244 11482 9967 11615 13507 15677 12634 9723 7237 4265 4836 5866 7006 8034 8946 10440 11562 12260 13384 14015 14991 16539 14896 13789 12370 11477 10013 12062 13090 15222 12253 10130 7823 ]
K = 5
nk = [ 1 1 1 1 1 1 1 1 1 1 1 1 1 1 1 1 1 1 1 1 1 1 1 2 2 2 2 2 2 2 2 2 2 2 2 2 2 2 2 2 2 2 2 2 2 2 2 2 2 3 3 3 3 3 3 3 3 3 3 3 3 3 3 3 3 3 3 3 3 3 3 3 3 3 3 4 4 4 5 5 ]
First = [ 1 0 0 0 0 0 0 0 0 0 0 0 0 0 0 0 0 0 0 0 0 0 0 1 0 0 0 0 0 0 0 0 0 0 0 0 0 0 0 0 0 0 0 0 0 0 0 0 0 1 0 0 0 0 0 0 0 0 0 0 0 0 0 0 0 0 0 0 0 0 0 0 0 0 0 1 0 0 1 0 ]
Last = [ 0 0 0 0 0 0 0 0 0 0 0 0 0 0 0 0 0 0 0 0 0 0 1 0 0 0 0 0 0 0 0 0 0 0 0 0 0 0 0 0 0 0 0 0 0 0 0 0 1 0 0 0 0 0 0 0 0 0 0 0 0 0 0 0 0 0 0 0 0 0 0 0 0 0 1 0 0 1 0 1 ]
nS = 1
S = [ 0 1 2 3 4 5 6 7 8 9 10 11 12 13 14 15 16 17 18 19 20 21 22 23 24 25 26 27 28 29 30 31 32 33 34 35 36 37 38 39 40 41 42 43 44 45 46 47 48 49 50 51 52 53 54 55 56 57 58 59 60 61 62 63 64 65 66 67 68 69 70 71 72 73 74 75 76 77 78 79 ]
