n = 80 ; 
T = 48 ; 
Init = [ 1 1 1 1 1 1 1 1 1 1 1 1 0 0 0 0 0 0 0 0 0 0 0 0 0 0 0 0 0 0 0 0 0 0 0 0 0 0 0 0 0 1 1 0 0 0 0 0 0 0 0 0 0 0 0 0 0 0 0 0 0 0 0 0 0 0 0 0 0 0 0 0 1 1 1 1 1 1 1 1 ]
L = [ 5 5 5 5 5 5 5 5 5 5 5 5 9 9 9 9 9 9 9 9 9 9 9 9 9 7 7 7 7 7 7 7 7 7 7 9 9 9 9 9 9 5 5 9 4 4 4 4 4 4 4 4 4 4 4 4 4 4 4 4 4 4 4 4 4 4 4 4 4 4 4 4 6 6 6 6 6 6 6 6 ]
l = [ 5 5 5 5 5 5 5 5 5 5 5 5 9 9 9 9 9 9 9 9 9 9 9 9 9 7 7 7 7 7 7 7 7 7 7 9 9 9 9 9 9 5 5 9 4 4 4 4 4 4 4 4 4 4 4 4 4 4 4 4 4 4 4 4 4 4 4 4 4 4 4 4 6 6 6 6 6 6 6 6 ]
Pmin = [ 54 54 54 54 54 54 54 54 54 54 54 54 93 93 93 93 93 93 93 93 93 93 93 93 93 71 71 71 71 71 71 71 71 71 71 100 100 100 100 100 100 51 51 94 31 31 31 31 31 31 46 46 46 46 46 46 46 46 46 35 35 35 35 35 35 35 35 35 35 35 35 35 55 55 55 55 55 55 55 55 ]
Pmax = [ 213 213 213 213 213 213 213 213 213 213 213 213 388 388 388 388 388 388 388 388 388 388 388 388 388 261 261 261 261 261 261 261 261 261 261 420 420 420 420 420 420 169 169 388 116 116 116 116 116 116 173 173 173 173 173 173 173 173 173 122 122 122 122 122 122 122 122 122 122 122 122 122 214 214 214 214 214 214 214 214 ]
cf = [ 36.6855 36.6855 36.6855 36.6855 36.6855 36.6855 36.6855 36.6855 36.6855 36.6855 36.6855 36.6855 57.2597 57.2597 57.2597 57.2597 57.2597 57.2597 57.2597 57.2597 57.2597 57.2597 57.2597 57.2597 57.2597 57.8559 57.8559 57.8559 57.8559 57.8559 57.8559 57.8559 57.8559 57.8559 57.8559 59.1903 59.1903 59.1903 59.1903 59.1903 59.1903 49.6034 49.6034 34.288 41.5887 41.5887 41.5887 41.5887 41.5887 41.5887 28.0317 28.0317 28.0317 28.0317 28.0317 28.0317 28.0317 28.0317 28.0317 40.2996 40.2996 40.2996 40.2996 40.2996 40.2996 40.2996 40.2996 40.2996 40.2996 40.2996 40.2996 40.2996 38.5055 38.5055 38.5055 38.5055 38.5055 38.5055 38.5055 38.5055 ]
c0 = [ 142 142 142 142 142 142 142 142 142 142 142 142 238 238 238 238 238 238 238 238 238 238 238 238 238 190 190 190 190 190 190 190 190 190 190 250 250 250 250 250 250 152 152 250 87 87 87 87 87 87 126 126 126 126 126 126 126 126 126 108 108 108 108 108 108 108 108 108 108 108 108 108 162 162 162 162 162 162 162 162 ]
cp = [ 33.1584 33.1584 33.1584 33.1584 33.1584 33.1584 33.1584 33.1584 33.1584 33.1584 33.1584 33.1584 16.0031 16.0031 16.0031 16.0031 16.0031 16.0031 16.0031 16.0031 16.0031 16.0031 16.0031 16.0031 16.0031 21.9727 21.9727 21.9727 21.9727 21.9727 21.9727 21.9727 21.9727 21.9727 21.9727 9.60345 9.60345 9.60345 9.60345 9.60345 9.60345 20.8949 20.8949 11.1373 38.8109 38.8109 38.8109 38.8109 38.8109 38.8109 29.5514 29.5514 29.5514 29.5514 29.5514 29.5514 29.5514 29.5514 29.5514 37.6452 37.6452 37.6452 37.6452 37.6452 37.6452 37.6452 37.6452 37.6452 37.6452 37.6452 37.6452 37.6452 19.0861 19.0861 19.0861 19.0861 19.0861 19.0861 19.0861 19.0861 ]
D = [ 5108 6007 6873 7550 8286 9407 10487 11127 12206 13005 14382 15140 16379 14633 13408 12654 10811 9619 11373 12282 13330 11240 9378 7620 5661 6170 7442 8076 8492 9483 10654 11233 12346 13198 13898 14851 15362 14696 13243 12113 11493 9797 11589 13023 14613 12510 9428 6558 ]
K = 10
nk = [ 1 1 1 1 1 1 1 1 1 1 1 1 2 2 2 2 2 2 2 2 2 2 2 2 2 3 3 3 3 3 3 3 3 3 3 4 4 4 4 4 4 5 5 6 7 7 7 7 7 7 8 8 8 8 8 8 8 8 8 9 9 9 9 9 9 9 9 9 9 9 9 9 10 10 10 10 10 10 10 10 ]
First = [ 1 0 0 0 0 0 0 0 0 0 0 0 1 0 0 0 0 0 0 0 0 0 0 0 0 1 0 0 0 0 0 0 0 0 0 1 0 0 0 0 0 1 0 1 1 0 0 0 0 0 1 0 0 0 0 0 0 0 0 1 0 0 0 0 0 0 0 0 0 0 0 0 1 0 0 0 0 0 0 0 ]
Last = [ 0 0 0 0 0 0 0 0 0 0 0 1 0 0 0 0 0 0 0 0 0 0 0 0 1 0 0 0 0 0 0 0 0 0 1 0 0 0 0 0 1 0 1 1 0 0 0 0 0 1 0 0 0 0 0 0 0 0 1 0 0 0 0 0 0 0 0 0 0 0 0 1 0 0 0 0 0 0 0 1 ]
nS = 1
S = [ 0 1 2 3 4 5 6 7 8 9 10 11 12 13 14 15 16 17 18 19 20 21 22 23 24 25 26 27 28 29 30 31 32 33 34 35 36 37 38 39 40 41 42 43 44 45 46 47 48 49 50 51 52 53 54 55 56 57 58 59 60 61 62 63 64 65 66 67 68 69 70 71 72 73 74 75 76 77 78 79 ]
