n = 80 ; 
T = 48 ; 
Init = [ 1 1 1 1 1 1 1 1 1 0 0 0 0 0 0 0 0 0 0 0 0 0 0 0 0 1 1 1 1 1 1 1 1 1 1 1 1 1 1 0 0 0 0 0 0 0 0 0 0 0 0 0 0 0 1 1 1 1 1 1 1 1 1 1 1 1 1 1 0 1 1 1 1 1 1 1 1 1 1 1 ]
L = [ 7 7 7 7 7 7 7 7 7 4 4 4 4 4 4 4 4 4 4 4 4 4 4 4 4 8 8 8 8 8 8 8 8 8 8 8 8 8 8 9 9 9 9 9 9 9 9 9 9 9 9 9 9 9 2 2 2 2 2 2 2 2 2 2 2 2 2 2 7 7 7 7 7 7 7 7 7 7 3 3 ]
l = [ 7 7 7 7 7 7 7 7 7 4 4 4 4 4 4 4 4 4 4 4 4 4 4 4 4 8 8 8 8 8 8 8 8 8 8 8 8 8 8 9 9 9 9 9 9 9 9 9 9 9 9 9 9 9 2 2 2 2 2 2 2 2 2 2 2 2 2 2 7 7 7 7 7 7 7 7 7 7 3 3 ]
Pmin = [ 71 71 71 71 71 71 71 71 71 46 46 46 46 46 46 46 46 46 46 46 46 46 46 46 46 84 84 84 84 84 84 84 84 84 84 84 84 84 84 93 93 93 93 93 93 93 93 93 93 93 93 93 93 93 25 25 25 25 25 25 25 25 25 25 25 25 25 25 74 75 75 75 75 75 75 75 75 75 24 24 ]
Pmax = [ 267 267 267 267 267 267 267 267 267 165 165 165 165 165 165 165 165 165 165 165 165 165 165 165 165 334 334 334 334 334 334 334 334 334 334 334 334 334 334 357 357 357 357 357 357 357 357 357 357 357 357 357 357 357 70 70 70 70 70 70 70 70 70 70 70 70 70 70 286 287 287 287 287 287 287 287 287 287 78 78 ]
cf = [ 8.34561 8.34561 8.34561 8.34561 8.34561 8.34561 8.34561 8.34561 8.34561 28.529 28.529 28.529 28.529 28.529 28.529 28.529 28.529 28.529 28.529 28.529 28.529 28.529 28.529 28.529 28.529 39.3847 39.3847 39.3847 39.3847 39.3847 39.3847 39.3847 39.3847 39.3847 39.3847 39.3847 39.3847 39.3847 39.3847 7.34452 7.34452 7.34452 7.34452 7.34452 7.34452 7.34452 7.34452 7.34452 7.34452 7.34452 7.34452 7.34452 7.34452 7.34452 48.7997 48.7997 48.7997 48.7997 48.7997 48.7997 48.7997 48.7997 48.7997 48.7997 48.7997 48.7997 48.7997 48.7997 36.0779 31.2475 31.2475 31.2475 31.2475 31.2475 31.2475 31.2475 31.2475 31.2475 40.7726 40.7726 ]
c0 = [ 196 196 196 196 196 196 196 196 196 127 127 127 127 127 127 127 127 127 127 127 127 127 127 127 127 225 225 225 225 225 225 225 225 225 225 225 225 225 225 239 239 239 239 239 239 239 239 239 239 239 239 239 239 239 80 80 80 80 80 80 80 80 80 80 80 80 80 80 204 202 202 202 202 202 202 202 202 202 79 79 ]
cp = [ 13.814 13.814 13.814 13.814 13.814 13.814 13.814 13.814 13.814 22.5819 22.5819 22.5819 22.5819 22.5819 22.5819 22.5819 22.5819 22.5819 22.5819 22.5819 22.5819 22.5819 22.5819 22.5819 22.5819 14.9984 14.9984 14.9984 14.9984 14.9984 14.9984 14.9984 14.9984 14.9984 14.9984 14.9984 14.9984 14.9984 14.9984 17.337 17.337 17.337 17.337 17.337 17.337 17.337 17.337 17.337 17.337 17.337 17.337 17.337 17.337 17.337 41.8414 41.8414 41.8414 41.8414 41.8414 41.8414 41.8414 41.8414 41.8414 41.8414 41.8414 41.8414 41.8414 41.8414 27.973 19.2849 19.2849 19.2849 19.2849 19.2849 19.2849 19.2849 19.2849 19.2849 37.3256 37.3256 ]
D = [ 5813 6295 7380 7864 8791 10001 10841 12210 12823 13477 14655 15089 16280 14996 13363 12157 11300 9610 11329 13033 15226 12430 9591 6801 4435 4843 6088 6756 8110 8937 9628 10527 12056 12451 13824 14342 15775 14504 13133 11686 10889 9656 10860 12643 14231 11812 9698 6949 ]
K = 8
nk = [ 1 1 1 1 1 1 1 1 1 2 2 2 2 2 2 2 2 2 2 2 2 2 2 2 2 3 3 3 3 3 3 3 3 3 3 3 3 3 3 4 4 4 4 4 4 4 4 4 4 4 4 4 4 4 5 5 5 5 5 5 5 5 5 5 5 5 5 5 6 7 7 7 7 7 7 7 7 7 8 8 ]
First = [ 1 0 0 0 0 0 0 0 0 1 0 0 0 0 0 0 0 0 0 0 0 0 0 0 0 1 0 0 0 0 0 0 0 0 0 0 0 0 0 1 0 0 0 0 0 0 0 0 0 0 0 0 0 0 1 0 0 0 0 0 0 0 0 0 0 0 0 0 1 1 0 0 0 0 0 0 0 0 1 0 ]
Last = [ 0 0 0 0 0 0 0 0 1 0 0 0 0 0 0 0 0 0 0 0 0 0 0 0 1 0 0 0 0 0 0 0 0 0 0 0 0 0 1 0 0 0 0 0 0 0 0 0 0 0 0 0 0 1 0 0 0 0 0 0 0 0 0 0 0 0 0 1 1 0 0 0 0 0 0 0 0 1 0 1 ]
nS = 1
S = [ 0 1 2 3 4 5 6 7 8 9 10 11 12 13 14 15 16 17 18 19 20 21 22 23 24 25 26 27 28 29 30 31 32 33 34 35 36 37 38 39 40 41 42 43 44 45 46 47 48 49 50 51 52 53 54 55 56 57 58 59 60 61 62 63 64 65 66 67 68 69 70 71 72 73 74 75 76 77 78 79 ]
