n = 80 ; 
T = 48 ; 
Init = [ 0 0 0 0 0 0 0 0 0 0 0 0 0 0 0 0 0 0 0 0 0 0 0 0 0 0 0 0 0 0 0 0 0 0 1 1 1 1 1 1 1 1 1 1 1 1 1 1 1 1 1 1 1 1 0 0 0 0 0 0 0 0 0 0 0 0 0 0 0 0 0 0 0 0 0 0 1 1 1 1 ]
L = [ 2 2 2 2 2 4 4 4 4 4 4 4 4 4 4 4 4 4 4 4 4 4 4 4 4 4 4 4 4 4 4 4 4 4 8 8 8 8 8 8 8 8 8 8 8 8 8 8 8 8 6 4 4 4 9 9 9 9 9 9 9 9 9 9 9 9 9 9 9 9 9 9 9 9 9 9 6 6 6 6 ]
l = [ 2 2 2 2 2 4 4 4 4 4 4 4 4 4 4 4 4 4 4 4 4 4 4 4 4 4 4 4 4 4 4 4 4 4 8 8 8 8 8 8 8 8 8 8 8 8 8 8 8 8 6 4 4 4 9 9 9 9 9 9 9 9 9 9 9 9 9 9 9 9 9 9 9 9 9 9 6 6 6 6 ]
Pmin = [ 24 24 24 24 24 37 37 37 37 37 37 37 37 37 37 37 37 37 37 37 37 37 37 37 37 37 48 48 48 48 48 48 48 48 84 84 84 84 84 84 84 84 84 84 84 84 84 84 84 84 72 42 42 42 100 100 100 100 100 100 100 100 100 100 100 100 100 100 100 100 100 100 100 100 100 100 67 67 67 67 ]
Pmax = [ 54 54 54 54 54 135 135 135 135 135 135 135 135 135 135 135 135 135 135 135 135 135 135 135 135 135 172 172 172 172 172 172 172 172 345 345 345 345 345 345 345 345 345 345 345 345 345 345 345 345 273 137 137 137 408 408 408 408 408 408 408 408 408 408 408 408 408 408 408 408 408 408 408 408 408 408 238 238 238 238 ]
cf = [ 18.0175 18.0175 18.0175 18.0175 18.0175 14.6178 14.6178 14.6178 14.6178 14.6178 14.6178 14.6178 14.6178 14.6178 14.6178 14.6178 14.6178 14.6178 14.6178 14.6178 14.6178 14.6178 14.6178 14.6178 14.6178 14.6178 54.3689 54.3689 54.3689 54.3689 54.3689 54.3689 54.3689 54.3689 13.8341 13.8341 13.8341 13.8341 13.8341 13.8341 13.8341 13.8341 13.8341 13.8341 13.8341 13.8341 13.8341 13.8341 13.8341 13.8341 57.7208 7.64738 7.64738 7.64738 50.2774 50.2774 50.2774 50.2774 50.2774 50.2774 50.2774 50.2774 50.2774 50.2774 50.2774 50.2774 50.2774 50.2774 50.2774 50.2774 50.2774 50.2774 50.2774 50.2774 50.2774 50.2774 43.9638 43.9638 43.9638 43.9638 ]
c0 = [ 80 80 80 80 80 120 120 120 120 120 120 120 120 120 120 120 120 120 120 120 120 120 120 120 120 120 129 129 129 129 129 129 129 129 227 227 227 227 227 227 227 227 227 227 227 227 227 227 227 227 186 123 123 123 250 250 250 250 250 250 250 250 250 250 250 250 250 250 250 250 250 250 250 250 250 250 181 181 181 181 ]
cp = [ 38.8029 38.8029 38.8029 38.8029 38.8029 30.6568 30.6568 30.6568 30.6568 30.6568 30.6568 30.6568 30.6568 30.6568 30.6568 30.6568 30.6568 30.6568 30.6568 30.6568 30.6568 30.6568 30.6568 30.6568 30.6568 30.6568 23.6015 23.6015 23.6015 23.6015 23.6015 23.6015 23.6015 23.6015 12.2269 12.2269 12.2269 12.2269 12.2269 12.2269 12.2269 12.2269 12.2269 12.2269 12.2269 12.2269 12.2269 12.2269 12.2269 12.2269 27.9961 30.5244 30.5244 30.5244 10.0736 10.0736 10.0736 10.0736 10.0736 10.0736 10.0736 10.0736 10.0736 10.0736 10.0736 10.0736 10.0736 10.0736 10.0736 10.0736 10.0736 10.0736 10.0736 10.0736 10.0736 10.0736 18.2805 18.2805 18.2805 18.2805 ]
D = [ 4006 5071 6615 7184 8249 9287 10473 11817 12833 13972 14745 16516 17520 15346 14214 13216 11091 9766 11269 13255 15178 12194 10477 7565 5475 6651 7231 8750 9570 10470 11155 12763 13774 14728 15453 16529 18006 16080 14562 13612 11999 10105 12220 13649 14503 12204 9982 7210 ]
K = 8
nk = [ 1 1 1 1 1 2 2 2 2 2 2 2 2 2 2 2 2 2 2 2 2 2 2 2 2 2 3 3 3 3 3 3 3 3 4 4 4 4 4 4 4 4 4 4 4 4 4 4 4 4 5 6 6 6 7 7 7 7 7 7 7 7 7 7 7 7 7 7 7 7 7 7 7 7 7 7 8 8 8 8 ]
First = [ 1 0 0 0 0 1 0 0 0 0 0 0 0 0 0 0 0 0 0 0 0 0 0 0 0 0 1 0 0 0 0 0 0 0 1 0 0 0 0 0 0 0 0 0 0 0 0 0 0 0 1 1 0 0 1 0 0 0 0 0 0 0 0 0 0 0 0 0 0 0 0 0 0 0 0 0 1 0 0 0 ]
Last = [ 0 0 0 0 1 0 0 0 0 0 0 0 0 0 0 0 0 0 0 0 0 0 0 0 0 1 0 0 0 0 0 0 0 1 0 0 0 0 0 0 0 0 0 0 0 0 0 0 0 1 1 0 0 1 0 0 0 0 0 0 0 0 0 0 0 0 0 0 0 0 0 0 0 0 0 1 0 0 0 1 ]
nS = 1
S = [ 0 1 2 3 4 5 6 7 8 9 10 11 12 13 14 15 16 17 18 19 20 21 22 23 24 25 26 27 28 29 30 31 32 33 34 35 36 37 38 39 40 41 42 43 44 45 46 47 48 49 50 51 52 53 54 55 56 57 58 59 60 61 62 63 64 65 66 67 68 69 70 71 72 73 74 75 76 77 78 79 ]
