n = 80 ; 
T = 48 ; 
Init = [ 0 0 0 0 0 1 1 1 1 1 1 1 1 1 1 1 1 1 1 1 1 1 1 1 1 0 0 0 0 0 0 0 0 0 0 0 0 0 0 0 0 0 1 1 1 1 1 1 1 1 1 1 1 1 1 1 1 1 0 0 0 0 0 0 0 0 0 0 1 1 1 1 1 1 1 1 1 1 1 1 ]
L = [ 9 9 9 9 9 7 7 7 7 7 7 7 7 7 6 6 6 6 10 10 10 10 10 10 10 4 4 5 5 5 5 5 5 5 5 5 5 5 5 5 5 5 6 6 6 6 6 6 6 6 6 6 6 6 6 6 6 6 4 4 4 4 4 4 4 4 4 4 2 2 2 2 2 2 2 2 2 2 2 2 ]
l = [ 9 9 9 9 9 7 7 7 7 7 7 7 7 7 6 6 6 6 10 10 10 10 10 10 10 4 4 5 5 5 5 5 5 5 5 5 5 5 5 5 5 5 6 6 6 6 6 6 6 6 6 6 6 6 6 6 6 6 4 4 4 4 4 4 4 4 4 4 2 2 2 2 2 2 2 2 2 2 2 2 ]
Pmin = [ 100 100 100 100 100 84 84 84 84 84 84 84 84 84 61 61 61 75 100 100 100 100 100 100 100 29 29 50 50 50 50 50 50 50 50 50 50 50 50 50 50 50 69 69 69 69 69 69 69 69 69 69 69 69 69 69 69 69 50 50 50 50 50 50 50 50 50 50 19 19 19 19 19 19 19 19 19 19 19 19 ]
Pmax = [ 391 391 391 391 391 327 327 327 327 327 327 327 327 327 238 238 238 276 420 420 420 420 420 420 420 97 97 176 176 176 176 176 176 176 176 176 176 176 176 176 176 176 249 249 249 249 249 249 249 249 249 249 249 249 249 249 249 249 175 175 175 175 175 175 175 175 175 175 55 55 55 55 55 55 55 55 55 55 55 55 ]
cf = [ 42.9722 42.9722 42.9722 42.9722 42.9722 46.3196 46.3196 46.3196 46.3196 46.3196 46.3196 46.3196 46.3196 46.3196 8.77151 8.77151 8.77151 59.8562 40.4479 40.4479 40.4479 40.4479 40.4479 40.4479 40.4479 15.8088 15.8088 22.9516 22.9516 22.9516 22.9516 22.9516 22.9516 22.9516 22.9516 22.9516 22.9516 22.9516 22.9516 22.9516 22.9516 22.9516 52.9039 52.9039 52.9039 52.9039 52.9039 52.9039 52.9039 52.9039 52.9039 52.9039 52.9039 52.9039 52.9039 52.9039 52.9039 52.9039 29.8758 29.8758 29.8758 29.8758 29.8758 29.8758 29.8758 29.8758 29.8758 29.8758 41.0533 41.0533 41.0533 41.0533 41.0533 41.0533 41.0533 41.0533 41.0533 41.0533 41.0533 41.0533 ]
c0 = [ 250 250 250 250 250 227 227 227 227 227 227 227 227 227 168 168 168 197 250 250 250 250 250 250 250 93 93 150 150 150 150 150 150 150 150 150 150 150 150 150 150 150 194 194 194 194 194 194 194 194 194 194 194 194 194 194 194 194 149 149 149 149 149 149 149 149 149 149 68 68 68 68 68 68 68 68 68 68 68 68 ]
cp = [ 8.55786 8.55786 8.55786 8.55786 8.55786 13.3234 13.3234 13.3234 13.3234 13.3234 13.3234 13.3234 13.3234 13.3234 35.4973 35.4973 35.4973 22.6339 10.5829 10.5829 10.5829 10.5829 10.5829 10.5829 10.5829 36.4666 36.4666 31.6422 31.6422 31.6422 31.6422 31.6422 31.6422 31.6422 31.6422 31.6422 31.6422 31.6422 31.6422 31.6422 31.6422 31.6422 23.1716 23.1716 23.1716 23.1716 23.1716 23.1716 23.1716 23.1716 23.1716 23.1716 23.1716 23.1716 23.1716 23.1716 23.1716 23.1716 32.9432 32.9432 32.9432 32.9432 32.9432 32.9432 32.9432 32.9432 32.9432 32.9432 40.8081 40.8081 40.8081 40.8081 40.8081 40.8081 40.8081 40.8081 40.8081 40.8081 40.8081 40.8081 ]
D = [ 4464 4840 6299 6918 7969 8460 9737 10530 11525 12649 13267 14656 15316 13995 12743 11409 9969 8462 10255 12200 13416 11225 9709 7348 5072 5670 6685 7774 8897 9596 10080 10760 11802 12867 13608 14839 15589 13927 12750 11395 10555 8672 10632 11597 13242 11384 9244 7428 ]
K = 10
nk = [ 1 1 1 1 1 2 2 2 2 2 2 2 2 2 3 3 3 4 5 5 5 5 5 5 5 6 6 7 7 7 7 7 7 7 7 7 7 7 7 7 7 7 8 8 8 8 8 8 8 8 8 8 8 8 8 8 8 8 9 9 9 9 9 9 9 9 9 9 10 10 10 10 10 10 10 10 10 10 10 10 ]
First = [ 1 0 0 0 0 1 0 0 0 0 0 0 0 0 1 0 0 1 1 0 0 0 0 0 0 1 0 1 0 0 0 0 0 0 0 0 0 0 0 0 0 0 1 0 0 0 0 0 0 0 0 0 0 0 0 0 0 0 1 0 0 0 0 0 0 0 0 0 1 0 0 0 0 0 0 0 0 0 0 0 ]
Last = [ 0 0 0 0 1 0 0 0 0 0 0 0 0 1 0 0 1 1 0 0 0 0 0 0 1 0 1 0 0 0 0 0 0 0 0 0 0 0 0 0 0 1 0 0 0 0 0 0 0 0 0 0 0 0 0 0 0 1 0 0 0 0 0 0 0 0 0 1 0 0 0 0 0 0 0 0 0 0 0 1 ]
nS = 1
S = [ 0 1 2 3 4 5 6 7 8 9 10 11 12 13 14 15 16 17 18 19 20 21 22 23 24 25 26 27 28 29 30 31 32 33 34 35 36 37 38 39 40 41 42 43 44 45 46 47 48 49 50 51 52 53 54 55 56 57 58 59 60 61 62 63 64 65 66 67 68 69 70 71 72 73 74 75 76 77 78 79 ]
