n = 80 ; 
T = 48 ; 
Init = [ 1 1 1 1 1 1 1 1 1 0 0 0 0 0 0 0 0 0 0 0 1 1 1 1 1 1 1 1 1 1 1 1 1 0 0 0 0 0 0 0 0 0 1 1 1 1 1 1 1 1 1 1 1 1 1 1 1 1 1 1 1 1 1 1 1 1 1 1 0 0 0 0 0 0 0 0 0 0 0 0 ]
L = [ 7 7 7 7 7 7 7 7 4 5 5 5 5 5 5 5 5 5 5 5 8 8 8 8 8 8 8 8 8 8 8 8 8 4 4 4 4 4 4 4 4 4 9 9 9 9 9 9 9 9 9 9 9 10 10 10 10 10 10 10 10 10 10 10 4 4 4 4 10 10 10 10 10 10 10 10 10 10 10 10 ]
l = [ 7 7 7 7 7 7 7 7 4 5 5 5 5 5 5 5 5 5 5 5 8 8 8 8 8 8 8 8 8 8 8 8 8 4 4 4 4 4 4 4 4 4 9 9 9 9 9 9 9 9 9 9 9 10 10 10 10 10 10 10 10 10 10 10 4 4 4 4 10 10 10 10 10 10 10 10 10 10 10 10 ]
Pmin = [ 67 67 67 67 67 67 67 67 40 48 48 48 48 48 48 48 48 48 48 48 96 96 96 96 96 96 96 96 96 96 96 96 96 44 44 44 44 44 44 44 44 44 93 93 93 93 93 93 93 93 93 93 93 100 100 100 100 100 100 100 100 100 100 100 36 36 36 36 99 99 99 99 99 99 99 99 99 99 99 99 ]
Pmax = [ 261 261 261 261 261 261 261 261 132 183 183 183 183 183 183 183 183 183 183 183 364 364 364 364 364 364 364 364 364 364 364 364 364 138 138 138 138 138 138 138 138 138 386 386 386 386 386 386 386 386 386 386 386 420 420 420 420 420 420 420 420 420 420 420 126 126 126 126 405 405 405 405 405 405 405 405 405 405 405 405 ]
cf = [ 45.9383 45.9383 45.9383 45.9383 45.9383 45.9383 45.9383 45.9383 57.2352 16.7231 16.7231 16.7231 16.7231 16.7231 16.7231 16.7231 16.7231 16.7231 16.7231 16.7231 8.94494 8.94494 8.94494 8.94494 8.94494 8.94494 8.94494 8.94494 8.94494 8.94494 8.94494 8.94494 8.94494 17.8993 17.8993 17.8993 17.8993 17.8993 17.8993 17.8993 17.8993 17.8993 42.4214 42.4214 42.4214 42.4214 42.4214 42.4214 42.4214 42.4214 42.4214 42.4214 42.4214 12.0986 12.0986 12.0986 12.0986 12.0986 12.0986 12.0986 12.0986 12.0986 12.0986 12.0986 67.4914 67.4914 67.4914 67.4914 48.481 48.481 48.481 48.481 48.481 48.481 48.481 48.481 48.481 48.481 48.481 48.481 ]
c0 = [ 185 185 185 185 185 185 185 185 126 131 131 131 131 131 131 131 131 131 131 131 245 245 245 245 245 245 245 245 245 245 245 245 245 134 134 134 134 134 134 134 134 134 250 250 250 250 250 250 250 250 250 250 250 250 250 250 250 250 250 250 250 250 250 250 104 104 104 104 250 250 250 250 250 250 250 250 250 250 250 250 ]
cp = [ 25.3083 25.3083 25.3083 25.3083 25.3083 25.3083 25.3083 25.3083 23.1309 29.8584 29.8584 29.8584 29.8584 29.8584 29.8584 29.8584 29.8584 29.8584 29.8584 29.8584 19.8564 19.8564 19.8564 19.8564 19.8564 19.8564 19.8564 19.8564 19.8564 19.8564 19.8564 19.8564 19.8564 33.4984 33.4984 33.4984 33.4984 33.4984 33.4984 33.4984 33.4984 33.4984 13.8379 13.8379 13.8379 13.8379 13.8379 13.8379 13.8379 13.8379 13.8379 13.8379 13.8379 10.0949 10.0949 10.0949 10.0949 10.0949 10.0949 10.0949 10.0949 10.0949 10.0949 10.0949 31.3385 31.3385 31.3385 31.3385 9.71864 9.71864 9.71864 9.71864 9.71864 9.71864 9.71864 9.71864 9.71864 9.71864 9.71864 9.71864 ]
D = [ 5086 6865 8667 9827 10588 12319 13507 15382 16078 17882 19443 19974 21167 20173 17791 15836 14090 12466 14343 17167 19347 16204 12580 9287 6167 6973 8684 9257 10525 12055 13027 14686 16063 16593 18585 19448 20199 18434 17181 14820 13457 12057 13836 16737 19142 16229 12815 9964 ]
K = 9
nk = [ 1 1 1 1 1 1 1 1 2 3 3 3 3 3 3 3 3 3 3 3 4 4 4 4 4 4 4 4 4 4 4 4 4 5 5 5 5 5 5 5 5 5 6 6 6 6 6 6 6 6 6 6 6 7 7 7 7 7 7 7 7 7 7 7 8 8 8 8 9 9 9 9 9 9 9 9 9 9 9 9 ]
First = [ 1 0 0 0 0 0 0 0 1 1 0 0 0 0 0 0 0 0 0 0 1 0 0 0 0 0 0 0 0 0 0 0 0 1 0 0 0 0 0 0 0 0 1 0 0 0 0 0 0 0 0 0 0 1 0 0 0 0 0 0 0 0 0 0 1 0 0 0 1 0 0 0 0 0 0 0 0 0 0 0 ]
Last = [ 0 0 0 0 0 0 0 1 1 0 0 0 0 0 0 0 0 0 0 1 0 0 0 0 0 0 0 0 0 0 0 0 1 0 0 0 0 0 0 0 0 1 0 0 0 0 0 0 0 0 0 0 1 0 0 0 0 0 0 0 0 0 0 1 0 0 0 1 0 0 0 0 0 0 0 0 0 0 0 1 ]
nS = 1
S = [ 0 1 2 3 4 5 6 7 8 9 10 11 12 13 14 15 16 17 18 19 20 21 22 23 24 25 26 27 28 29 30 31 32 33 34 35 36 37 38 39 40 41 42 43 44 45 46 47 48 49 50 51 52 53 54 55 56 57 58 59 60 61 62 63 64 65 66 67 68 69 70 71 72 73 74 75 76 77 78 79 ]
