n = 80 ; 
T = 48 ; 
Init = [ 0 0 0 0 0 0 0 0 0 0 0 0 0 0 0 0 1 1 1 1 1 1 1 1 1 1 1 1 1 1 1 1 1 1 1 1 1 1 1 1 1 1 1 1 1 0 0 0 0 0 0 0 0 0 0 0 0 0 0 0 0 0 0 0 0 0 0 0 0 0 0 0 0 0 0 0 0 0 0 0 ]
L = [ 9 9 9 9 9 9 9 9 9 9 9 9 9 9 9 9 10 10 10 10 10 10 10 10 10 10 10 10 10 10 10 10 10 10 10 10 10 10 10 10 10 10 10 10 10 9 9 9 9 9 9 9 9 9 9 9 9 9 9 9 9 9 9 9 9 9 9 9 9 9 9 9 9 9 9 9 9 9 9 9 ]
l = [ 9 9 9 9 9 9 9 9 9 9 9 9 9 9 9 9 10 10 10 10 10 10 10 10 10 10 10 10 10 10 10 10 10 10 10 10 10 10 10 10 10 10 10 10 10 9 9 9 9 9 9 9 9 9 9 9 9 9 9 9 9 9 9 9 9 9 9 9 9 9 9 9 9 9 9 9 9 9 9 9 ]
Pmin = [ 93 93 93 93 93 93 93 93 93 93 93 93 93 93 93 93 100 100 100 100 100 100 100 100 100 100 100 100 100 100 100 100 100 100 100 100 100 100 100 100 100 100 100 100 100 100 100 100 100 100 100 100 100 100 100 100 100 100 100 100 100 100 100 100 100 100 100 100 100 100 100 100 100 100 100 100 100 100 100 100 ]
Pmax = [ 389 389 389 389 389 389 389 389 389 389 389 389 389 389 389 389 420 420 420 420 420 420 420 420 420 420 420 420 420 420 420 420 420 420 420 420 420 420 420 420 420 420 420 420 420 405 405 405 405 405 405 405 405 405 405 405 405 405 405 405 405 405 405 405 405 405 405 405 405 405 405 405 405 405 405 405 405 405 405 405 ]
cf = [ 44.6356 44.6356 44.6356 44.6356 44.6356 44.6356 44.6356 44.6356 44.6356 44.6356 44.6356 44.6356 44.6356 44.6356 44.6356 44.6356 22.2083 22.2083 22.2083 22.2083 22.2083 22.2083 22.2083 22.2083 22.2083 22.2083 22.2083 22.2083 22.2083 22.2083 22.2083 22.2083 22.2083 22.2083 22.2083 22.2083 22.2083 22.2083 22.2083 22.2083 22.2083 22.2083 22.2083 22.2083 22.2083 64.8596 64.8596 64.8596 64.8596 64.8596 64.8596 64.8596 64.8596 64.8596 64.8596 64.8596 64.8596 64.8596 64.8596 64.8596 64.8596 64.8596 64.8596 64.8596 64.8596 64.8596 64.8596 64.8596 64.8596 64.8596 64.8596 64.8596 64.8596 64.8596 64.8596 64.8596 64.8596 64.8596 64.8596 64.8596 ]
c0 = [ 250 250 250 250 250 250 250 250 250 250 250 250 250 250 250 250 250 250 250 250 250 250 250 250 250 250 250 250 250 250 250 250 250 250 250 250 250 250 250 250 250 250 250 250 250 250 250 250 250 250 250 250 250 250 250 250 250 250 250 250 250 250 250 250 250 250 250 250 250 250 250 250 250 250 250 250 250 250 250 250 ]
cp = [ 13.9597 13.9597 13.9597 13.9597 13.9597 13.9597 13.9597 13.9597 13.9597 13.9597 13.9597 13.9597 13.9597 13.9597 13.9597 13.9597 8.86072 8.86072 8.86072 8.86072 8.86072 8.86072 8.86072 8.86072 8.86072 8.86072 8.86072 8.86072 8.86072 8.86072 8.86072 8.86072 8.86072 8.86072 8.86072 8.86072 8.86072 8.86072 8.86072 8.86072 8.86072 8.86072 8.86072 8.86072 8.86072 17.7344 17.7344 17.7344 17.7344 17.7344 17.7344 17.7344 17.7344 17.7344 17.7344 17.7344 17.7344 17.7344 17.7344 17.7344 17.7344 17.7344 17.7344 17.7344 17.7344 17.7344 17.7344 17.7344 17.7344 17.7344 17.7344 17.7344 17.7344 17.7344 17.7344 17.7344 17.7344 17.7344 17.7344 17.7344 ]
D = [ 8227 9135 10296 12861 14136 15798 17310 18834 20441 21890 24425 26416 27420 25289 23236 20870 18788 16132 18447 20816 24021 19965 16692 12302 9576 10117 12770 13600 14949 17206 18958 20312 22424 24043 25346 27251 28445 25920 23011 20150 17810 16076 19328 22530 25196 21718 16418 12222 ]
K = 3
nk = [ 1 1 1 1 1 1 1 1 1 1 1 1 1 1 1 1 2 2 2 2 2 2 2 2 2 2 2 2 2 2 2 2 2 2 2 2 2 2 2 2 2 2 2 2 2 3 3 3 3 3 3 3 3 3 3 3 3 3 3 3 3 3 3 3 3 3 3 3 3 3 3 3 3 3 3 3 3 3 3 3 ]
First = [ 1 0 0 0 0 0 0 0 0 0 0 0 0 0 0 0 1 0 0 0 0 0 0 0 0 0 0 0 0 0 0 0 0 0 0 0 0 0 0 0 0 0 0 0 0 1 0 0 0 0 0 0 0 0 0 0 0 0 0 0 0 0 0 0 0 0 0 0 0 0 0 0 0 0 0 0 0 0 0 0 ]
Last = [ 0 0 0 0 0 0 0 0 0 0 0 0 0 0 0 1 0 0 0 0 0 0 0 0 0 0 0 0 0 0 0 0 0 0 0 0 0 0 0 0 0 0 0 0 1 0 0 0 0 0 0 0 0 0 0 0 0 0 0 0 0 0 0 0 0 0 0 0 0 0 0 0 0 0 0 0 0 0 0 1 ]
nS = 1
S = [ 0 1 2 3 4 5 6 7 8 9 10 11 12 13 14 15 16 17 18 19 20 21 22 23 24 25 26 27 28 29 30 31 32 33 34 35 36 37 38 39 40 41 42 43 44 45 46 47 48 49 50 51 52 53 54 55 56 57 58 59 60 61 62 63 64 65 66 67 68 69 70 71 72 73 74 75 76 77 78 79 ]
