n = 80 ; 
T = 48 ; 
Init = [ 1 1 1 1 1 1 1 1 1 1 1 1 1 1 1 1 0 0 1 1 1 1 1 1 1 1 1 0 0 0 0 0 0 0 0 0 0 0 0 0 1 1 1 1 0 0 0 0 0 0 0 0 0 0 0 0 0 0 0 0 0 0 0 0 0 0 0 0 0 0 0 0 0 0 0 0 0 0 0 0 ]
L = [ 6 6 6 7 7 7 7 7 7 7 7 7 7 7 7 7 8 8 3 3 3 3 3 3 3 3 3 10 10 10 10 10 10 10 10 10 10 3 3 3 4 4 4 4 6 6 6 6 6 6 6 6 6 6 6 6 8 8 8 8 8 8 8 8 8 8 8 8 8 8 8 4 4 4 4 4 4 4 4 4 ]
l = [ 6 6 6 7 7 7 7 7 7 7 7 7 7 7 7 7 8 8 3 3 3 3 3 3 3 3 3 10 10 10 10 10 10 10 10 10 10 3 3 3 4 4 4 4 6 6 6 6 6 6 6 6 6 6 6 6 8 8 8 8 8 8 8 8 8 8 8 8 8 8 8 4 4 4 4 4 4 4 4 4 ]
Pmin = [ 54 54 54 72 72 72 72 72 72 72 72 72 72 72 72 72 85 85 23 23 23 23 23 23 23 23 23 100 100 100 100 100 100 100 100 100 100 26 26 33 40 40 40 40 62 62 62 62 62 62 62 62 62 62 62 62 85 85 85 85 85 85 85 85 85 85 85 85 85 85 85 40 40 40 40 40 40 40 40 40 ]
Pmax = [ 212 212 212 283 283 283 283 283 283 283 283 283 283 283 283 283 333 333 82 82 82 82 82 82 82 82 82 420 420 420 420 420 420 420 420 420 420 74 74 114 138 138 138 138 244 244 244 244 244 244 244 244 244 244 244 244 323 323 323 323 323 323 323 323 323 323 323 323 323 323 323 128 128 128 128 128 128 128 128 128 ]
cf = [ 10.9969 10.9969 10.9969 15.2741 15.2741 15.2741 15.2741 15.2741 15.2741 15.2741 15.2741 15.2741 15.2741 15.2741 15.2741 15.2741 56.7986 56.7986 36.988 36.988 36.988 36.988 36.988 36.988 36.988 36.988 36.988 60.422 60.422 60.422 60.422 60.422 60.422 60.422 60.422 60.422 60.422 8.77012 8.77012 37.4146 7.49331 7.49331 7.49331 7.49331 58.9315 58.9315 58.9315 58.9315 58.9315 58.9315 58.9315 58.9315 58.9315 58.9315 58.9315 58.9315 42.1088 42.1088 42.1088 42.1088 42.1088 42.1088 42.1088 42.1088 42.1088 42.1088 42.1088 42.1088 42.1088 42.1088 42.1088 7.07049 7.07049 7.07049 7.07049 7.07049 7.07049 7.07049 7.07049 7.07049 ]
c0 = [ 161 161 161 194 194 194 194 194 194 194 194 194 194 194 194 194 232 232 66 66 66 66 66 66 66 66 66 250 250 250 250 250 250 250 250 250 250 75 75 102 116 116 116 116 172 172 172 172 172 172 172 172 172 172 172 172 214 214 214 214 214 214 214 214 214 214 214 214 214 214 214 121 121 121 121 121 121 121 121 121 ]
cp = [ 31.0792 31.0792 31.0792 33.0821 33.0821 33.0821 33.0821 33.0821 33.0821 33.0821 33.0821 33.0821 33.0821 33.0821 33.0821 33.0821 15.6378 15.6378 38.7823 38.7823 38.7823 38.7823 38.7823 38.7823 38.7823 38.7823 38.7823 9.28949 9.28949 9.28949 9.28949 9.28949 9.28949 9.28949 9.28949 9.28949 9.28949 38.4245 38.4245 35.7256 30.1987 30.1987 30.1987 30.1987 10.7697 10.7697 10.7697 10.7697 10.7697 10.7697 10.7697 10.7697 10.7697 10.7697 10.7697 10.7697 17.7734 17.7734 17.7734 17.7734 17.7734 17.7734 17.7734 17.7734 17.7734 17.7734 17.7734 17.7734 17.7734 17.7734 17.7734 33.7234 33.7234 33.7234 33.7234 33.7234 33.7234 33.7234 33.7234 33.7234 ]
D = [ 5113 6155 7031 8740 9613 10695 11233 12279 13372 14267 15560 16222 17723 16274 14786 12777 11861 10350 12199 13796 15294 12934 10233 7171 4897 5296 6200 7243 8307 9137 10844 11206 12364 13333 14578 15635 16114 15533 14031 12993 11560 10258 12103 13745 15725 12690 10140 6958 ]
K = 11
nk = [ 1 1 1 2 2 2 2 2 2 2 2 2 2 2 2 2 3 3 4 4 4 4 4 4 4 4 4 5 5 5 5 5 5 5 5 5 5 6 6 7 8 8 8 8 9 9 9 9 9 9 9 9 9 9 9 9 10 10 10 10 10 10 10 10 10 10 10 10 10 10 10 11 11 11 11 11 11 11 11 11 ]
First = [ 1 0 0 1 0 0 0 0 0 0 0 0 0 0 0 0 1 0 1 0 0 0 0 0 0 0 0 1 0 0 0 0 0 0 0 0 0 1 0 1 1 0 0 0 1 0 0 0 0 0 0 0 0 0 0 0 1 0 0 0 0 0 0 0 0 0 0 0 0 0 0 1 0 0 0 0 0 0 0 0 ]
Last = [ 0 0 1 0 0 0 0 0 0 0 0 0 0 0 0 1 0 1 0 0 0 0 0 0 0 0 1 0 0 0 0 0 0 0 0 0 1 0 1 1 0 0 0 1 0 0 0 0 0 0 0 0 0 0 0 1 0 0 0 0 0 0 0 0 0 0 0 0 0 0 1 0 0 0 0 0 0 0 0 1 ]
nS = 1
S = [ 0 1 2 3 4 5 6 7 8 9 10 11 12 13 14 15 16 17 18 19 20 21 22 23 24 25 26 27 28 29 30 31 32 33 34 35 36 37 38 39 40 41 42 43 44 45 46 47 48 49 50 51 52 53 54 55 56 57 58 59 60 61 62 63 64 65 66 67 68 69 70 71 72 73 74 75 76 77 78 79 ]
