n = 80 ; 
T = 48 ; 
Init = [ 1 1 0 0 0 0 0 0 0 0 0 0 0 0 0 0 0 0 0 0 0 0 0 0 0 0 0 0 0 0 0 0 0 1 1 1 1 1 1 1 1 1 1 1 0 0 0 0 0 0 0 0 1 1 1 1 1 1 1 1 1 1 1 1 1 1 1 1 1 1 1 0 0 0 0 0 0 0 0 0 ]
L = [ 5 5 3 3 3 3 3 3 3 3 3 3 3 3 4 4 4 4 4 4 10 10 10 10 10 10 10 10 10 10 10 10 10 8 8 8 8 8 8 8 8 8 8 8 3 3 3 3 3 3 3 3 8 8 8 8 8 8 8 6 6 6 6 6 6 6 6 6 6 6 6 9 9 9 9 9 9 9 9 9 ]
l = [ 5 5 3 3 3 3 3 3 3 3 3 3 3 3 4 4 4 4 4 4 10 10 10 10 10 10 10 10 10 10 10 10 10 8 8 8 8 8 8 8 8 8 8 8 3 3 3 3 3 3 3 3 8 8 8 8 8 8 8 6 6 6 6 6 6 6 6 6 6 6 6 9 9 9 9 9 9 9 9 9 ]
Pmin = [ 61 61 17 17 17 17 17 17 17 17 17 17 17 17 36 36 36 36 36 36 100 100 100 100 100 100 100 100 100 100 100 100 100 85 85 85 90 90 90 90 90 90 90 90 39 39 39 39 39 39 39 39 79 79 79 79 79 79 79 57 57 57 57 57 57 57 57 57 57 57 57 99 99 99 99 99 99 99 99 99 ]
Pmax = [ 226 226 53 53 53 53 53 53 53 53 53 53 53 53 125 125 125 125 125 125 420 420 420 420 420 420 420 420 420 420 420 420 420 337 337 337 335 335 335 335 335 335 335 335 125 125 125 125 125 125 125 125 323 323 323 323 323 323 323 211 211 211 211 211 211 211 211 211 211 211 211 395 395 395 395 395 395 395 395 395 ]
cf = [ 56.381 56.381 30.2043 30.2043 30.2043 30.2043 30.2043 30.2043 30.2043 30.2043 30.2043 30.2043 30.2043 30.2043 25.4885 25.4885 25.4885 25.4885 25.4885 25.4885 22.301 22.301 22.301 22.301 22.301 22.301 22.301 22.301 22.301 22.301 22.301 22.301 22.301 48.2078 48.2078 48.2078 47.7452 47.7452 47.7452 47.7452 47.7452 47.7452 47.7452 47.7452 25.1721 25.1721 25.1721 25.1721 25.1721 25.1721 25.1721 25.1721 31.1343 31.1343 31.1343 31.1343 31.1343 31.1343 31.1343 58.4633 58.4633 58.4633 58.4633 58.4633 58.4633 58.4633 58.4633 58.4633 58.4633 58.4633 58.4633 12.9929 12.9929 12.9929 12.9929 12.9929 12.9929 12.9929 12.9929 12.9929 ]
c0 = [ 162 162 67 67 67 67 67 67 67 67 67 67 67 67 102 102 102 102 102 102 250 250 250 250 250 250 250 250 250 250 250 250 250 220 220 220 240 240 240 240 240 240 240 240 108 108 108 108 108 108 108 108 209 209 209 209 209 209 209 165 165 165 165 165 165 165 165 165 165 165 165 250 250 250 250 250 250 250 250 250 ]
cp = [ 25.1186 25.1186 39.1033 39.1033 39.1033 39.1033 39.1033 39.1033 39.1033 39.1033 39.1033 39.1033 39.1033 39.1033 31.9112 31.9112 31.9112 31.9112 31.9112 31.9112 8.00087 8.00087 8.00087 8.00087 8.00087 8.00087 8.00087 8.00087 8.00087 8.00087 8.00087 8.00087 8.00087 13.5554 13.5554 13.5554 15.7859 15.7859 15.7859 15.7859 15.7859 15.7859 15.7859 15.7859 37.43 37.43 37.43 37.43 37.43 37.43 37.43 37.43 14.2818 14.2818 14.2818 14.2818 14.2818 14.2818 14.2818 29.2647 29.2647 29.2647 29.2647 29.2647 29.2647 29.2647 29.2647 29.2647 29.2647 29.2647 29.2647 10.3103 10.3103 10.3103 10.3103 10.3103 10.3103 10.3103 10.3103 10.3103 ]
D = [ 4474 5802 6731 7509 8520 10316 11047 11775 13518 14575 15805 16536 17810 16231 14672 13669 12065 10469 12792 14045 15973 13004 9993 7089 4107 5709 6707 8116 8744 10245 11577 12098 13241 15025 16201 17312 18423 16390 14834 12892 11489 9494 11504 13250 14388 11887 9797 7663 ]
K = 10
nk = [ 1 1 2 2 2 2 2 2 2 2 2 2 2 2 3 3 3 3 3 3 4 4 4 4 4 4 4 4 4 4 4 4 4 5 5 5 6 6 6 6 6 6 6 6 7 7 7 7 7 7 7 7 8 8 8 8 8 8 8 9 9 9 9 9 9 9 9 9 9 9 9 10 10 10 10 10 10 10 10 10 ]
First = [ 1 0 1 0 0 0 0 0 0 0 0 0 0 0 1 0 0 0 0 0 1 0 0 0 0 0 0 0 0 0 0 0 0 1 0 0 1 0 0 0 0 0 0 0 1 0 0 0 0 0 0 0 1 0 0 0 0 0 0 1 0 0 0 0 0 0 0 0 0 0 0 1 0 0 0 0 0 0 0 0 ]
Last = [ 0 1 0 0 0 0 0 0 0 0 0 0 0 1 0 0 0 0 0 1 0 0 0 0 0 0 0 0 0 0 0 0 1 0 0 1 0 0 0 0 0 0 0 1 0 0 0 0 0 0 0 1 0 0 0 0 0 0 1 0 0 0 0 0 0 0 0 0 0 0 1 0 0 0 0 0 0 0 0 1 ]
nS = 1
S = [ 0 1 2 3 4 5 6 7 8 9 10 11 12 13 14 15 16 17 18 19 20 21 22 23 24 25 26 27 28 29 30 31 32 33 34 35 36 37 38 39 40 41 42 43 44 45 46 47 48 49 50 51 52 53 54 55 56 57 58 59 60 61 62 63 64 65 66 67 68 69 70 71 72 73 74 75 76 77 78 79 ]
