n = 80 ; 
T = 48 ; 
Init = [ 1 1 1 1 1 1 1 1 1 1 1 1 1 1 1 1 1 1 1 1 1 1 1 1 1 1 1 1 1 1 1 1 0 0 0 0 0 0 0 0 0 0 0 0 0 0 0 0 0 0 0 0 0 0 0 0 0 0 0 0 0 0 0 0 0 0 0 1 1 1 1 1 1 1 1 1 1 1 1 1 ]
L = [ 10 10 10 10 10 10 10 10 10 10 9 9 9 9 9 9 9 6 6 6 6 6 6 10 10 10 10 10 10 10 10 10 7 7 7 7 7 7 7 7 7 7 7 7 7 7 7 7 7 7 7 4 4 4 4 4 4 4 7 7 3 3 3 3 3 3 3 6 6 6 6 6 6 6 6 6 6 6 6 6 ]
l = [ 10 10 10 10 10 10 10 10 10 10 9 9 9 9 9 9 9 6 6 6 6 6 6 10 10 10 10 10 10 10 10 10 7 7 7 7 7 7 7 7 7 7 7 7 7 7 7 7 7 7 7 4 4 4 4 4 4 4 7 7 3 3 3 3 3 3 3 6 6 6 6 6 6 6 6 6 6 6 6 6 ]
Pmin = [ 100 100 100 100 100 100 100 100 100 100 96 96 96 96 96 96 96 71 71 71 71 71 71 100 100 100 100 100 100 100 100 100 79 79 79 79 79 79 79 79 79 79 79 79 79 79 79 79 79 79 79 41 41 41 41 41 41 41 77 77 27 27 27 27 27 27 27 72 72 72 72 72 72 72 72 72 72 72 72 72 ]
Pmax = [ 415 415 415 415 415 420 420 420 420 420 377 377 377 377 377 377 377 276 276 276 276 276 276 420 420 420 420 420 420 420 420 420 304 304 304 304 304 304 304 304 304 304 304 304 304 304 304 304 304 304 304 129 129 129 129 129 129 129 301 301 79 79 79 79 79 79 79 257 257 257 257 257 257 257 257 257 257 257 257 257 ]
cf = [ 58.9792 58.9792 58.9792 58.9792 58.9792 43.5612 43.5612 43.5612 43.5612 43.5612 9.99059 9.99059 9.99059 9.99059 9.99059 9.99059 9.99059 49.3012 49.3012 49.3012 49.3012 49.3012 49.3012 40.3018 40.3018 40.3018 40.3018 40.3018 40.3018 40.3018 40.3018 40.3018 10.9184 10.9184 10.9184 10.9184 10.9184 10.9184 10.9184 10.9184 10.9184 10.9184 10.9184 10.9184 10.9184 10.9184 10.9184 10.9184 10.9184 10.9184 10.9184 17.2392 17.2392 17.2392 17.2392 17.2392 17.2392 17.2392 36.2429 36.2429 27.5535 27.5535 27.5535 27.5535 27.5535 27.5535 27.5535 47.0635 47.0635 47.0635 47.0635 47.0635 47.0635 47.0635 47.0635 47.0635 47.0635 47.0635 47.0635 47.0635 ]
c0 = [ 250 250 250 250 250 250 250 250 250 250 243 243 243 243 243 243 243 188 188 188 188 188 188 250 250 250 250 250 250 250 250 250 216 216 216 216 216 216 216 216 216 216 216 216 216 216 216 216 216 216 216 127 127 127 127 127 127 127 210 210 81 81 81 81 81 81 81 186 186 186 186 186 186 186 186 186 186 186 186 186 ]
cp = [ 9.57701 9.57701 9.57701 9.57701 9.57701 10.0895 10.0895 10.0895 10.0895 10.0895 8.84301 8.84301 8.84301 8.84301 8.84301 8.84301 8.84301 22.0499 22.0499 22.0499 22.0499 22.0499 22.0499 12.2609 12.2609 12.2609 12.2609 12.2609 12.2609 12.2609 12.2609 12.2609 18.2226 18.2226 18.2226 18.2226 18.2226 18.2226 18.2226 18.2226 18.2226 18.2226 18.2226 18.2226 18.2226 18.2226 18.2226 18.2226 18.2226 18.2226 18.2226 29.9277 29.9277 29.9277 29.9277 29.9277 29.9277 29.9277 22.5754 22.5754 25.8197 25.8197 25.8197 25.8197 25.8197 25.8197 25.8197 33.2204 33.2204 33.2204 33.2204 33.2204 33.2204 33.2204 33.2204 33.2204 33.2204 33.2204 33.2204 33.2204 ]
D = [ 5507 6529 7630 8917 10127 11620 12547 14182 14830 16003 17803 18828 19782 18170 16138 14750 13649 12106 13915 15462 17493 14314 11002 8366 4818 5698 7680 8301 9988 11088 12624 13634 14430 16370 17734 18470 20041 18415 17026 14910 13833 11765 14777 16513 18794 15363 13013 10343 ]
K = 10
nk = [ 1 1 1 1 1 2 2 2 2 2 3 3 3 3 3 3 3 4 4 4 4 4 4 5 5 5 5 5 5 5 5 5 6 6 6 6 6 6 6 6 6 6 6 6 6 6 6 6 6 6 6 7 7 7 7 7 7 7 8 8 9 9 9 9 9 9 9 10 10 10 10 10 10 10 10 10 10 10 10 10 ]
First = [ 1 0 0 0 0 1 0 0 0 0 1 0 0 0 0 0 0 1 0 0 0 0 0 1 0 0 0 0 0 0 0 0 1 0 0 0 0 0 0 0 0 0 0 0 0 0 0 0 0 0 0 1 0 0 0 0 0 0 1 0 1 0 0 0 0 0 0 1 0 0 0 0 0 0 0 0 0 0 0 0 ]
Last = [ 0 0 0 0 1 0 0 0 0 1 0 0 0 0 0 0 1 0 0 0 0 0 1 0 0 0 0 0 0 0 0 1 0 0 0 0 0 0 0 0 0 0 0 0 0 0 0 0 0 0 1 0 0 0 0 0 0 1 0 1 0 0 0 0 0 0 1 0 0 0 0 0 0 0 0 0 0 0 0 1 ]
nS = 1
S = [ 0 1 2 3 4 5 6 7 8 9 10 11 12 13 14 15 16 17 18 19 20 21 22 23 24 25 26 27 28 29 30 31 32 33 34 35 36 37 38 39 40 41 42 43 44 45 46 47 48 49 50 51 52 53 54 55 56 57 58 59 60 61 62 63 64 65 66 67 68 69 70 71 72 73 74 75 76 77 78 79 ]
