n = 80 ; 
T = 48 ; 
Init = [ 1 1 1 1 1 1 1 1 1 1 1 1 1 1 1 0 0 0 0 0 0 0 0 0 0 0 0 0 0 0 0 0 0 0 0 0 1 1 1 1 1 1 1 1 1 1 1 1 1 1 1 1 1 1 1 1 1 1 1 1 1 1 1 1 1 1 1 1 1 1 1 1 0 0 0 0 0 0 0 0 ]
L = [ 2 7 7 7 7 4 4 4 4 4 4 4 4 4 4 6 6 6 6 6 6 6 6 6 6 6 6 6 6 6 6 6 6 6 6 7 4 4 4 4 4 4 4 4 4 4 4 4 4 4 7 7 7 7 7 7 7 7 7 7 7 7 7 7 7 7 3 3 3 3 3 3 5 5 5 5 5 5 5 5 ]
l = [ 2 7 7 7 7 4 4 4 4 4 4 4 4 4 4 6 6 6 6 6 6 6 6 6 6 6 6 6 6 6 6 6 6 6 6 7 4 4 4 4 4 4 4 4 4 4 4 4 4 4 7 7 7 7 7 7 7 7 7 7 7 7 7 7 7 7 3 3 3 3 3 3 5 5 5 5 5 5 5 5 ]
Pmin = [ 25 71 71 71 71 31 31 31 31 31 31 31 31 31 31 65 65 65 65 65 65 65 65 65 65 65 65 65 65 65 65 65 65 65 65 75 33 33 33 33 33 33 33 33 33 33 33 33 33 33 70 70 70 70 70 70 70 70 70 70 70 70 70 70 70 70 23 23 23 23 23 23 45 45 45 45 45 45 45 45 ]
Pmax = [ 72 284 284 284 284 120 120 120 120 120 120 120 120 120 120 257 257 257 257 257 257 257 257 257 257 257 257 257 257 257 257 257 257 257 257 290 124 124 124 124 124 124 124 124 124 124 124 124 124 124 284 284 284 284 284 284 284 284 284 284 284 284 284 284 284 284 83 83 83 83 83 83 160 160 160 160 160 160 160 160 ]
cf = [ 40.639 57.7074 57.7074 57.7074 57.7074 8.41608 8.41608 8.41608 8.41608 8.41608 8.41608 8.41608 8.41608 8.41608 8.41608 12.5583 12.5583 12.5583 12.5583 12.5583 12.5583 12.5583 12.5583 12.5583 12.5583 12.5583 12.5583 12.5583 12.5583 12.5583 12.5583 12.5583 12.5583 12.5583 12.5583 55.1038 13.7734 13.7734 13.7734 13.7734 13.7734 13.7734 13.7734 13.7734 13.7734 13.7734 13.7734 13.7734 13.7734 13.7734 11.8809 11.8809 11.8809 11.8809 11.8809 11.8809 11.8809 11.8809 11.8809 11.8809 11.8809 11.8809 11.8809 11.8809 11.8809 11.8809 18.4696 18.4696 18.4696 18.4696 18.4696 18.4696 21.0243 21.0243 21.0243 21.0243 21.0243 21.0243 21.0243 21.0243 ]
c0 = [ 92 184 184 184 184 105 105 105 105 105 105 105 105 105 105 167 167 167 167 167 167 167 167 167 167 167 167 167 167 167 167 167 167 167 167 200 94 94 94 94 94 94 94 94 94 94 94 94 94 94 191 191 191 191 191 191 191 191 191 191 191 191 191 191 191 191 84 84 84 84 84 84 130 130 130 130 130 130 130 130 ]
cp = [ 41.0075 20.625 20.625 20.625 20.625 35.7439 35.7439 35.7439 35.7439 35.7439 35.7439 35.7439 35.7439 35.7439 35.7439 27.857 27.857 27.857 27.857 27.857 27.857 27.857 27.857 27.857 27.857 27.857 27.857 27.857 27.857 27.857 27.857 27.857 27.857 27.857 27.857 24.2968 39.723 39.723 39.723 39.723 39.723 39.723 39.723 39.723 39.723 39.723 39.723 39.723 39.723 39.723 19.0979 19.0979 19.0979 19.0979 19.0979 19.0979 19.0979 19.0979 19.0979 19.0979 19.0979 19.0979 19.0979 19.0979 19.0979 19.0979 38.1324 38.1324 38.1324 38.1324 38.1324 38.1324 31.7708 31.7708 31.7708 31.7708 31.7708 31.7708 31.7708 31.7708 ]
D = [ 3791 4520 5440 6017 6945 7531 8404 9053 9862 10828 11497 12490 13138 11856 11124 9895 8421 7525 9228 10667 12116 9999 7395 5202 3408 4078 4820 5299 6131 7329 7978 8639 9317 10493 11206 12093 12545 11693 10671 9772 8646 7489 9133 10493 11814 9619 7786 6082 ]
K = 9
nk = [ 1 2 2 2 2 3 3 3 3 3 3 3 3 3 3 4 4 4 4 4 4 4 4 4 4 4 4 4 4 4 4 4 4 4 4 5 6 6 6 6 6 6 6 6 6 6 6 6 6 6 7 7 7 7 7 7 7 7 7 7 7 7 7 7 7 7 8 8 8 8 8 8 9 9 9 9 9 9 9 9 ]
First = [ 1 1 0 0 0 1 0 0 0 0 0 0 0 0 0 1 0 0 0 0 0 0 0 0 0 0 0 0 0 0 0 0 0 0 0 1 1 0 0 0 0 0 0 0 0 0 0 0 0 0 1 0 0 0 0 0 0 0 0 0 0 0 0 0 0 0 1 0 0 0 0 0 1 0 0 0 0 0 0 0 ]
Last = [ 1 0 0 0 1 0 0 0 0 0 0 0 0 0 1 0 0 0 0 0 0 0 0 0 0 0 0 0 0 0 0 0 0 0 1 1 0 0 0 0 0 0 0 0 0 0 0 0 0 1 0 0 0 0 0 0 0 0 0 0 0 0 0 0 0 1 0 0 0 0 0 1 0 0 0 0 0 0 0 1 ]
nS = 1
S = [ 0 1 2 3 4 5 6 7 8 9 10 11 12 13 14 15 16 17 18 19 20 21 22 23 24 25 26 27 28 29 30 31 32 33 34 35 36 37 38 39 40 41 42 43 44 45 46 47 48 49 50 51 52 53 54 55 56 57 58 59 60 61 62 63 64 65 66 67 68 69 70 71 72 73 74 75 76 77 78 79 ]
