n = 80 ; 
T = 48 ; 
Init = [ 1 1 1 1 1 1 1 1 1 1 1 1 1 1 1 1 1 1 1 0 0 0 0 0 0 0 0 0 0 1 1 1 1 1 1 1 1 1 1 1 1 1 1 1 1 1 1 0 0 0 0 0 0 0 0 0 0 0 0 0 0 0 0 0 0 0 0 0 0 1 1 1 1 1 1 1 0 0 0 0 ]
L = [ 7 7 7 7 7 7 7 7 4 4 4 4 4 4 4 4 4 4 4 5 5 5 5 5 5 5 5 5 5 8 8 8 8 8 8 8 8 8 8 8 8 8 5 5 5 5 5 5 7 7 7 7 7 7 7 7 7 7 7 7 6 6 6 6 6 6 6 6 6 8 8 8 8 8 8 8 7 7 7 7 ]
l = [ 7 7 7 7 7 7 7 7 4 4 4 4 4 4 4 4 4 4 4 5 5 5 5 5 5 5 5 5 5 8 8 8 8 8 8 8 8 8 8 8 8 8 5 5 5 5 5 5 7 7 7 7 7 7 7 7 7 7 7 7 6 6 6 6 6 6 6 6 6 8 8 8 8 8 8 8 7 7 7 7 ]
Pmin = [ 75 75 75 75 75 75 75 75 42 42 42 42 42 42 42 42 42 42 42 60 60 60 60 60 60 60 60 60 60 89 89 89 89 89 89 89 89 89 89 89 89 89 61 61 61 61 61 54 77 77 77 77 77 77 77 77 77 77 77 77 74 74 74 74 74 74 74 74 74 79 79 79 79 79 79 79 73 73 73 73 ]
Pmax = [ 306 306 306 306 306 306 306 306 139 139 139 139 139 139 139 139 139 139 139 214 214 214 214 214 214 214 214 214 214 366 366 366 366 366 366 366 366 366 366 366 366 366 217 217 217 217 217 192 288 288 288 288 288 288 288 288 288 288 288 288 273 273 273 273 273 273 273 273 273 311 311 311 311 311 311 311 292 292 292 292 ]
cf = [ 67.4976 67.4976 67.4976 67.4976 67.4976 67.4976 67.4976 67.4976 10.1261 10.1261 10.1261 10.1261 10.1261 10.1261 10.1261 10.1261 10.1261 10.1261 10.1261 9.43077 9.43077 9.43077 9.43077 9.43077 9.43077 9.43077 9.43077 9.43077 9.43077 27.132 27.132 27.132 27.132 27.132 27.132 27.132 27.132 27.132 27.132 27.132 27.132 27.132 17.0204 17.0204 17.0204 17.0204 17.0204 18.7776 11.2972 11.2972 11.2972 11.2972 11.2972 11.2972 11.2972 11.2972 11.2972 11.2972 11.2972 11.2972 25.2863 25.2863 25.2863 25.2863 25.2863 25.2863 25.2863 25.2863 25.2863 7.21172 7.21172 7.21172 7.21172 7.21172 7.21172 7.21172 13.3153 13.3153 13.3153 13.3153 ]
c0 = [ 198 198 198 198 198 198 198 198 132 132 132 132 132 132 132 132 132 132 132 171 171 171 171 171 171 171 171 171 171 240 240 240 240 240 240 240 240 240 240 240 240 240 159 159 159 159 159 141 199 199 199 199 199 199 199 199 199 199 199 199 193 193 193 193 193 193 193 193 193 202 202 202 202 202 202 202 201 201 201 201 ]
cp = [ 22.7197 22.7197 22.7197 22.7197 22.7197 22.7197 22.7197 22.7197 28.2306 28.2306 28.2306 28.2306 28.2306 28.2306 28.2306 28.2306 28.2306 28.2306 28.2306 31.2672 31.2672 31.2672 31.2672 31.2672 31.2672 31.2672 31.2672 31.2672 31.2672 16.1664 16.1664 16.1664 16.1664 16.1664 16.1664 16.1664 16.1664 16.1664 16.1664 16.1664 16.1664 16.1664 31.103 31.103 31.103 31.103 31.103 17.539 16.9477 16.9477 16.9477 16.9477 16.9477 16.9477 16.9477 16.9477 16.9477 16.9477 16.9477 16.9477 20.4574 20.4574 20.4574 20.4574 20.4574 20.4574 20.4574 20.4574 20.4574 21.6114 21.6114 21.6114 21.6114 21.6114 21.6114 21.6114 15.8669 15.8669 15.8669 15.8669 ]
D = [ 4999 6673 7657 8623 9575 10369 11582 13208 14184 15631 16751 17662 18337 16878 15606 13780 12678 10730 13305 15328 16912 13845 11320 8404 5795 6643 7660 8690 10256 11117 11977 13215 14167 14675 15767 17044 17550 15939 15133 13193 11816 9833 12039 14817 17249 14503 11035 8047 ]
K = 10
nk = [ 1 1 1 1 1 1 1 1 2 2 2 2 2 2 2 2 2 2 2 3 3 3 3 3 3 3 3 3 3 4 4 4 4 4 4 4 4 4 4 4 4 4 5 5 5 5 5 6 7 7 7 7 7 7 7 7 7 7 7 7 8 8 8 8 8 8 8 8 8 9 9 9 9 9 9 9 10 10 10 10 ]
First = [ 1 0 0 0 0 0 0 0 1 0 0 0 0 0 0 0 0 0 0 1 0 0 0 0 0 0 0 0 0 1 0 0 0 0 0 0 0 0 0 0 0 0 1 0 0 0 0 1 1 0 0 0 0 0 0 0 0 0 0 0 1 0 0 0 0 0 0 0 0 1 0 0 0 0 0 0 1 0 0 0 ]
Last = [ 0 0 0 0 0 0 0 1 0 0 0 0 0 0 0 0 0 0 1 0 0 0 0 0 0 0 0 0 1 0 0 0 0 0 0 0 0 0 0 0 0 1 0 0 0 0 1 1 0 0 0 0 0 0 0 0 0 0 0 1 0 0 0 0 0 0 0 0 1 0 0 0 0 0 0 1 0 0 0 1 ]
nS = 1
S = [ 0 1 2 3 4 5 6 7 8 9 10 11 12 13 14 15 16 17 18 19 20 21 22 23 24 25 26 27 28 29 30 31 32 33 34 35 36 37 38 39 40 41 42 43 44 45 46 47 48 49 50 51 52 53 54 55 56 57 58 59 60 61 62 63 64 65 66 67 68 69 70 71 72 73 74 75 76 77 78 79 ]
